3.249470636616432276e-03,8.414091030452883549e-03,0.000000000000000000e+00,1.081206210872171121e-02,4.317804029568348377e-03,3.479440390449217973e-03,0.000000000000000000e+00,6.435863600751914361e-03,6.741615833833748857e-03,5.291922383695907631e-03,0.000000000000000000e+00,9.382894992753432542e-03,2.028035029680821250e-02,8.475001512091398168e-03,9.259269713866433507e-03,4.279115208045452395e-03,7.855864313038004101e-03,7.275517966446146643e-03,2.998205670034958387e-03,5.743078833006968510e-03,8.544715654361611373e-03
0.000000000000000000e+00,1.620902351236857414e-02,2.690713039155112965e-02,4.973354171187306660e-03,3.235567622094672607e-02,2.545223739278517847e-03,6.166886896576197728e-03,0.000000000000000000e+00,8.578097044328020226e-03,3.596616156745871019e-03,2.126063358768730260e-02,0.000000000000000000e+00,4.716460344090315712e-03,0.000000000000000000e+00,4.655742869099599619e-03,8.770852977566665626e-03,9.643975471366878632e-03,7.978845213018084109e-03,7.055837470990830237e-03,6.637922099711380738e-03,2.459873812447687172e-02
1.408805400923014185e-02,0.000000000000000000e+00,7.961398065174402072e-03,7.101593273201941767e-03,3.119843499388051927e-03,2.660211413250435173e-03,1.795358793426377053e-02,7.428392779259376452e-03,9.451669212859847152e-03,6.073509385400239872e-03,6.442398860534778206e-03,5.944158432505043665e-03,3.957606569329238932e-02,1.295844953275197657e-02,8.149027621973203503e-03,0.000000000000000000e+00,3.968176599400584197e-03,2.960458369042732584e-03,1.285469084343801235e-02,1.140365918227226501e-02,2.221228759208087461e-02
4.747903747025512128e-03,0.000000000000000000e+00,0.000000000000000000e+00,8.258109456235214127e-03,1.019558822350859553e-02,3.672297022392952658e-03,2.895303860426035394e-02,7.263022251338560262e-03,6.766805378902311305e-03,0.000000000000000000e+00,6.756189717328127571e-03,1.052593719051269673e-02,7.591395682198983849e-03,0.000000000000000000e+00,5.620445751759915558e-03,1.098598701734755656e-02,1.135244504516360990e-02,3.043981657128928386e-03,3.513136567021442423e-03,7.889561248977678548e-03,6.604350217248537019e-03
5.674340503630522642e-03,1.104198431057121059e-02,6.648369758888165310e-03,6.777296870621985457e-03,7.197649849153111949e-03,1.225967498997795196e-02,1.224943521598090626e-02,0.000000000000000000e+00,1.059174330849772805e-02,8.784193327859931080e-03,6.978983662594070991e-02,1.111530753093213988e-02,6.408778620103812440e-03,0.000000000000000000e+00,6.004519524776441748e-03,0.000000000000000000e+00,6.872858371857177781e-03,1.161520606095529755e-02,8.400698104963952306e-03,6.793320657916970297e-03,4.829623358707959072e-03
0.000000000000000000e+00,0.000000000000000000e+00,5.104728173185773231e-03,0.000000000000000000e+00,9.275245031315913075e-03,7.092601401658255034e-02,1.363009008748311025e-02,0.000000000000000000e+00,8.207040922077227588e-03,9.648828296798618587e-03,9.049389523584826234e-03,3.456644926844626691e-03,1.148192429306861377e-02,3.957233700060729976e-03,1.914915211978740137e-02,6.995832171111941895e-03,2.007080298972898150e-02,4.759394896898030795e-03,7.527435222818616711e-03,1.226686875012484614e-02,1.759022820350426147e-02
0.000000000000000000e+00,0.000000000000000000e+00,1.051015420170098823e-02,2.152987791928574063e-02,3.269116229809539836e-02,5.773510953888730257e-02,1.498055086978080687e-02,9.889869528741945109e-03,6.187571023013214815e-03,1.265317660007081804e-02,8.236726085771512926e-03,1.067894310521300648e-02,8.690406624592679138e-03,0.000000000000000000e+00,8.073242764374023717e-03,8.956241879651324206e-03,1.055117297580265498e-02,1.257007178322501646e-02,3.358426831838014128e-03,1.669234771141607510e-02,2.084010689614737566e-02
0.000000000000000000e+00,6.145835241746853972e-03,0.000000000000000000e+00,1.633973098737652799e-02,3.262696175912423169e-02,1.509415422739718987e-02,0.000000000000000000e+00,7.348826179561836029e-03,3.789835935329673167e-03,0.000000000000000000e+00,4.089562757198365352e-03,0.000000000000000000e+00,0.000000000000000000e+00,0.000000000000000000e+00,4.246729877548724962e-03,3.054606289636313272e-03,2.744589528535240283e-02,5.551760039856203609e-03,5.906529639094903507e-03,0.000000000000000000e+00,4.238827609846078717e-03
0.000000000000000000e+00,0.000000000000000000e+00,1.349664422668532017e-02,6.860558309137027022e-02,8.639829745820391468e-03,1.066197790124789359e-02,9.884306611605400694e-03,1.989549387399201091e-02,5.847840404138461394e-03,5.514809528035902186e-03,6.105196268201262648e-03,1.423429326624580174e-02,9.516580962705312174e-02,0.000000000000000000e+00,9.048086339582027751e-03,1.014380138978271916e-02,7.469709125842399593e-03,5.257748185859984109e-03,1.309282259973027981e-02,0.000000000000000000e+00,8.277093838525748093e-03
0.000000000000000000e+00,9.370279270394013191e-03,7.446904297036641661e-03,8.312773287359135482e-03,3.864885939114574495e-03,7.667667743551811674e-03,0.000000000000000000e+00,7.036805720201448969e-03,9.134803535382650039e-03,5.970924299491051600e-03,4.429585222980804600e-03,0.000000000000000000e+00,0.000000000000000000e+00,1.272762917785287724e-02,6.724454770176629438e-03,1.272521432306171832e-02,9.913048054781660803e-03,0.000000000000000000e+00,7.037559415464920802e-03,0.000000000000000000e+00,0.000000000000000000e+00
1.513988436817982099e-02,4.963252921631741872e-03,0.000000000000000000e+00,1.020259710859791960e-02,1.480349638633228666e-02,5.447289704408032895e-03,0.000000000000000000e+00,2.003551203532955710e-02,5.816735913272103736e-03,7.015962327645318582e-03,1.266219716546243892e-02,9.821411647640819823e-03,0.000000000000000000e+00,1.066580895941515034e-02,5.707474095147095638e-03,5.188160088139603075e-03,7.323815023428667005e-03,5.544449593774833894e-03,2.401049400547184548e-02,3.423911680812203456e-02,0.000000000000000000e+00
4.723038108915163930e-03,3.849590498497274665e-02,0.000000000000000000e+00,0.000000000000000000e+00,9.982862635298253573e-03,1.079810632771951995e-02,0.000000000000000000e+00,0.000000000000000000e+00,0.000000000000000000e+00,6.801415231982447032e-03,9.176837040275713508e-03,1.262049620789137960e-02,8.845467684877856770e-03,5.077985400997964138e-03,0.000000000000000000e+00,3.496046889089849535e-03,3.257062799063022152e-02,0.000000000000000000e+00,1.012391094622867339e-02,0.000000000000000000e+00,0.000000000000000000e+00
6.514369465023830963e-03,0.000000000000000000e+00,5.663739870464197350e-03,4.784787523209773664e-03,3.424114998240306625e-03,8.063905636065895818e-03,9.927967681002531491e-03,0.000000000000000000e+00,0.000000000000000000e+00,7.275363691903491935e-03,0.000000000000000000e+00,7.306831165972198401e-03,8.470416644313444321e-03,0.000000000000000000e+00,0.000000000000000000e+00,6.495956158224411650e-03,3.461893754622474926e-03,0.000000000000000000e+00,8.452514342152307736e-03,0.000000000000000000e+00,0.000000000000000000e+00
2.510899789637543664e-02,0.000000000000000000e+00,0.000000000000000000e+00,0.000000000000000000e+00,0.000000000000000000e+00,7.549803247187299171e-03,0.000000000000000000e+00,0.000000000000000000e+00,1.099460446130432964e-02,7.699088847271253790e-03,0.000000000000000000e+00,4.658366331421840562e-02,6.997759749183044692e-03,0.000000000000000000e+00,3.435233088477981662e-03,1.344562003302863726e-02,6.060662327589101325e-03,1.209601308373633478e-02,6.522189306033436725e-03,0.000000000000000000e+00,0.000000000000000000e+00
7.946032317139510581e-02,0.000000000000000000e+00,2.466712925986651317e-02,4.533599660828874396e-03,1.001701295524159291e-02,0.000000000000000000e+00,3.436457576860200980e-02,0.000000000000000000e+00,8.584667999023458396e-03,7.067147244739050392e-03,9.182199045973369472e-03,2.093019700500511893e-02,9.753711063706791556e-03,1.085823060898546272e-02,5.769970965594110011e-03,4.966717126111725930e-03,4.778928974556749532e-03,1.473439753167188337e-02,1.120870793432509477e-02,0.000000000000000000e+00,0.000000000000000000e+00
7.417854954198960064e-03,1.006023551691075275e-02,0.000000000000000000e+00,3.000258673852603062e-03,6.303161184481125522e-03,4.954119795944011105e-03,0.000000000000000000e+00,9.175176116205470758e-03,9.541354435299187475e-03,4.887779223017690335e-03,0.000000000000000000e+00,6.682790750612470701e-03,6.665618199670618471e-03,1.669753889150768587e-03,1.133647775004734994e-02,8.608854415272197691e-03,6.237089554469303285e-03,5.934595805027941852e-03,3.506409375779002795e-03,7.251995087518121885e-03,3.133397106229632734e-03
6.224687780102679084e-03,1.083870485966384467e-02,0.000000000000000000e+00,0.000000000000000000e+00,0.000000000000000000e+00,1.025465863189126310e-02,0.000000000000000000e+00,0.000000000000000000e+00,5.947683287056378283e-03,5.450507842581598511e-03,0.000000000000000000e+00,9.017567159796732040e-03,1.267793202051356941e-02,0.000000000000000000e+00,0.000000000000000000e+00,6.818206485825790454e-03,9.692285126154887021e-03,5.035286150920440136e-03,3.109504263841640723e-03,0.000000000000000000e+00,3.368570469657638372e-02
1.105303614317776004e-02,3.264055556666952546e-02,0.000000000000000000e+00,5.750253504388303134e-03,5.275360570915694700e-03,6.789637506390148840e-03,0.000000000000000000e+00,0.000000000000000000e+00,4.525049188773676116e-03,1.435621698780354880e-02,8.223719887000446177e-03,0.000000000000000000e+00,0.000000000000000000e+00,5.570057730801272582e-03,1.019289606429042185e-02,1.472216913981397833e-02,0.000000000000000000e+00,3.718035868828183099e-02,0.000000000000000000e+00,0.000000000000000000e+00,6.398553866393492072e-03
0.000000000000000000e+00,9.400771335286252361e-03,0.000000000000000000e+00,9.047504819019364097e-03,3.151587716976134677e-03,5.662916417414110698e-03,0.000000000000000000e+00,7.647321249539473613e-03,9.567157465464243282e-03,6.260844493132769646e-03,8.315314273760978162e-03,7.642645631218136781e-03,0.000000000000000000e+00,0.000000000000000000e+00,7.990190183388834813e-03,7.774790808151763565e-03,7.961550018347793300e-03,9.514917787326557588e-03,5.202029482319537115e-03,7.219268162347701294e-03,3.608608367219377864e-03
7.064370429526013219e-03,0.000000000000000000e+00,0.000000000000000000e+00,9.950916024180524525e-03,0.000000000000000000e+00,4.710782060835251063e-03,0.000000000000000000e+00,7.379019186597094229e-03,0.000000000000000000e+00,6.995257512941052865e-03,0.000000000000000000e+00,3.998929745845795219e-02,0.000000000000000000e+00,9.469974836888215772e-03,7.936916519736594497e-03,7.528781499325147217e-03,1.235187534522419993e-02,0.000000000000000000e+00,8.419556155146043497e-03,2.173244128294686550e-02,1.862185751221897417e-02
0.000000000000000000e+00,0.000000000000000000e+00,6.116480954715198919e-03,0.000000000000000000e+00,0.000000000000000000e+00,1.067895747869105835e-02,8.516368819409312826e-03,0.000000000000000000e+00,9.292861107416143171e-03,3.063735105544442699e-03,1.530677309333172004e-02,6.055074077616396516e-03,0.000000000000000000e+00,4.276399173886585858e-02,5.373598865387818092e-03,9.060095816207388783e-03,1.040060176321401866e-02,8.127444089976388480e-03,7.088393664414560646e-02,5.535990256937882610e-03,8.310633048762425951e-03
1.869408077617785296e-02,0.000000000000000000e+00,0.000000000000000000e+00,0.000000000000000000e+00,6.846045033084655063e-02,1.989996406292523709e-02,1.935738909690927489e-02,0.000000000000000000e+00,0.000000000000000000e+00,1.438270131545485442e-02,7.618661328941488120e-02,1.128400360045248886e-02,6.548402257024163280e-03,0.000000000000000000e+00,1.400024561368351690e-02,0.000000000000000000e+00,4.551618649549191674e-03,0.000000000000000000e+00,0.000000000000000000e+00,0.000000000000000000e+00,0.000000000000000000e+00
1.785340355694339798e-02,0.000000000000000000e+00,0.000000000000000000e+00,1.050340660678904768e-02,7.869227069419702097e-03,1.342627224902819341e-02,0.000000000000000000e+00,1.381352471590553341e-02,7.941844465007832574e-03,7.811376674975997920e-03,8.338112529886792385e-03,0.000000000000000000e+00,3.759775435768811583e-03,0.000000000000000000e+00,5.642727490825811577e-03,7.041980969343539232e-03,4.936623564494525135e-03,1.076329065195839700e-02,1.320196382741511444e-02,0.000000000000000000e+00,0.000000000000000000e+00
6.576346838023907487e-03,0.000000000000000000e+00,0.000000000000000000e+00,0.000000000000000000e+00,0.000000000000000000e+00,8.087368972782104162e-03,1.558945872729244723e-02,0.000000000000000000e+00,8.057441423767634087e-03,0.000000000000000000e+00,7.864867807192879590e-03,8.132738989885509098e-03,8.614775438558079645e-02,0.000000000000000000e+00,6.735595623688125054e-03,7.272179231963454664e-03,0.000000000000000000e+00,8.210059363241904024e-03,0.000000000000000000e+00,0.000000000000000000e+00,6.365428640865806835e-03
5.270550807876731372e-03,0.000000000000000000e+00,1.971134263462911290e-02,0.000000000000000000e+00,0.000000000000000000e+00,1.322166648097439570e-02,0.000000000000000000e+00,0.000000000000000000e+00,8.976947194741412978e-03,1.063142366133918576e-02,1.330024296860060802e-02,0.000000000000000000e+00,0.000000000000000000e+00,1.207687266779186412e-02,6.172783059429174518e-03,4.935514943759419793e-03,1.070386735104950950e-02,1.769327538931651095e-02,7.989943806117297265e-03,0.000000000000000000e+00,1.301525016247561187e-02
0.000000000000000000e+00,1.074106035721516389e-02,7.869309656674004783e-03,7.168363472886703398e-03,0.000000000000000000e+00,5.331535123866199509e-03,0.000000000000000000e+00,0.000000000000000000e+00,0.000000000000000000e+00,7.920769625435813630e-03,4.158806853244933176e-03,0.000000000000000000e+00,0.000000000000000000e+00,6.830702450441246930e-03,6.381667407133193200e-03,3.279298634882446030e-03,7.843031447514359211e-03,1.061841876619996905e-02,0.000000000000000000e+00,1.293697557163143996e-02,7.972482519141970217e-03
1.014972115047259316e-02,9.771279730193167118e-03,0.000000000000000000e+00,1.025534693547969778e-01,7.456925813070262692e-03,5.716865495359104224e-03,1.319535796304537739e-02,0.000000000000000000e+00,9.964714026491565402e-03,5.721948354405117371e-03,7.619069624980756399e-03,4.150862334901289814e-03,1.172171179336347138e-02,7.625497297219147909e-03,9.514306298607503459e-03,8.223891848574834199e-03,5.988986862132207600e-03,6.938126636222256491e-03,7.867414061180806606e-03,0.000000000000000000e+00,1.928108877325612064e-02
0.000000000000000000e+00,9.400851961722413511e-03,0.000000000000000000e+00,9.446620947505701693e-03,6.618050332290957224e-03,5.700551354238283554e-03,0.000000000000000000e+00,0.000000000000000000e+00,0.000000000000000000e+00,0.000000000000000000e+00,4.212137382741060546e-03,1.002466154350148235e-02,0.000000000000000000e+00,5.952529179679714490e-03,1.064470246785373039e-02,1.546929291480106210e-02,1.740115026761678702e-02,1.727469223978028712e-02,8.844255411847780357e-03,1.078052529494786388e-02,8.126496327245585211e-03
0.000000000000000000e+00,0.000000000000000000e+00,0.000000000000000000e+00,1.435606196848658242e-02,1.088605637406576086e-02,4.061973941941132704e-03,7.625802520848479031e-03,0.000000000000000000e+00,0.000000000000000000e+00,6.853931737644346385e-03,2.471700088522183793e-03,3.880335571409723305e-03,2.999481841464631329e-02,4.591037117091949921e-03,7.084523894848412939e-03,6.712367923514601063e-03,7.908022666567697534e-03,3.501065832348541039e-03,0.000000000000000000e+00,8.007415136006897083e-03,0.000000000000000000e+00
1.805867953841674978e-02,0.000000000000000000e+00,6.596969749939792828e-03,0.000000000000000000e+00,1.205166542082643233e-02,8.363654380122183610e-03,1.124721356506002551e-02,1.223587371023323635e-02,0.000000000000000000e+00,1.216724222316608976e-02,0.000000000000000000e+00,8.521965090570467194e-03,7.691757332377591183e-03,4.356109544044051499e-03,1.049623870044372534e-02,9.005795185884211268e-03,1.368491479169066209e-02,0.000000000000000000e+00,0.000000000000000000e+00,6.439028771651086197e-03,0.000000000000000000e+00
8.894395199975218061e-03,0.000000000000000000e+00,0.000000000000000000e+00,1.165339069981403616e-02,0.000000000000000000e+00,9.447316910229590359e-03,2.040407257921043188e-02,1.302513649569064097e-02,6.923385803682490999e-03,6.383745810443977250e-03,9.868254683800333979e-03,0.000000000000000000e+00,6.078658987085802656e-03,4.146856479733892348e-03,5.801896219317137331e-03,6.502409395153990052e-03,2.116980144174236689e-02,1.268685080189891484e-02,4.918897712445208931e-03,1.679897502265928141e-02,2.852109965846044443e-03
0.000000000000000000e+00,0.000000000000000000e+00,2.250821749217564449e-02,8.692047136205756364e-03,0.000000000000000000e+00,1.174955801858672787e-02,0.000000000000000000e+00,1.133725825242477142e-02,0.000000000000000000e+00,9.930381831006794904e-03,9.929226034713960203e-03,0.000000000000000000e+00,0.000000000000000000e+00,0.000000000000000000e+00,5.123504872052122433e-03,1.172559301870857232e-02,2.721929480203131701e-03,1.701576405212284343e-02,1.309029187750394840e-02,0.000000000000000000e+00,6.099536170386923341e-03
7.466992845455983421e-03,4.009233340277965074e-02,5.055730596213264989e-03,3.270022378288713321e-03,3.293318838011783604e-03,4.810509233386584503e-03,0.000000000000000000e+00,6.759713929053956689e-03,2.936530623663583580e-03,6.489853308822668247e-03,8.842593601614557805e-03,0.000000000000000000e+00,1.043947781652505673e-02,1.075903188500971358e-02,0.000000000000000000e+00,3.832672705968125614e-03,4.626932453318387435e-03,6.568785413787661849e-03,5.622089320336701862e-03,8.262376779664152779e-03,1.188950591598677414e-02
6.808690426280745132e-03,8.001184533446467281e-03,1.367964125285451790e-02,8.524669690968400895e-03,0.000000000000000000e+00,4.968144984697556860e-03,1.172583928597242982e-02,1.268573558195244984e-02,6.505316572945820698e-03,4.216775180221028069e-03,2.695313832710301283e-03,0.000000000000000000e+00,0.000000000000000000e+00,5.986124045709889652e-03,6.748366356366514857e-03,3.656475185930668607e-03,0.000000000000000000e+00,5.617318037637837776e-03,9.384723590685848521e-03,0.000000000000000000e+00,8.574661048345416994e-03
5.845962345624133166e-03,1.192681835456389609e-02,1.321578677493346309e-02,7.842319807956559669e-03,0.000000000000000000e+00,5.503404696504559691e-03,9.756090188802883298e-03,0.000000000000000000e+00,7.026651627364239629e-03,9.406777917487878921e-03,7.982915390212572473e-03,0.000000000000000000e+00,0.000000000000000000e+00,1.640796256738314557e-02,1.060994401400444653e-02,1.342069906450400925e-02,0.000000000000000000e+00,8.346121538569459611e-03,0.000000000000000000e+00,0.000000000000000000e+00,0.000000000000000000e+00
6.405468026224775055e-03,0.000000000000000000e+00,6.826415540223126389e-03,0.000000000000000000e+00,5.009345733844298987e-02,4.349782233351627905e-03,0.000000000000000000e+00,0.000000000000000000e+00,8.643373360644685324e-03,0.000000000000000000e+00,3.678273108664808621e-03,4.999556957204412573e-03,0.000000000000000000e+00,6.588793730008940357e-03,7.739992997744490552e-03,9.997524999533139237e-03,0.000000000000000000e+00,2.582469989587571173e-03,4.137596934667586712e-03,1.042396176405073656e-02,1.793364943391276278e-02
6.222137767333268954e-03,1.046083463620307852e-02,5.375253729139318343e-03,2.719428419240679361e-03,1.338425275077451820e-02,8.877702642917336892e-03,7.428498928963921805e-03,1.708797552830498834e-02,3.757397380812984005e-03,3.226689823867198888e-03,1.797044968702352433e-02,0.000000000000000000e+00,1.810761839598123285e-02,7.474945456300072580e-03,1.162745785259511506e-02,4.926746975541264166e-03,6.390063397349799411e-03,9.811517725192323361e-03,1.085355394343935284e-02,8.264191466797137994e-03,1.840022147105038405e-02
0.000000000000000000e+00,0.000000000000000000e+00,1.439452828762122563e-02,1.062346625005248721e-02,7.727490328332483650e-03,1.660196626754604360e-02,9.365590527686352973e-03,0.000000000000000000e+00,0.000000000000000000e+00,1.390852090510893459e-02,1.260406256017249614e-02,0.000000000000000000e+00,1.493540055551042557e-02,1.270814821806269014e-02,0.000000000000000000e+00,2.345289627753393072e-02,1.126035587653576205e-02,9.795793099088657974e-03,0.000000000000000000e+00,1.798639755135328366e-02,1.840014165455062037e-02
0.000000000000000000e+00,0.000000000000000000e+00,0.000000000000000000e+00,2.508789298709503124e-02,1.214648845205300656e-02,1.210928081168574297e-02,7.638487190109659319e-02,8.448316506341957063e-03,7.578927418757646674e-03,1.813686745181665450e-02,0.000000000000000000e+00,1.190862696846942299e-02,0.000000000000000000e+00,7.835704009400687453e-03,7.421982355220397946e-03,9.974972530837294613e-03,3.736078272730954802e-02,0.000000000000000000e+00,1.056739025528308576e-02,5.256059863026141428e-03,0.000000000000000000e+00
0.000000000000000000e+00,1.301592298969169760e-02,1.251083311890130965e-02,0.000000000000000000e+00,8.728674404635433301e-03,1.066367496794313335e-02,0.000000000000000000e+00,3.648443072518087801e-03,8.688482177681750365e-03,3.692757922346013438e-03,6.857074718615821692e-03,1.176719842910706887e-02,0.000000000000000000e+00,6.654864313539647289e-03,1.208657469928241419e-02,5.635628675815627583e-03,2.447212434987459505e-03,0.000000000000000000e+00,7.252730303559366647e-03,0.000000000000000000e+00,7.266380039096392157e-03
0.000000000000000000e+00,1.804709008980246582e-02,0.000000000000000000e+00,1.958665279865936734e-02,1.057194876244536494e-02,0.000000000000000000e+00,3.664055956716857909e-02,0.000000000000000000e+00,1.575906361436857361e-02,1.911340569781867088e-02,4.763375325293106588e-02,0.000000000000000000e+00,0.000000000000000000e+00,0.000000000000000000e+00,1.799662110225439329e-02,1.233946155719177484e-02,1.510058561658868606e-02,1.098388840257364350e-02,1.437925587117626185e-02,2.706652966050126022e-02,2.524394488685649876e-02
1.664126934028519605e-02,0.000000000000000000e+00,0.000000000000000000e+00,1.598508992642503831e-02,0.000000000000000000e+00,1.633910083880842773e-02,0.000000000000000000e+00,0.000000000000000000e+00,5.943812084938877860e-02,2.334581030346559102e-02,0.000000000000000000e+00,0.000000000000000000e+00,0.000000000000000000e+00,0.000000000000000000e+00,1.049094621137251944e-02,2.757286599174479241e-02,1.321056330941590695e-01,0.000000000000000000e+00,1.524047170615938987e-02,0.000000000000000000e+00,1.825592625526229959e-02
0.000000000000000000e+00,0.000000000000000000e+00,9.971682756276929738e-02,0.000000000000000000e+00,0.000000000000000000e+00,0.000000000000000000e+00,1.100449279058307306e-01,0.000000000000000000e+00,3.061186778098928113e-02,1.231253965527315773e-02,2.081473479465926341e-02,0.000000000000000000e+00,0.000000000000000000e+00,0.000000000000000000e+00,0.000000000000000000e+00,6.388080040083728151e-02,0.000000000000000000e+00,1.499525078383519457e-02,1.456708242095586768e-02,0.000000000000000000e+00,0.000000000000000000e+00
1.602420769575783541e-02,0.000000000000000000e+00,0.000000000000000000e+00,2.190611409211489988e-02,1.632141524529878013e-02,2.901778314648538817e-02,5.295611627420024337e-02,0.000000000000000000e+00,2.438354983365311271e-02,2.107179436037851308e-02,0.000000000000000000e+00,0.000000000000000000e+00,2.476139306265659479e-02,1.859607399352090906e-02,0.000000000000000000e+00,1.151454960399430905e-01,0.000000000000000000e+00,1.462081415652668158e-02,0.000000000000000000e+00,0.000000000000000000e+00,0.000000000000000000e+00
1.320000275906091369e-02,0.000000000000000000e+00,1.456457775585675574e-01,2.071413740727898536e-02,9.962410638792303444e-03,1.965434597220469537e-02,0.000000000000000000e+00,0.000000000000000000e+00,4.313075478151619409e-03,4.331209931093995234e-03,0.000000000000000000e+00,9.012962023669229134e-03,1.875069291984259034e-02,0.000000000000000000e+00,1.457634541891430005e-02,1.708838722278319469e-02,0.000000000000000000e+00,0.000000000000000000e+00,1.687461900870125542e-02,1.385633141628947462e-02,0.000000000000000000e+00
8.107537555546640018e-02,2.063826271730347106e-02,0.000000000000000000e+00,3.529126467296782310e-02,1.273886369109638456e-02,1.052552244808660671e-02,0.000000000000000000e+00,0.000000000000000000e+00,1.212514839675808698e-02,2.120437825208161542e-02,0.000000000000000000e+00,0.000000000000000000e+00,0.000000000000000000e+00,0.000000000000000000e+00,1.644100752348268482e-02,6.187366457610299353e-02,0.000000000000000000e+00,0.000000000000000000e+00,1.896321511421095521e-02,0.000000000000000000e+00,0.000000000000000000e+00
0.000000000000000000e+00,3.122300235618704137e-02,0.000000000000000000e+00,1.962616101325596191e-02,0.000000000000000000e+00,1.466658112870980989e-02,9.704924013220504742e-03,0.000000000000000000e+00,1.778360476311949961e-02,1.752539563847024112e-02,2.048031190844479266e-02,0.000000000000000000e+00,0.000000000000000000e+00,2.124912734337613962e-02,1.299090949368839759e-02,1.124392033155217213e-02,1.899087576950297951e-02,1.613089132711498924e-02,0.000000000000000000e+00,0.000000000000000000e+00,0.000000000000000000e+00
9.508204565656175680e-03,9.413633468670625989e-03,0.000000000000000000e+00,0.000000000000000000e+00,0.000000000000000000e+00,1.339032896129940635e-02,0.000000000000000000e+00,9.725958077689837028e-03,1.653942241933924889e-02,0.000000000000000000e+00,3.912978540631931179e-02,1.150415542823261632e-02,0.000000000000000000e+00,0.000000000000000000e+00,0.000000000000000000e+00,9.069483120260618883e-03,1.584176242622603939e-02,7.980045298437874954e-03,0.000000000000000000e+00,0.000000000000000000e+00,2.275072063328766395e-02
1.035258085224366464e-02,6.017370822354130983e-02,0.000000000000000000e+00,2.535923833774263170e-02,2.729713331631102372e-02,9.318407673923658971e-03,0.000000000000000000e+00,0.000000000000000000e+00,3.103556118938145120e-02,1.681801155843255444e-02,0.000000000000000000e+00,0.000000000000000000e+00,0.000000000000000000e+00,0.000000000000000000e+00,2.865314973760098652e-02,0.000000000000000000e+00,1.220793136323597081e-02,1.711150868131723277e-02,0.000000000000000000e+00,1.389044510191740113e-02,0.000000000000000000e+00
1.144773967799841453e-02,0.000000000000000000e+00,1.740059471582668452e-02,1.083123350347360569e-02,7.777643749082344127e-02,1.690522127278986167e-02,0.000000000000000000e+00,0.000000000000000000e+00,1.656071949287806280e-02,1.594374717161717650e-02,0.000000000000000000e+00,0.000000000000000000e+00,0.000000000000000000e+00,0.000000000000000000e+00,9.131793125658503596e-03,2.563003330514320582e-02,1.989615031208777710e-02,1.482470557623273219e-02,0.000000000000000000e+00,0.000000000000000000e+00,1.209109244535927670e-02
1.158258552218212334e-02,1.650289771587729395e-02,1.827587063096424921e-02,0.000000000000000000e+00,2.088166237846129231e-02,0.000000000000000000e+00,8.764905812414562625e-03,1.945386212506059267e-02,0.000000000000000000e+00,1.507790575081975094e-02,1.105963332160970515e-02,1.275484311469880262e-02,0.000000000000000000e+00,0.000000000000000000e+00,1.072165063167403870e-02,9.489276271136401139e-03,1.907209985730375090e-02,1.888888182508134325e-02,1.210107430773576034e-02,0.000000000000000000e+00,0.000000000000000000e+00
9.950316078281354337e-03,8.866622547057756085e-03,0.000000000000000000e+00,9.462848076608028347e-03,0.000000000000000000e+00,8.154425250844652209e-03,7.640212977066656273e-03,0.000000000000000000e+00,7.701953214407470175e-03,0.000000000000000000e+00,0.000000000000000000e+00,7.123639484868792005e-03,1.006193346979433051e-02,7.955545909929946993e-03,0.000000000000000000e+00,1.341432918272040913e-02,8.690321294324548224e-03,1.154312244249117679e-02,8.862662430523651769e-03,0.000000000000000000e+00,0.000000000000000000e+00
1.745679654652589410e-02,2.267343468746749538e-02,0.000000000000000000e+00,0.000000000000000000e+00,0.000000000000000000e+00,0.000000000000000000e+00,1.195391991032997842e-02,1.511044559805559129e-02,0.000000000000000000e+00,1.546702562411239081e-02,0.000000000000000000e+00,1.406298248930577463e-02,0.000000000000000000e+00,0.000000000000000000e+00,1.134632816178265426e-02,2.221876983275725137e-02,1.861617478008265741e-02,1.342547206945036292e-02,3.137919945818302275e-02,3.779050215627087483e-02,1.505886781865087287e-02
0.000000000000000000e+00,0.000000000000000000e+00,0.000000000000000000e+00,1.663933894037390032e-02,0.000000000000000000e+00,1.637974097165741105e-02,0.000000000000000000e+00,0.000000000000000000e+00,6.003437460425857519e-03,0.000000000000000000e+00,0.000000000000000000e+00,0.000000000000000000e+00,0.000000000000000000e+00,1.837369154492678874e-02,0.000000000000000000e+00,1.828455169634683047e-02,1.593505782598907128e-02,0.000000000000000000e+00,7.150338627521905799e-02,2.651709025725054736e-02,0.000000000000000000e+00
8.951862166646144467e-03,5.509922752150744028e-03,0.000000000000000000e+00,0.000000000000000000e+00,0.000000000000000000e+00,1.298289761789809225e-02,1.006760854630659938e-02,0.000000000000000000e+00,1.328859093344804745e-02,1.851989747244183956e-02,2.197111341441275803e-02,0.000000000000000000e+00,0.000000000000000000e+00,7.231534314745670031e-03,9.598941658340822553e-03,3.936349741840173069e-03,4.839703990401763960e-03,0.000000000000000000e+00,0.000000000000000000e+00,0.000000000000000000e+00,0.000000000000000000e+00
4.876745725399084588e-03,0.000000000000000000e+00,0.000000000000000000e+00,9.652362822076186039e-03,8.920141111573904116e-03,0.000000000000000000e+00,0.000000000000000000e+00,0.000000000000000000e+00,0.000000000000000000e+00,9.391710445800302218e-03,9.129072160938198760e-03,0.000000000000000000e+00,1.619693212137408855e-02,2.167395750749667033e-02,6.824836475275955668e-03,0.000000000000000000e+00,0.000000000000000000e+00,7.958973652482015729e-03,1.504913336821879499e-02,0.000000000000000000e+00,0.000000000000000000e+00
0.000000000000000000e+00,2.724666308619378904e-02,0.000000000000000000e+00,0.000000000000000000e+00,5.323160076789843625e-02,1.749905581400403032e-02,0.000000000000000000e+00,0.000000000000000000e+00,0.000000000000000000e+00,1.769571505495763294e-02,0.000000000000000000e+00,0.000000000000000000e+00,0.000000000000000000e+00,0.000000000000000000e+00,0.000000000000000000e+00,2.408937105091475683e-02,0.000000000000000000e+00,0.000000000000000000e+00,1.954513071447121567e-02,0.000000000000000000e+00,0.000000000000000000e+00
1.102471577346668917e-02,0.000000000000000000e+00,0.000000000000000000e+00,0.000000000000000000e+00,9.163556286389377276e-03,1.437996640154581840e-02,0.000000000000000000e+00,0.000000000000000000e+00,0.000000000000000000e+00,1.077067961319322191e-02,0.000000000000000000e+00,0.000000000000000000e+00,1.286500640245261118e-02,0.000000000000000000e+00,8.181161453002436940e-03,1.699226317130535235e-02,0.000000000000000000e+00,4.641475226402831319e-03,0.000000000000000000e+00,0.000000000000000000e+00,0.000000000000000000e+00
0.000000000000000000e+00,1.861098833585013088e-02,0.000000000000000000e+00,1.207589321482282173e-02,0.000000000000000000e+00,2.189547359919615660e-02,7.391696668596807462e-02,1.807606862271160172e-02,8.845179473121368707e-02,2.142618810253941325e-02,1.195418414464729205e-02,0.000000000000000000e+00,2.468759738922469277e-02,2.192539519209232499e-02,1.073500145856421707e-02,1.514764642384980493e-02,1.617709571058396564e-02,0.000000000000000000e+00,0.000000000000000000e+00,7.460860372806278618e-03,1.535971954598060532e-02
1.110297191809271611e-02,2.226972062481800269e-02,0.000000000000000000e+00,1.444535911903563168e-02,6.227570291544549247e-02,1.226351692793981041e-02,0.000000000000000000e+00,0.000000000000000000e+00,1.580970755609937065e-02,1.433738816594544267e-02,0.000000000000000000e+00,0.000000000000000000e+00,2.390438475088116702e-02,1.664711510002390982e-02,1.389438581752355968e-02,1.219188936755815321e-02,1.351692711605652179e-02,2.224162189617119242e-02,1.579367059980161733e-02,0.000000000000000000e+00,0.000000000000000000e+00
2.069105450305917110e-02,0.000000000000000000e+00,0.000000000000000000e+00,0.000000000000000000e+00,0.000000000000000000e+00,1.400221753103200045e-02,0.000000000000000000e+00,0.000000000000000000e+00,3.301939991411539238e-02,2.118555678666566439e-02,0.000000000000000000e+00,0.000000000000000000e+00,4.559963609690066699e-02,1.700520737203250338e-02,2.356862111718968297e-02,1.352453575108063938e-02,2.479863440486347950e-02,9.257444688784272763e-03,0.000000000000000000e+00,1.353842145235853271e-02,0.000000000000000000e+00
0.000000000000000000e+00,0.000000000000000000e+00,0.000000000000000000e+00,1.566862451148487434e-02,0.000000000000000000e+00,1.079354285802644302e-02,0.000000000000000000e+00,0.000000000000000000e+00,1.038945134047874509e-02,0.000000000000000000e+00,0.000000000000000000e+00,0.000000000000000000e+00,0.000000000000000000e+00,0.000000000000000000e+00,2.036976670354021315e-02,0.000000000000000000e+00,0.000000000000000000e+00,0.000000000000000000e+00,1.789623374076854817e-02,0.000000000000000000e+00,3.815960001954016995e-02
1.628325663237385409e-02,5.411537241290265837e-02,0.000000000000000000e+00,0.000000000000000000e+00,1.344149343865620565e-02,1.736747800957137364e-02,0.000000000000000000e+00,0.000000000000000000e+00,2.568771022293460729e-02,5.789574412336010584e-02,1.245484295225998683e-02,7.140164629986915645e-02,2.370271688823114009e-02,0.000000000000000000e+00,3.879932322742776774e-02,0.000000000000000000e+00,0.000000000000000000e+00,3.653492314441271482e-02,1.346314801198609905e-02,0.000000000000000000e+00,0.000000000000000000e+00
1.716767442222438475e-02,0.000000000000000000e+00,1.422252370528254498e-02,2.013099698863939080e-02,0.000000000000000000e+00,1.253787602798359449e-02,0.000000000000000000e+00,0.000000000000000000e+00,1.230045996305215161e-02,1.639670961632853571e-02,1.291805641510760695e-02,0.000000000000000000e+00,0.000000000000000000e+00,1.577892151946783117e-02,8.267314598422649541e-03,0.000000000000000000e+00,6.120142259327225782e-03,2.012745301686652208e-02,1.988053763034579660e-02,1.324508904274372505e-02,1.616398817888865455e-02
0.000000000000000000e+00,0.000000000000000000e+00,0.000000000000000000e+00,0.000000000000000000e+00,0.000000000000000000e+00,7.199871237064238080e-03,0.000000000000000000e+00,0.000000000000000000e+00,8.655637039999889565e-03,1.036394109899278076e-02,0.000000000000000000e+00,6.371899745908673682e-03,1.597981619525538216e-02,0.000000000000000000e+00,1.480675509995360573e-02,0.000000000000000000e+00,0.000000000000000000e+00,1.176957770183519568e-02,0.000000000000000000e+00,1.612889643810432039e-02,0.000000000000000000e+00
9.142431040398444481e-03,0.000000000000000000e+00,0.000000000000000000e+00,1.151495481467211361e-02,0.000000000000000000e+00,9.930692430982096877e-03,1.043363476029143637e-02,0.000000000000000000e+00,1.071233169593411097e-02,9.738114575237186848e-03,6.526845928714578200e-03,0.000000000000000000e+00,0.000000000000000000e+00,0.000000000000000000e+00,7.545080708165330212e-03,0.000000000000000000e+00,6.463357009818685231e-03,1.791641673070212826e-02,1.231989278058542511e-02,0.000000000000000000e+00,1.187016678074299773e-02
8.173886687810039825e-03,0.000000000000000000e+00,0.000000000000000000e+00,1.458497548597796276e-02,0.000000000000000000e+00,0.000000000000000000e+00,0.000000000000000000e+00,0.000000000000000000e+00,8.214813127756499453e-03,1.352454045353292632e-02,0.000000000000000000e+00,8.550967548971747864e-03,0.000000000000000000e+00,0.000000000000000000e+00,1.327896981899474166e-02,0.000000000000000000e+00,0.000000000000000000e+00,1.203313045566650231e-02,1.349664945616918868e-02,0.000000000000000000e+00,2.894726231700345265e-02
7.047583249200017885e-03,1.166606832749456264e-02,0.000000000000000000e+00,1.578527888181292457e-02,2.141452261729641024e-02,1.023135190474420628e-02,0.000000000000000000e+00,8.861635908056499436e-03,0.000000000000000000e+00,1.303978638669682499e-02,1.079642604259860306e-02,8.443564337276075749e-03,1.332140405852323684e-02,1.168794909060788534e-02,8.172364808516867710e-03,1.101180671389120035e-02,0.000000000000000000e+00,9.427521843522091924e-03,8.451066096894317356e-03,0.000000000000000000e+00,0.000000000000000000e+00
1.648917470153222695e-02,0.000000000000000000e+00,0.000000000000000000e+00,0.000000000000000000e+00,2.132302820541658733e-02,1.405067335561146526e-02,1.108121558699138448e-02,0.000000000000000000e+00,1.530050483344973233e-02,1.972473877093419356e-02,1.527223255101053251e-02,1.109607516008483293e-02,2.055873162383562575e-02,1.504252282332661436e-02,2.527263679251369813e-02,1.198083682136704201e-02,1.752385892438499543e-02,8.231197883076966579e-03,0.000000000000000000e+00,6.885559403952949686e-02,0.000000000000000000e+00
0.000000000000000000e+00,1.448943329321267584e-02,0.000000000000000000e+00,0.000000000000000000e+00,1.272520522427914025e-01,8.587005174320670731e-03,9.071395036795290232e-03,0.000000000000000000e+00,9.453728647598398302e-03,9.146748522331431264e-03,2.879775689721162778e-03,1.147978638508060333e-02,1.999859863171862123e-02,7.011463305093544075e-03,8.368824397664858042e-03,1.068585785814922182e-02,0.000000000000000000e+00,1.052966086103828726e-02,9.755771310577371000e-03,0.000000000000000000e+00,1.195550129161999757e-02
0.000000000000000000e+00,0.000000000000000000e+00,0.000000000000000000e+00,1.062487519827364293e-02,1.740117403821925257e-02,8.774254394055295767e-03,1.033702670425130053e-02,0.000000000000000000e+00,0.000000000000000000e+00,1.176895265990777865e-02,0.000000000000000000e+00,1.012509802255959213e-02,2.749737104994063805e-02,1.040886871838719516e-02,0.000000000000000000e+00,1.065035226050843609e-02,0.000000000000000000e+00,1.259165566467190453e-02,1.790852870590705498e-02,0.000000000000000000e+00,8.491780117442089895e-03
0.000000000000000000e+00,8.926807772704999089e-03,1.707574464683566176e-02,0.000000000000000000e+00,0.000000000000000000e+00,9.896866752595564684e-03,0.000000000000000000e+00,1.400882080252335675e-02,1.721054442717798519e-02,1.402941916961744639e-02,0.000000000000000000e+00,0.000000000000000000e+00,0.000000000000000000e+00,0.000000000000000000e+00,0.000000000000000000e+00,0.000000000000000000e+00,0.000000000000000000e+00,0.000000000000000000e+00,1.938105162960166578e-02,0.000000000000000000e+00,0.000000000000000000e+00
1.256082756040357955e-02,0.000000000000000000e+00,0.000000000000000000e+00,1.179138295413097517e-02,0.000000000000000000e+00,1.053044516486736741e-02,0.000000000000000000e+00,2.689432133192597857e-02,9.801620640561335349e-03,7.316870802812304106e-03,8.379135826789492134e-03,6.644477338721609984e-03,0.000000000000000000e+00,0.000000000000000000e+00,8.654403334957488578e-03,1.048917502846941768e-02,0.000000000000000000e+00,8.987461792158439947e-03,7.101344042480562356e-03,7.129574008001317992e-03,0.000000000000000000e+00
1.167303037970267819e-02,0.000000000000000000e+00,9.330585183121463053e-03,0.000000000000000000e+00,7.368765235266139246e-03,9.622012989754156337e-03,0.000000000000000000e+00,2.093383563485552018e-02,0.000000000000000000e+00,2.026873986036895753e-02,1.936579361964417545e-02,1.866841353933548428e-02,1.554731492273387153e-02,2.335571287319214775e-02,2.867433352993786766e-02,2.461197834056967973e-02,1.849039237697761365e-02,1.990500990148662275e-02,0.000000000000000000e+00,1.393857420347255349e-02,9.247015176138964621e-02
0.000000000000000000e+00,1.028636642806886152e-02,0.000000000000000000e+00,0.000000000000000000e+00,0.000000000000000000e+00,2.134122232017420656e-02,0.000000000000000000e+00,0.000000000000000000e+00,1.762956046243029443e-02,1.711263267550819644e-01,0.000000000000000000e+00,4.487286092044706631e-02,0.000000000000000000e+00,0.000000000000000000e+00,1.731143518955342159e-02,9.825348697176489524e-03,1.217820581291087327e-02,0.000000000000000000e+00,7.826741928852824423e-03,0.000000000000000000e+00,2.535149036219182597e-02
9.469459111578254831e-03,0.000000000000000000e+00,1.402084890180223427e-02,9.087743167339866479e-03,1.495727636045340002e-02,5.746487206787831425e-03,9.468363206244837654e-03,0.000000000000000000e+00,0.000000000000000000e+00,1.509973259304591385e-02,0.000000000000000000e+00,8.666475211824729505e-03,1.487921185359691867e-02,0.000000000000000000e+00,5.963934164269932454e-03,8.700781113285911347e-03,7.338451925780469821e-03,1.737638719380089902e-02,2.202877452490452012e-02,0.000000000000000000e+00,0.000000000000000000e+00
9.452556704411739855e-03,6.362773149260560028e-03,0.000000000000000000e+00,1.438674062077243375e-02,2.012242988502940116e-02,6.560860186829482396e-03,0.000000000000000000e+00,0.000000000000000000e+00,1.967458963971549166e-02,6.813916574963294059e-02,9.167040210336216410e-02,0.000000000000000000e+00,8.007370977697693404e-02,2.066627696734253672e-02,1.412837400804991921e-02,0.000000000000000000e+00,1.249285903557474653e-02,1.500865545088010504e-02,0.000000000000000000e+00,0.000000000000000000e+00,0.000000000000000000e+00
1.120467762443421236e-02,0.000000000000000000e+00,0.000000000000000000e+00,0.000000000000000000e+00,0.000000000000000000e+00,4.349958028073527133e-02,0.000000000000000000e+00,1.452618493069405582e-02,2.274973569700462078e-02,0.000000000000000000e+00,1.238252981023760073e-02,0.000000000000000000e+00,7.574583346651946915e-03,1.177192633735236506e-02,4.035734894928237615e-02,1.638496838161218952e-02,1.659452155976979745e-02,0.000000000000000000e+00,1.339857627704153266e-02,0.000000000000000000e+00,0.000000000000000000e+00
1.015844332462586923e-02,0.000000000000000000e+00,0.000000000000000000e+00,5.814346905329587090e-03,1.906288294864375704e-02,9.973298494952128126e-03,8.202954212094116723e-03,0.000000000000000000e+00,0.000000000000000000e+00,3.804196354149329967e-02,1.730900668266886766e-02,0.000000000000000000e+00,0.000000000000000000e+00,9.307568633196908539e-03,0.000000000000000000e+00,0.000000000000000000e+00,0.000000000000000000e+00,1.380934964720489759e-02,0.000000000000000000e+00,1.486822430667714134e-02,1.610884938105543174e-02
0.000000000000000000e+00,0.000000000000000000e+00,4.771918960583521573e-03,0.000000000000000000e+00,1.447485753642745870e-02,8.859782575410033931e-03,0.000000000000000000e+00,1.594864307027858003e-02,7.860935449536945313e-03,1.192860153300533133e-02,0.000000000000000000e+00,0.000000000000000000e+00,0.000000000000000000e+00,0.000000000000000000e+00,1.299148080206499051e-02,7.666170062354780122e-03,1.554072771021386239e-02,2.138996250991855377e-02,2.595149985899642894e-02,0.000000000000000000e+00,0.000000000000000000e+00
0.000000000000000000e+00,1.195604231324863889e-02,0.000000000000000000e+00,1.188376787035111924e-02,4.340564903092366394e-03,9.386761122797964915e-03,0.000000000000000000e+00,1.212705383478792677e-02,1.200591401160417543e-02,4.582617770800528206e-03,0.000000000000000000e+00,0.000000000000000000e+00,1.898185784225585662e-02,1.472694871370178460e-01,1.139570272190809121e-02,1.192606227206376851e-02,8.918056312475145311e-03,1.346940526051748459e-02,1.480583034274560866e-02,5.892865149151658641e-03,0.000000000000000000e+00
1.524511084656268896e-02,0.000000000000000000e+00,0.000000000000000000e+00,0.000000000000000000e+00,0.000000000000000000e+00,5.806592360705137811e-03,2.061608094553801090e-02,0.000000000000000000e+00,9.134660578363122327e-03,4.859149490960964698e-03,3.438569494586739966e-02,1.091258170138310543e-02,7.903126973774481090e-02,0.000000000000000000e+00,1.370342354437500791e-02,8.386139211938165722e-03,8.729832014932773637e-03,7.337790142924707076e-03,6.139883581270129745e-03,2.308981668600078307e-02,9.317620625002928300e-03
0.000000000000000000e+00,0.000000000000000000e+00,5.506674835685389409e-03,4.969266826627890231e-03,4.150921523125409435e-03,6.157116584091590003e-03,0.000000000000000000e+00,1.214288066028136950e-02,6.178651249925827711e-03,4.794072784891203164e-03,1.321057942971497375e-02,5.327243497705665479e-03,0.000000000000000000e+00,4.308051132032604709e-03,7.542470947196258831e-03,1.005706091389331480e-02,4.549161834402213472e-03,4.770415577862978894e-03,5.512983750720757206e-03,0.000000000000000000e+00,2.025112182186661336e-02
0.000000000000000000e+00,0.000000000000000000e+00,1.387767615637052268e-02,8.038942828081674721e-03,9.323791887677694915e-03,1.412420318165508171e-02,0.000000000000000000e+00,5.041853770214109291e-03,7.605980230332084167e-03,9.882057267846407894e-03,7.515895724686047150e-03,1.067865078473306806e-02,1.956966965437580142e-02,6.203698549795220313e-03,5.277558125268464774e-03,4.880718025099787735e-03,5.883923013528849152e-03,4.730821022935123056e-03,0.000000000000000000e+00,9.657867470228719345e-03,1.308914899298184963e-02
4.244341027974623919e-03,0.000000000000000000e+00,0.000000000000000000e+00,0.000000000000000000e+00,0.000000000000000000e+00,4.806983253790987273e-03,0.000000000000000000e+00,0.000000000000000000e+00,0.000000000000000000e+00,0.000000000000000000e+00,0.000000000000000000e+00,7.131012011247747640e-02,9.609975863507999247e-03,0.000000000000000000e+00,1.150398200504222472e-02,8.974312705646417948e-03,0.000000000000000000e+00,0.000000000000000000e+00,0.000000000000000000e+00,0.000000000000000000e+00,0.000000000000000000e+00
5.551862653239188726e-03,3.209538787724796477e-03,0.000000000000000000e+00,9.387953495849135285e-03,6.488081675896459344e-02,0.000000000000000000e+00,1.350072624830163902e-02,2.780897664165965857e-02,5.925131508332226286e-03,7.274007279144112208e-03,1.098241373696118642e-02,7.894866651333116297e-03,8.859634219607696523e-03,3.067665284272406978e-02,8.462313799105666140e-03,6.455789781471849009e-03,0.000000000000000000e+00,9.765899796256255136e-03,0.000000000000000000e+00,0.000000000000000000e+00,0.000000000000000000e+00
3.991503267997052046e-03,8.514440252869355519e-03,0.000000000000000000e+00,5.680791188353939355e-03,8.944381892301431908e-03,6.306398895635723957e-03,3.593191017244089756e-03,7.730082787592884239e-03,6.546093565018317080e-03,5.470455885181813201e-03,0.000000000000000000e+00,3.860039441201278208e-03,4.242242094995875984e-03,0.000000000000000000e+00,3.816848135113888249e-03,6.401578941707682970e-03,3.955431973448168999e-03,6.673386171466910884e-03,5.430594256176770294e-03,0.000000000000000000e+00,0.000000000000000000e+00
4.718353332905390538e-03,0.000000000000000000e+00,0.000000000000000000e+00,1.069893262722016944e-02,1.036427062172852291e-02,1.086662557971260386e-02,0.000000000000000000e+00,0.000000000000000000e+00,8.552136645629314013e-03,1.890911563696340281e-02,7.283463247281594943e-03,6.641489344881798887e-03,5.774301826390322405e-03,1.576107919182156286e-02,6.244229625248788954e-03,7.110001931581721828e-03,4.970142526352428099e-03,0.000000000000000000e+00,2.287101072720463396e-02,0.000000000000000000e+00,0.000000000000000000e+00
4.933004889645808792e-03,0.000000000000000000e+00,4.390024680001362693e-03,0.000000000000000000e+00,0.000000000000000000e+00,2.260612169700243132e-02,4.339177549413528179e-03,1.749585081297154107e-02,6.998871674847737846e-03,8.523952275210185808e-03,0.000000000000000000e+00,1.053469896574254702e-02,0.000000000000000000e+00,0.000000000000000000e+00,9.508152891669608558e-03,1.337082357924976143e-02,4.343604609899479919e-03,8.011914229727764777e-03,0.000000000000000000e+00,0.000000000000000000e+00,1.044530668332138701e-02
6.638878606744566015e-03,0.000000000000000000e+00,0.000000000000000000e+00,0.000000000000000000e+00,0.000000000000000000e+00,6.879537855080095077e-03,0.000000000000000000e+00,0.000000000000000000e+00,2.268729445438134179e-02,0.000000000000000000e+00,0.000000000000000000e+00,0.000000000000000000e+00,0.000000000000000000e+00,3.576803243510601193e-02,1.229440182296794581e-01,0.000000000000000000e+00,7.043066399366250743e-03,7.449469648665545118e-03,1.093524513145437312e-02,6.909477961547336351e-03,3.049024255915241954e-02
9.961694946600247944e-03,0.000000000000000000e+00,0.000000000000000000e+00,2.345383575467539089e-02,0.000000000000000000e+00,6.031137319686572136e-03,0.000000000000000000e+00,0.000000000000000000e+00,6.346585982081391110e-03,1.389568026180609643e-02,0.000000000000000000e+00,0.000000000000000000e+00,2.445975099583952081e-02,0.000000000000000000e+00,9.850557959672795461e-03,2.335363194250030666e-02,0.000000000000000000e+00,1.702682870989282587e-02,0.000000000000000000e+00,0.000000000000000000e+00,1.207051329011558059e-02
0.000000000000000000e+00,2.499418721389317505e-02,1.252909872159902425e-02,0.000000000000000000e+00,5.561371703392139522e-03,1.024655298383200623e-02,0.000000000000000000e+00,0.000000000000000000e+00,0.000000000000000000e+00,2.110571690261004579e-02,0.000000000000000000e+00,0.000000000000000000e+00,0.000000000000000000e+00,0.000000000000000000e+00,0.000000000000000000e+00,5.072005150915472049e-02,1.383101589698162645e-02,1.118430685475998478e-02,0.000000000000000000e+00,0.000000000000000000e+00,0.000000000000000000e+00
6.798396513580100275e-03,2.024300721195191818e-02,0.000000000000000000e+00,0.000000000000000000e+00,1.382868488591453698e-02,8.854758575791023267e-03,1.065452203952906018e-02,6.551237707295833566e-03,0.000000000000000000e+00,1.980780847995767396e-02,0.000000000000000000e+00,0.000000000000000000e+00,0.000000000000000000e+00,0.000000000000000000e+00,2.128784353144347417e-03,1.608665966411196302e-02,3.537537595062568985e-02,0.000000000000000000e+00,8.642717755030391788e-03,1.733686191054465905e-02,0.000000000000000000e+00
4.481284118521373580e-03,0.000000000000000000e+00,0.000000000000000000e+00,2.079391514869721735e-02,6.591582553397189528e-03,0.000000000000000000e+00,0.000000000000000000e+00,0.000000000000000000e+00,2.058996101067814624e-02,1.018283788642514003e-02,3.869452096454036732e-02,0.000000000000000000e+00,0.000000000000000000e+00,0.000000000000000000e+00,8.019625784402496793e-03,9.042956327464343746e-02,0.000000000000000000e+00,4.856940843327869038e-03,0.000000000000000000e+00,0.000000000000000000e+00,5.708221347680869640e-03
0.000000000000000000e+00,0.000000000000000000e+00,0.000000000000000000e+00,1.376201595047264574e-02,4.833971013144854750e-02,0.000000000000000000e+00,0.000000000000000000e+00,0.000000000000000000e+00,1.696344033679162214e-02,1.260051628897725096e-02,0.000000000000000000e+00,0.000000000000000000e+00,1.047196149071382733e-02,0.000000000000000000e+00,9.165072350653001229e-03,1.407118646077770360e-02,0.000000000000000000e+00,2.098705142935939141e-02,8.632982130447905064e-03,0.000000000000000000e+00,1.140584988560385156e-02
1.245002206099247478e-02,0.000000000000000000e+00,0.000000000000000000e+00,0.000000000000000000e+00,3.461073574040685746e-02,0.000000000000000000e+00,0.000000000000000000e+00,0.000000000000000000e+00,9.828979619750634333e-03,8.250973531733003796e-02,0.000000000000000000e+00,0.000000000000000000e+00,4.701765862085286081e-03,0.000000000000000000e+00,6.289259837700505486e-03,4.788166475175680004e-03,0.000000000000000000e+00,7.477967071302653312e-03,4.429087204734909536e-03,2.299046278029906118e-02,1.088967017299318808e-02
1.416267553094730479e-02,6.612060040507089509e-02,0.000000000000000000e+00,3.899260084434662699e-03,2.691440605631659211e-02,0.000000000000000000e+00,2.474398261705664653e-02,0.000000000000000000e+00,0.000000000000000000e+00,1.029754137435439851e-02,5.731298768215258715e-02,1.188046744353552821e-02,1.212414229225999146e-02,0.000000000000000000e+00,1.580439627979363104e-01,6.325732167147134384e-03,0.000000000000000000e+00,1.825479504594949495e-02,0.000000000000000000e+00,1.454413160184757706e-02,0.000000000000000000e+00
0.000000000000000000e+00,2.870124003347125034e-03,0.000000000000000000e+00,7.811044305386454466e-03,0.000000000000000000e+00,0.000000000000000000e+00,7.755915331470945688e-03,5.354869525374039360e-03,2.768375932065624337e-03,6.811950560543542782e-03,4.422379862577724245e-03,3.819790209936024285e-03,1.539908275368855328e-01,4.022636469580074051e-03,0.000000000000000000e+00,3.955969343716012401e-03,3.791626029789395540e-03,8.643425480820907114e-03,1.108488943319343827e-02,1.468005615854369762e-02,0.000000000000000000e+00
0.000000000000000000e+00,6.871963320364075922e-02,1.069652939704454804e-02,9.702590409591382165e-03,2.016079857549260557e-02,9.289211288866085908e-03,0.000000000000000000e+00,4.850656479832956419e-03,7.729388162947922747e-03,2.271852960209189143e-02,0.000000000000000000e+00,0.000000000000000000e+00,2.894693780689639589e-02,0.000000000000000000e+00,1.192902025414905795e-02,0.000000000000000000e+00,1.962517712479206269e-02,0.000000000000000000e+00,0.000000000000000000e+00,2.074035776270932024e-02,0.000000000000000000e+00
0.000000000000000000e+00,8.727969563905315156e-03,0.000000000000000000e+00,8.100705638623180091e-03,5.273267312295827104e-03,4.026977118529524897e-03,0.000000000000000000e+00,6.930712486289336560e-02,9.972221645722506578e-03,1.067030663361440146e-02,0.000000000000000000e+00,0.000000000000000000e+00,1.233563430876187354e-02,5.690263049534947243e-02,6.932894666832624918e-03,8.046012567298867560e-03,0.000000000000000000e+00,3.789652582431501937e-02,1.683561902653605766e-02,0.000000000000000000e+00,0.000000000000000000e+00
6.500946974146425486e-03,0.000000000000000000e+00,0.000000000000000000e+00,0.000000000000000000e+00,0.000000000000000000e+00,9.128820987638912657e-03,5.615663109573435646e-02,0.000000000000000000e+00,1.189511482313474790e-02,1.197401179634993013e-02,0.000000000000000000e+00,0.000000000000000000e+00,0.000000000000000000e+00,6.508814522473926022e-03,4.329326770461031093e-02,1.110293353015009109e-02,7.234048999917660691e-03,2.228441278214699992e-02,0.000000000000000000e+00,1.169297982010642813e-02,1.655248980622637742e-02
7.557953946095939506e-03,1.042776632863971487e-01,0.000000000000000000e+00,0.000000000000000000e+00,8.763015779462157012e-03,1.706341290081357306e-02,0.000000000000000000e+00,0.000000000000000000e+00,0.000000000000000000e+00,6.509138024382500609e-03,0.000000000000000000e+00,1.149885798365416802e-02,7.587678234631358223e-03,0.000000000000000000e+00,7.301006799632025167e-03,0.000000000000000000e+00,0.000000000000000000e+00,0.000000000000000000e+00,0.000000000000000000e+00,0.000000000000000000e+00,0.000000000000000000e+00
9.513421693075119201e-03,0.000000000000000000e+00,0.000000000000000000e+00,0.000000000000000000e+00,0.000000000000000000e+00,9.352719161381034194e-03,0.000000000000000000e+00,0.000000000000000000e+00,5.005634871158066816e-03,4.754225085294759914e-03,1.964920327930417404e-02,6.588127757098896642e-02,0.000000000000000000e+00,0.000000000000000000e+00,1.493397432956845329e-02,2.430111210451090659e-02,0.000000000000000000e+00,1.054042592855007274e-02,7.104403256008813561e-03,0.000000000000000000e+00,8.191123566964940081e-03
2.598155893785024720e-02,0.000000000000000000e+00,0.000000000000000000e+00,8.938978393635690217e-03,0.000000000000000000e+00,5.006271199565695204e-03,0.000000000000000000e+00,0.000000000000000000e+00,1.210146679726877353e-02,0.000000000000000000e+00,7.291227494370442971e-03,0.000000000000000000e+00,0.000000000000000000e+00,0.000000000000000000e+00,1.689577923682126712e-02,1.796297303245651678e-02,9.160896131232706963e-03,1.411528188067608103e-02,0.000000000000000000e+00,0.000000000000000000e+00,0.000000000000000000e+00
8.576516521896815001e-03,1.468731060809122177e-02,0.000000000000000000e+00,0.000000000000000000e+00,0.000000000000000000e+00,1.114088946174209525e-02,8.247658201673835343e-03,1.128966603357560959e-02,9.602456647580350987e-03,9.869811184245477417e-03,0.000000000000000000e+00,0.000000000000000000e+00,0.000000000000000000e+00,6.212619820167470351e-03,1.404073217410094915e-02,2.282640977390935216e-02,1.037579459276914348e-02,8.869674324796539625e-03,8.376501790781290882e-03,0.000000000000000000e+00,0.000000000000000000e+00
0.000000000000000000e+00,0.000000000000000000e+00,0.000000000000000000e+00,1.739975419857150638e-02,5.741998366780390675e-03,1.123431412197287670e-02,0.000000000000000000e+00,3.484715102093993624e-03,0.000000000000000000e+00,3.674430445514848334e-03,3.206752976358324264e-03,0.000000000000000000e+00,1.728576928119125375e-02,5.940139832075347522e-03,3.585037036033958489e-03,8.365842419823493747e-03,3.719245564671590926e-02,5.211996363513450234e-03,1.922759426131121982e-02,4.351572806901363166e-03,1.594723607584852543e-02
0.000000000000000000e+00,6.140554737139470448e-03,3.190390023109929835e-02,0.000000000000000000e+00,2.348974070439142567e-02,1.919220017403441489e-02,0.000000000000000000e+00,2.678029364464452194e-02,0.000000000000000000e+00,1.402907365654415019e-02,4.119821305589458499e-02,4.084408931118947012e-02,9.229241621909561183e-03,0.000000000000000000e+00,1.059238119922095538e-02,1.798750664664732629e-02,2.629411504134327501e-03,1.291929467954996448e-02,8.183518524974961808e-03,9.392224837273619592e-03,5.411495216355699522e-02
7.208896699728328458e-03,2.013955431997907497e-02,0.000000000000000000e+00,0.000000000000000000e+00,0.000000000000000000e+00,1.885300592169795314e-02,6.522855198839070355e-03,0.000000000000000000e+00,5.210035358672338371e-03,8.321411854571664213e-03,5.862469691595375947e-03,3.253209297522655780e-03,4.522334648670655634e-03,0.000000000000000000e+00,5.202875444547361630e-03,6.003936436369905136e-03,3.517462651896979819e-03,1.268652841237366720e-02,0.000000000000000000e+00,6.790347985718619972e-02,0.000000000000000000e+00
1.417045371002608779e-02,0.000000000000000000e+00,0.000000000000000000e+00,0.000000000000000000e+00,1.195457617869621035e-02,2.130970170167537439e-02,2.017657346543202251e-02,2.104055329498778423e-02,0.000000000000000000e+00,9.390226502057128291e-03,2.243385084594234913e-02,0.000000000000000000e+00,6.805425468079381174e-03,0.000000000000000000e+00,3.393972344715718084e-03,9.425874197097842272e-03,1.772972100058878286e-02,8.246199911531790216e-03,0.000000000000000000e+00,6.795418626297349170e-03,0.000000000000000000e+00
0.000000000000000000e+00,1.794300661500530109e-02,8.152350127850623365e-03,0.000000000000000000e+00,0.000000000000000000e+00,1.375169656593027388e-02,3.010899574336763085e-02,1.071985063845297230e-02,1.492184162405925905e-02,0.000000000000000000e+00,4.900537933585899508e-03,0.000000000000000000e+00,2.137632821624244756e-03,0.000000000000000000e+00,6.614024871905008728e-03,1.204175010297170272e-02,1.508748393692256086e-02,1.799631886265350492e-02,2.563688485339729942e-02,1.304963612631523766e-02,0.000000000000000000e+00
1.110747673118321621e-02,6.909489381855015919e-03,9.182175997072676912e-03,9.815659860037687784e-03,2.662106238900502700e-02,1.785945458556202278e-02,2.377038304447919026e-02,0.000000000000000000e+00,6.292827143106721755e-03,8.224581172961471440e-03,0.000000000000000000e+00,7.586037999039479951e-03,4.266322466346148673e-03,0.000000000000000000e+00,0.000000000000000000e+00,6.740759150648648751e-03,4.957728589464587172e-03,8.388486030051338707e-03,1.556947202439603120e-02,0.000000000000000000e+00,0.000000000000000000e+00
0.000000000000000000e+00,0.000000000000000000e+00,0.000000000000000000e+00,0.000000000000000000e+00,1.672618019552432611e-02,4.925329783258369613e-03,0.000000000000000000e+00,0.000000000000000000e+00,5.093541809246478029e-03,0.000000000000000000e+00,0.000000000000000000e+00,5.513029716378872042e-03,7.179602963572943863e-03,0.000000000000000000e+00,1.961294497571207385e-02,1.223710212855834943e-02,2.246309666036142363e-02,9.586939668276051735e-03,1.473354673634861764e-02,0.000000000000000000e+00,1.328031415518161201e-02
1.493829019807045924e-02,1.452398709832323533e-02,0.000000000000000000e+00,1.882906640660816228e-02,0.000000000000000000e+00,6.958704877890822989e-03,1.579363948621836933e-02,0.000000000000000000e+00,0.000000000000000000e+00,1.496849355680386802e-02,0.000000000000000000e+00,1.321214689363647138e-02,1.055223205471710578e-02,6.230596143568787465e-02,0.000000000000000000e+00,1.305563858603757919e-02,0.000000000000000000e+00,6.177244759403655548e-03,1.068255541099340060e-02,6.630869660936873980e-03,2.770255097937725577e-02
0.000000000000000000e+00,0.000000000000000000e+00,9.687927322106956382e-03,0.000000000000000000e+00,0.000000000000000000e+00,0.000000000000000000e+00,0.000000000000000000e+00,0.000000000000000000e+00,4.501354133362996807e-03,1.036140463692228689e-02,0.000000000000000000e+00,0.000000000000000000e+00,0.000000000000000000e+00,0.000000000000000000e+00,8.236093832147252033e-03,0.000000000000000000e+00,0.000000000000000000e+00,0.000000000000000000e+00,6.148384201207285002e-03,0.000000000000000000e+00,1.154196154428459645e-02
7.905649037364173223e-03,1.147679401501557062e-02,0.000000000000000000e+00,0.000000000000000000e+00,0.000000000000000000e+00,0.000000000000000000e+00,5.528544710868992657e-02,0.000000000000000000e+00,1.627219566365341666e-02,9.833154760658595339e-03,0.000000000000000000e+00,0.000000000000000000e+00,1.982697254509781931e-02,6.006582135271843620e-02,0.000000000000000000e+00,2.078471719245524388e-02,1.952504307818508228e-02,3.304485630216298219e-03,0.000000000000000000e+00,0.000000000000000000e+00,0.000000000000000000e+00
4.124046268836682218e-03,4.572788155550599684e-03,0.000000000000000000e+00,1.017464482761537975e-01,3.211496578414339744e-03,3.002636317179363436e-03,2.689286718548664513e-03,3.115428503161077854e-03,5.095584616212242915e-03,8.695815535583188011e-03,1.883167326702541149e-03,5.587630263591249202e-03,1.128920216941702720e-02,6.362416327039541360e-03,4.045766529463326600e-03,3.186795485695325617e-03,4.314017213576688305e-03,4.431560419977506084e-03,4.050720709442055291e-03,4.677055808519046259e-03,0.000000000000000000e+00
0.000000000000000000e+00,1.278621070202273953e-02,5.681973784914536030e-02,9.982461633344669877e-03,5.982664804115163729e-03,5.095976108247732284e-03,9.804179364737678967e-03,5.510195126397774909e-03,3.629554810633917310e-03,3.239759977436680680e-03,4.469287305081055643e-03,1.124395311972297903e-02,6.059701918236725174e-03,0.000000000000000000e+00,3.707594514867836553e-03,4.942421335616214301e-03,4.538116349597600893e-03,3.617113403981879992e-03,3.439195660318987349e-03,4.319958057202956392e-03,1.965054996944289867e-01
4.648228815644097310e-03,3.333691924362954841e-03,3.632888442420695047e-03,0.000000000000000000e+00,4.259061328978551615e-03,4.544285374140246032e-03,6.802439266903074697e-03,6.426536812933561667e-03,2.036864706759121488e-03,6.933432125338272536e-03,6.177468599685664169e-03,4.077409611512086349e-03,3.001290460514562022e-03,3.111979825622393763e-03,5.680883861430128905e-03,4.756748061399215452e-03,4.204176751914106072e-03,7.622143788804708678e-03,0.000000000000000000e+00,4.672346872807943939e-03,0.000000000000000000e+00
7.178889785829952255e-03,3.553833170657347360e-03,0.000000000000000000e+00,0.000000000000000000e+00,5.777425108947012097e-03,6.344247269672557629e-03,5.335880685417780135e-03,5.791893790251992531e-03,5.014479099172525732e-03,4.276251929388061312e-03,0.000000000000000000e+00,4.622017142172815153e-03,3.051715531445605388e-03,1.166355182598646789e-02,2.307008072496953902e-03,5.054986673821586229e-03,4.055801073436272192e-03,0.000000000000000000e+00,7.154422241789448397e-03,6.406157875648792188e-03,5.192966178949618566e-02
3.300500415520976616e-03,0.000000000000000000e+00,2.814410954599250170e-03,0.000000000000000000e+00,4.677736404846775942e-03,3.019360107449028420e-03,2.844322577620681143e-03,7.545350856362063874e-03,3.358311352727938112e-03,4.262461138931028515e-03,5.589907691952849915e-03,7.262338686159645722e-03,2.182252115214563994e-03,3.935350544244859035e-03,4.345235725559375844e-03,4.062181265241670419e-03,3.501845765067432541e-03,4.061326850776108069e-03,3.189029836517377845e-03,6.512596272515668722e-03,2.667482113045818726e-02
8.684953693515488557e-03,4.472660884632689848e-02,3.806053372922179462e-02,9.349286293374062945e-03,7.118205929074567992e-03,0.000000000000000000e+00,1.474032976523925384e-02,1.057608524799952786e-02,6.281388613465607035e-03,6.245841654642744767e-03,2.189050720661854521e-02,4.053849380409466074e-03,6.950185975663597873e-03,1.777554578996977039e-02,7.644488153978258593e-03,5.526142558215551420e-03,6.236651622325482119e-03,5.963409630948951316e-03,6.398298990731587227e-03,1.322639649455393737e-02,9.995375754785647965e-03
5.338294823358943030e-03,5.190598011755551654e-03,0.000000000000000000e+00,5.012851500391232382e-03,4.701759570041346391e-03,6.087964471483475054e-03,5.375986483713035904e-03,6.778267537262501995e-03,4.233037320246368744e-03,7.009161525971039156e-03,2.627181929605655174e-03,6.426224224186470949e-03,4.981850973311291279e-03,5.860626800528898235e-03,4.945774742271484732e-03,8.310714150306078643e-03,3.658894192401309503e-03,4.530419779305358031e-03,4.486170881544666519e-03,1.003084299137294542e-02,2.117127252790980407e-02
7.327832732145933559e-03,5.205109866402695545e-03,0.000000000000000000e+00,1.649356271892794823e-02,6.405335413874183037e-03,1.500375529998436430e-02,2.019957720864722084e-02,9.895778293066584061e-03,1.028684108052052397e-02,1.318304588477352962e-02,5.587375893410549861e-03,0.000000000000000000e+00,9.800366878444471963e-02,2.595574169631212347e-02,8.821785743333010119e-03,1.148185447784232267e-02,0.000000000000000000e+00,5.125196937381194633e-03,6.885476102428418795e-03,0.000000000000000000e+00,0.000000000000000000e+00
2.054806670770187652e-02,1.076025516641652621e-02,6.111597677009545510e-03,7.537942711175421237e-03,5.936987361697883790e-03,0.000000000000000000e+00,0.000000000000000000e+00,1.051937093729823913e-02,4.606722496701297874e-03,8.419011335135341903e-03,6.746986880375245750e-03,7.454435945901413327e-03,9.280631866396438223e-03,1.283258252567864854e-02,6.123036409879654626e-03,1.710971297676874489e-02,3.300908165610672712e-02,8.287818057604744507e-03,8.018061695075434647e-03,7.678220590668811962e-03,1.122548169162896313e-02
1.443677169622542729e-02,0.000000000000000000e+00,1.369599737053438238e-02,0.000000000000000000e+00,0.000000000000000000e+00,3.726719764244151335e-03,1.621807753995187229e-02,0.000000000000000000e+00,1.104803069979946525e-02,2.252327589029097174e-02,1.873174739219915161e-02,6.991078750748756961e-03,9.036906008177214913e-03,0.000000000000000000e+00,1.034475638354480712e-02,8.518573072201163221e-03,7.519708434073959884e-03,6.961244695827219740e-03,1.155286879426380663e-02,0.000000000000000000e+00,1.692410225957655459e-02
8.707548506002846245e-02,1.725476453193365567e-02,7.329639714622554481e-03,2.572913039962106477e-02,4.980210850760198940e-03,6.852985959465480829e-03,1.147146950601020572e-02,1.641868720638379672e-02,1.051344500789659978e-02,1.413234449710780959e-02,1.487168725301889205e-02,7.453118508701934639e-03,0.000000000000000000e+00,0.000000000000000000e+00,5.562173049123120619e-03,0.000000000000000000e+00,2.132601584522359622e-02,2.320735173937391038e-02,2.349922749485160514e-02,1.053816677755380418e-02,1.126019708094004243e-02
7.668548704501243658e-03,7.122409916503844723e-03,0.000000000000000000e+00,7.622966867479484196e-03,5.170746008334964165e-03,7.553856378225474663e-03,5.474286214377329339e-03,8.813055090784624804e-03,4.122189287762932468e-03,7.244302767981153704e-03,3.851410694729805791e-03,6.430157379034491007e-03,7.417434066690757610e-03,7.757869240269766459e-03,7.158615324456744575e-03,6.901787452867081014e-03,4.284866118682492675e-03,5.175557160002479049e-03,6.032348811921747593e-03,5.358825273748007122e-03,1.653359744872991144e-02
0.000000000000000000e+00,6.321324563852231959e-02,0.000000000000000000e+00,0.000000000000000000e+00,5.037956223689748700e-03,1.568901252496369969e-02,0.000000000000000000e+00,1.302315086874222295e-02,3.257339497134568041e-03,6.157746389369779874e-03,5.070409842056681875e-03,0.000000000000000000e+00,1.071548934908629451e-02,7.675096937772204683e-03,0.000000000000000000e+00,1.281490737192443434e-02,7.661221984352514607e-03,1.658995704419921613e-02,6.815168146877640179e-03,0.000000000000000000e+00,0.000000000000000000e+00
0.000000000000000000e+00,8.882177758276621829e-03,0.000000000000000000e+00,0.000000000000000000e+00,5.373092870161443220e-03,0.000000000000000000e+00,9.427853416466729086e-03,1.908641431725478441e-02,1.269857606726788532e-02,1.153257442686412074e-02,0.000000000000000000e+00,5.958985055975946077e-03,1.302934960581074615e-02,0.000000000000000000e+00,7.736324691382853030e-03,6.423479533497887528e-03,7.886712792970901331e-03,1.656855315096117734e-02,0.000000000000000000e+00,0.000000000000000000e+00,0.000000000000000000e+00
6.223858676554347782e-03,1.083748174464078083e-02,1.072555647318211396e-02,1.077195966471203477e-02,1.038810662611794507e-02,6.105312010845200497e-03,6.079258091105767606e-03,7.413289827735534618e-03,5.130419115191220923e-03,1.072064402492453952e-02,1.014583900234017344e-02,6.600200909770240557e-03,0.000000000000000000e+00,9.325537104106199418e-03,5.328803895031136023e-03,6.842971695370265485e-03,8.786340451198155349e-03,7.979885351701661647e-03,6.704107321119444352e-03,6.653843304331431147e-03,1.620967134081244959e-02
9.186674764265174292e-03,6.799021473894274227e-03,0.000000000000000000e+00,4.934209445774280500e-03,9.189083304716856582e-03,6.170600797785263242e-03,8.336143894128882764e-03,1.342770005109300210e-02,8.030465149192663951e-03,7.981001307406861839e-03,0.000000000000000000e+00,7.561532379790180357e-03,4.121250691257547644e-03,6.339355293735515588e-03,4.791252044896653420e-03,5.064611084951015953e-03,7.096051552546782555e-03,8.067279498324395753e-03,9.197426499033824546e-03,1.179171409857662951e-02,0.000000000000000000e+00
5.629520702021026217e-03,0.000000000000000000e+00,0.000000000000000000e+00,6.413419508004108462e-03,2.178218297319023129e-03,9.502916884883826076e-03,8.747857218936025067e-03,5.014316467578466829e-03,6.148868071466188912e-03,3.675007329179658892e-03,9.256040769472543076e-03,9.246984338325672792e-03,9.020751100925971169e-03,6.195372630709544692e-03,4.939283264995366837e-03,7.914136203603096623e-03,8.360887353563280222e-03,4.262618918463935251e-03,0.000000000000000000e+00,7.523838405247466887e-02,0.000000000000000000e+00
4.874434212801975232e-03,4.017136731578962311e-02,1.094590974511617902e-02,0.000000000000000000e+00,6.961150778424823882e-03,6.726353980984914327e-02,1.336906802106459236e-02,1.885730769262701501e-02,1.011180048198065395e-02,5.690174777927345905e-03,1.711463916935519747e-02,9.864170057238786857e-03,6.369398818342424280e-03,2.135662519754332606e-02,2.648643431456745509e-02,9.830474673639530078e-03,6.991022099113716748e-03,8.943275944806563377e-03,0.000000000000000000e+00,1.237234425049802897e-02,0.000000000000000000e+00
9.049215798821870840e-03,0.000000000000000000e+00,6.603178343905366336e-03,0.000000000000000000e+00,9.823522755487888725e-03,9.477356530942752585e-03,1.377374440167250177e-02,1.087888001527921415e-02,4.975894944950764141e-03,6.181146046828563806e-03,1.028026988748791462e-02,8.245576408332041043e-03,8.036730174856137124e-03,5.849282245183913889e-03,7.061194294629308602e-03,6.376311664320170013e-03,7.344641967271506658e-03,6.270377571305030782e-03,1.513912251537908801e-02,6.023384878688577311e-03,8.383855389198406963e-03
6.933496472120221320e-03,6.109670747746801314e-03,9.061797604637449044e-02,1.233802227723559790e-02,1.796228854967666169e-02,3.763436762012960322e-03,1.841535527771058847e-02,7.309788161495328618e-03,7.317339970538653746e-03,6.372200060858490729e-03,8.654274466928249532e-03,8.574306010948848020e-03,8.837990224457682037e-03,8.448480890159136905e-03,7.757786460488333251e-03,0.000000000000000000e+00,4.464603345965550626e-03,6.612113065705450821e-03,5.818239622743999473e-02,2.593961161003249458e-02,7.592269945644203322e-02
8.629517703340378737e-03,2.131669580045557691e-02,8.609214072035549850e-03,1.524169255114743611e-02,9.778758829410308037e-03,5.359059241014405700e-03,5.642529476737504802e-03,8.619343087197698511e-03,1.079022846086504471e-02,7.337806242575269436e-03,9.236151809812251715e-03,1.139658646279740652e-02,0.000000000000000000e+00,1.327595258334994532e-02,1.034758123421969898e-02,2.292186971401573292e-02,8.376619012331450176e-03,0.000000000000000000e+00,0.000000000000000000e+00,1.822024772517244831e-02,6.280322316099601863e-03
1.316883801251976342e-02,0.000000000000000000e+00,0.000000000000000000e+00,0.000000000000000000e+00,0.000000000000000000e+00,1.460494910944210717e-02,0.000000000000000000e+00,0.000000000000000000e+00,1.276012835005458680e-02,4.209093228774468676e-02,6.953627226538748249e-03,2.177891757862103136e-02,1.200572469711541634e-02,0.000000000000000000e+00,1.740966422065872224e-02,4.926988642352897636e-03,7.741871797802519356e-03,1.174414068852389949e-02,7.403686673166218549e-03,4.057411838328504883e-02,6.957844681086294489e-03
1.169584662447435697e-02,2.799627880773300839e-02,0.000000000000000000e+00,4.048589643232905315e-03,5.016214550946819159e-03,7.150411353447538344e-03,0.000000000000000000e+00,1.001632452073557798e-02,5.082530476024469876e-03,4.120941267582867683e-03,8.369682564509992387e-03,3.325286204850606137e-02,1.482139076348810459e-02,9.329337681743821165e-03,5.704742545441128521e-03,0.000000000000000000e+00,0.000000000000000000e+00,7.577702814093758080e-03,8.336920985652555502e-03,0.000000000000000000e+00,0.000000000000000000e+00
0.000000000000000000e+00,1.535461606011699620e-02,3.439033174261439674e-02,0.000000000000000000e+00,0.000000000000000000e+00,1.395446684569950566e-02,0.000000000000000000e+00,0.000000000000000000e+00,1.004953360266484103e-02,5.878565085462882089e-03,1.416209423285878094e-02,1.169606092215697349e-02,6.643353183959196245e-03,0.000000000000000000e+00,4.219570393904556287e-03,9.285293098086754016e-03,3.529866040388562193e-02,1.151823036128708962e-02,0.000000000000000000e+00,1.033280205773277546e-02,0.000000000000000000e+00
0.000000000000000000e+00,1.090840527526376960e-02,9.268043907833308642e-03,0.000000000000000000e+00,0.000000000000000000e+00,3.333778364471950365e-03,6.311756065646648671e-03,3.050156563050798048e-02,7.830011854933338969e-03,6.186735339577995561e-03,8.049821226681085767e-03,6.765608456716582300e-03,4.821498950643281559e-03,0.000000000000000000e+00,8.042266315675616895e-03,7.714392450703886142e-03,1.175927240684675884e-02,4.930939809549534682e-03,6.620484369438408949e-03,4.883495842773677952e-03,1.349582440185801216e-02
0.000000000000000000e+00,0.000000000000000000e+00,0.000000000000000000e+00,0.000000000000000000e+00,1.533860421550731559e-02,7.803708695868424861e-03,0.000000000000000000e+00,2.263685746011021710e-02,1.556146470300243632e-02,2.013155205829560493e-02,7.358411913553329631e-02,1.709154430020879412e-01,0.000000000000000000e+00,0.000000000000000000e+00,5.392072722181603939e-03,9.559318932838210131e-03,1.581869421249291335e-02,1.235432279260114709e-02,0.000000000000000000e+00,4.007506494406393172e-02,9.172551589298796534e-03
7.584868949005929215e-03,0.000000000000000000e+00,0.000000000000000000e+00,2.683760154299330569e-03,8.831915223095012160e-03,6.923596075964905984e-03,4.711396113092137725e-03,7.817244893570836350e-03,8.556251667339453623e-03,8.099662440802976246e-03,6.555435971367698164e-03,1.210903093668413673e-03,4.717631189277548404e-03,7.108169726674925214e-03,5.298466681364463922e-03,5.094979124894919408e-03,7.266359507154609987e-03,7.363427493435119667e-03,9.122484108997300917e-03,7.214648423109063131e-03,4.017484753436696698e-03
0.000000000000000000e+00,0.000000000000000000e+00,1.649683265843275223e-02,0.000000000000000000e+00,7.876860756703287988e-03,8.959243404452147536e-03,9.783823340541827895e-03,1.319967270557019165e-02,7.732612038677151578e-03,6.806796405139498712e-03,0.000000000000000000e+00,7.464292716960294928e-03,8.718677105608441461e-03,1.070093852311543477e-02,7.022417338648478599e-03,6.079379576618319271e-03,4.264799817158219236e-03,9.137217437773355322e-03,8.111637139744949654e-03,0.000000000000000000e+00,3.201479412585130080e-02
0.000000000000000000e+00,0.000000000000000000e+00,0.000000000000000000e+00,1.969878153376657809e-02,8.663255651396967530e-03,6.437079608665038574e-03,2.487845433377197310e-02,0.000000000000000000e+00,6.181497120216744752e-03,7.300286188660186880e-03,1.239926096802681718e-02,7.078164554922578011e-03,7.540954455577467998e-03,4.466996182411526323e-02,1.228527804111114938e-02,1.119297293675047475e-02,1.885226135446445642e-02,9.117851308091432308e-03,3.338754821683166674e-02,0.000000000000000000e+00,1.899538324171257814e-02
0.000000000000000000e+00,1.040217673710340865e-02,7.747138772372079256e-03,5.951791818456785531e-03,8.660049112735861837e-03,6.593427893636275017e-03,6.988808032686947766e-03,7.048804928271644107e-03,9.321685156765784075e-03,9.499875380786155718e-03,8.015094426686698512e-03,7.778244210930323685e-03,8.400173958276800287e-03,6.445958692431415053e-03,8.368570069751940857e-03,6.565482176600857291e-03,5.978565101489978668e-03,7.207848502180509188e-03,1.028164062238284132e-02,8.092103385492143211e-03,2.851557889738677576e-02
0.000000000000000000e+00,0.000000000000000000e+00,8.858734334029304269e-03,7.590909640446930583e-03,8.594884497981685953e-03,8.716840584449580751e-03,0.000000000000000000e+00,6.692168423026498454e-03,8.540182663199395036e-03,5.970459442301003991e-03,7.159233459883970405e-03,1.046404025364639293e-02,8.225773287259588104e-03,0.000000000000000000e+00,7.113670702495997027e-03,7.740420677488271672e-03,5.958700018243875095e-03,8.173112616347705250e-03,1.257099716682204271e-02,1.474574211330877994e-02,8.237307481085924532e-02
1.232627862301184131e-02,1.346614453330471396e-02,0.000000000000000000e+00,7.968759787863852889e-03,1.388084521622484462e-02,1.129473974630934227e-02,8.960957876670727629e-03,0.000000000000000000e+00,1.498684545498981668e-01,8.435445575500735357e-03,1.042666596383974402e-02,0.000000000000000000e+00,4.993213505227366705e-03,1.813839287250149784e-02,4.667376905336652858e-03,4.225411601451331545e-03,7.856173904942852573e-03,9.941216974944204476e-03,0.000000000000000000e+00,0.000000000000000000e+00,8.202402474711210575e-03
1.037185025957310797e-02,1.128667109523649216e-02,1.272781007619401203e-02,6.741095238629642855e-03,1.098971351440432287e-02,8.729048246267714223e-03,1.660842049866015011e-02,1.233752959154352583e-02,8.517055007116521720e-03,9.484167448692168434e-03,1.119411862346082927e-02,1.312171049449120837e-02,6.103458474542276975e-03,0.000000000000000000e+00,1.121513662865375460e-02,0.000000000000000000e+00,9.234186943365238487e-03,1.159366886477663540e-02,1.755831024243892716e-02,0.000000000000000000e+00,1.123639023891002953e-02
0.000000000000000000e+00,1.211286887564341601e-02,0.000000000000000000e+00,0.000000000000000000e+00,7.968481140098963161e-03,1.178361662832968712e-02,0.000000000000000000e+00,9.927478970158897659e-03,7.856218043378652982e-03,1.199063579475243176e-02,0.000000000000000000e+00,1.112581894840709157e-01,1.563756415453411430e-02,3.426902496374169965e-02,1.032889598616451750e-02,4.886790821317927962e-03,2.155491670409778043e-02,7.996618026452618350e-03,8.059354910589100127e-03,5.481561963890151101e-02,1.316524959120200268e-02
8.212400896167773579e-03,1.131321133858176342e-02,0.000000000000000000e+00,0.000000000000000000e+00,7.356223556714292129e-03,7.442002556852501255e-03,4.454672993987230864e-03,0.000000000000000000e+00,8.423255854875582802e-03,1.340415398369248362e-02,2.245915425802266080e-02,8.908948158694102865e-03,9.103760512304614333e-03,0.000000000000000000e+00,1.342911699896059442e-02,0.000000000000000000e+00,6.788570381509129691e-03,5.206834289921201224e-03,1.114180028197407461e-02,2.305880751777971555e-02,0.000000000000000000e+00
0.000000000000000000e+00,0.000000000000000000e+00,0.000000000000000000e+00,1.447549969269672221e-02,5.093543837949752844e-03,1.054235321734770664e-02,0.000000000000000000e+00,8.222337122215961011e-03,3.180302500449681130e-03,8.492560686210969684e-03,1.016409111136458952e-02,9.457302489394477096e-03,1.067024612247798390e-02,0.000000000000000000e+00,1.379459317836301963e-02,1.095137373563537936e-02,1.220680120992799315e-02,1.287505380782119624e-02,8.922989407867929629e-03,0.000000000000000000e+00,0.000000000000000000e+00
1.111693007489403077e-02,0.000000000000000000e+00,8.310083427153213201e-03,1.110854105197692406e-02,1.420857620321477055e-01,7.232674526224133413e-03,6.751773739475710676e-03,1.076268162785110061e-02,1.576366696356139643e-02,6.678856767725133842e-03,7.779142014788931539e-03,6.580648599692379662e-03,5.676879368633537017e-03,4.693645353776042077e-03,6.096751692025316471e-03,1.016287957717473128e-02,5.576165915385440305e-03,4.972841283670783458e-03,8.758219958044084416e-03,1.409102404296006146e-02,0.000000000000000000e+00
0.000000000000000000e+00,0.000000000000000000e+00,0.000000000000000000e+00,1.728663392108875999e-02,0.000000000000000000e+00,9.929859260990868755e-03,2.592178596151875798e-03,0.000000000000000000e+00,5.404674051407718297e-03,6.399331340845218659e-03,1.009605237624992824e-02,2.728575909331485555e-02,4.972202269663101443e-02,0.000000000000000000e+00,1.048100472985556003e-02,1.418682262837243045e-02,1.617042317452010991e-02,6.298854198163911927e-03,1.110638178079533314e-02,4.151942789602240669e-02,1.468267257019555128e-02
7.636011768515580007e-03,1.496544457245442203e-02,0.000000000000000000e+00,0.000000000000000000e+00,0.000000000000000000e+00,1.777583495486684609e-02,1.539342100473543341e-02,2.169027996143692641e-02,6.672045036909123039e-02,8.265014706968130953e-03,0.000000000000000000e+00,1.515125622504772014e-02,3.156312341597689898e-03,1.036714372004389310e-02,8.647508668609233881e-03,1.115024191564741203e-02,9.606529294438479610e-03,1.507167424305318540e-02,0.000000000000000000e+00,0.000000000000000000e+00,0.000000000000000000e+00
9.932703513658894257e-03,0.000000000000000000e+00,1.048596673286136122e-02,9.574887553958249739e-03,0.000000000000000000e+00,7.866834523691761463e-03,8.056447989176668961e-03,0.000000000000000000e+00,0.000000000000000000e+00,6.650931524481058094e-03,0.000000000000000000e+00,1.205098551438969420e-02,9.766155680052637789e-03,1.036329402326718538e-02,9.327659237243053625e-03,3.270871650715231893e-02,1.019465281782915532e-02,6.185314527141244634e-03,7.761563996078072424e-03,0.000000000000000000e+00,1.829398298807322423e-02
1.671630366899868117e-02,1.327101010732988605e-02,0.000000000000000000e+00,0.000000000000000000e+00,7.961390398573750873e-03,1.848892744919726494e-02,1.130526041490172683e-02,8.067067276738367279e-03,1.183379315966410703e-02,0.000000000000000000e+00,0.000000000000000000e+00,1.147841010849836620e-02,1.351726959813776691e-02,0.000000000000000000e+00,3.597405545877238077e-03,1.377277770966028013e-02,7.919319368497221637e-03,7.640964733674253384e-02,0.000000000000000000e+00,1.082531472899097777e-02,0.000000000000000000e+00
9.105803529184547732e-03,0.000000000000000000e+00,7.293432496432275536e-02,0.000000000000000000e+00,9.201966183167684804e-03,7.952379536110729466e-03,9.571747335311868790e-03,9.276999417582788843e-03,7.154306827414996794e-03,8.652007689105388824e-03,8.788117864914285829e-03,6.645213593997276354e-03,1.230518451368613035e-02,6.305551000147736375e-03,7.091990575879825003e-03,7.258080401690540293e-03,6.546205413947204892e-03,4.678399533750017894e-03,1.010258446242432058e-02,3.998315206026174969e-03,0.000000000000000000e+00
8.085644893163568617e-03,5.227315892811867232e-02,0.000000000000000000e+00,0.000000000000000000e+00,7.321499382823839878e-03,1.619811334575221862e-01,0.000000000000000000e+00,0.000000000000000000e+00,8.988906295874336816e-03,5.577780511311261624e-03,1.520397756719754634e-02,1.065064779333471656e-02,7.070838451740078801e-03,0.000000000000000000e+00,0.000000000000000000e+00,7.218048526163279958e-03,1.397231670330518170e-02,1.403154885009718321e-02,0.000000000000000000e+00,8.284380117660901030e-03,0.000000000000000000e+00
1.110129946776339943e-02,6.803179639825089955e-03,2.232969932978980457e-02,0.000000000000000000e+00,1.356384531033876135e-02,2.838841873211205361e-02,7.073874558842514759e-03,1.356522409015328313e-02,9.735589820291387989e-03,1.283142505739031866e-02,8.774398336481824268e-03,1.036276848440918601e-02,6.781214487812535843e-03,0.000000000000000000e+00,0.000000000000000000e+00,4.679485372017135568e-03,1.063136876570832182e-02,1.185191679542610399e-02,3.276962338017182924e-02,2.850421900039791512e-02,0.000000000000000000e+00
