1.763776195825877136e-01,6.700491869701151737e-01,1.000000000000000000e+00,5.503756187899360164e-01,2.415254882703563311e-01,7.118008550564671744e-01,1.000000000000000000e+00,9.844134245530151706e-01,1.959980482264150337e-01,3.614209147057008131e-01,1.000000000000000000e+00,3.745751978702436397e-02,5.618791725273721838e-01,2.382996041721014702e-01,6.170641409772773534e-01,6.073322702110354188e-01,3.590792072960967141e-01,5.264189419420522986e-01,2.429269787020670868e-01,4.450371712536505542e-01,5.165520547108980454e-01
1.000000000000000000e+00,9.908965389517858657e-01,3.732945121111608811e-01,2.500778383053416931e-01,2.966092314456251211e-01,1.487706159543067952e-01,1.401976657543459737e-01,1.000000000000000000e+00,7.019448903411005247e-01,8.985172347498950884e-01,7.449311057122693924e-01,1.000000000000000000e+00,7.635735993725163429e-01,1.000000000000000000e+00,4.553213368432841301e-01,5.775424719388533301e-01,6.415103352899859113e-01,8.029556747399473338e-01,8.743512327845784915e-01,2.462469186828146195e-01,3.140553833858675259e-01
6.454990679462752068e-01,1.000000000000000000e+00,5.277720002381842690e-01,6.367939008293740932e-02,1.270113254001325187e-01,2.289759891137929937e-01,9.665581057810290755e-01,8.065146348174291602e-02,7.344495139309710208e-01,5.483829225271614760e-01,8.100533617351544091e-01,2.361598037893952728e-01,9.469773674826127419e-01,4.629164282634203875e-01,4.977856629253729626e-01,1.000000000000000000e+00,4.426272788977886896e-01,1.704597632437284127e-01,3.201828767065487691e-01,7.250548752812082665e-01,6.773825924944973931e-01
1.789734178657961250e-01,1.000000000000000000e+00,1.000000000000000000e+00,1.483245378833800143e-01,5.100979291058627130e-01,2.717590389809558804e-01,5.205020046883110929e-01,2.635001635709055545e-01,8.682561886368234116e-02,1.000000000000000000e+00,8.091541017812025061e-01,1.999841408592538117e-01,9.352758289514953027e-01,1.000000000000000000e+00,5.603245303981828629e-01,5.651867288992329375e-01,3.749402747104585987e-01,8.494254171334999493e-01,9.649765911141063857e-01,3.815069917293903989e-01,6.294896610252969094e-01
2.540756523010431062e-02,1.411587330236799831e-01,8.772401781877676719e-01,7.039268029811669436e-01,7.195544341476038941e-01,8.676369477918782769e-01,2.794707594530616568e-01,1.000000000000000000e+00,3.456748815324736102e-01,6.159281539912726533e-01,1.316874728771386394e-01,8.330116761838544104e-01,8.172844127458021857e-02,1.000000000000000000e+00,2.793214473356115390e-01,1.000000000000000000e+00,8.830632496726257274e-01,7.708249126069744994e-01,2.453951853463247901e-01,2.849482114379520703e-01,3.811778410672497786e-01
1.000000000000000000e+00,1.000000000000000000e+00,1.141604423790104350e-01,1.000000000000000000e+00,7.402056999273065596e-01,1.795352655782907481e-01,8.240309095601212608e-01,1.000000000000000000e+00,1.579578508813637705e-01,6.781852683204495635e-01,2.132014802274419529e-01,1.562680937982000029e-02,3.291772227907652226e-02,1.247620608746652787e-01,3.085556301695465686e-01,4.733312944893090096e-02,1.571857640732992056e-01,6.627066045995546606e-01,3.340446898978661761e-01,3.442231332020979084e-01,4.746822220755752553e-01
1.000000000000000000e+00,1.000000000000000000e+00,1.800831693151113411e-01,8.544861703981044831e-01,7.480668010245248301e-01,1.019784197832398487e-01,4.201123808966674700e-01,6.807790522616831153e-01,3.474057487873979944e-01,7.440811600076063792e-01,6.031474184324183696e-01,1.549271972451901347e-01,9.161508059482585953e-01,1.000000000000000000e+00,8.629970035373000226e-01,6.502288328375784854e-01,8.464277211294070069e-01,9.963845375000245363e-01,1.087536680531498573e-02,1.862281851556629453e-01,7.700607276876882956e-01
1.000000000000000000e+00,8.897611786845820436e-01,1.000000000000000000e+00,2.179581593643783455e-01,1.873104490472181638e-01,7.302606941060656442e-01,1.000000000000000000e+00,2.223572560386247454e-01,2.537227490795234131e-01,1.000000000000000000e+00,2.091601292202473206e-01,1.000000000000000000e+00,1.000000000000000000e+00,1.000000000000000000e+00,2.938990489942320261e-01,3.456517067434336857e-03,6.080650238308993316e-01,3.114996589672427291e-02,3.441032355567161805e-01,1.000000000000000000e+00,6.712728907402547296e-02
1.000000000000000000e+00,1.000000000000000000e+00,5.312988873441693016e-01,2.828475295176628435e-01,4.376044324679924102e-01,4.550047086420602183e-01,3.682995340326679079e-01,7.381237198345762529e-01,1.159473102335928096e-01,5.859237077280251421e-02,2.080408802058338752e-02,2.680589501670436192e-01,1.000000000000000000e+00,1.000000000000000000e+00,2.363492663519121961e-01,1.634996538914010034e-01,9.096945853320655140e-02,3.070835801082934940e-02,4.563183743430040962e-01,1.000000000000000000e+00,5.059558088852431634e-01
1.000000000000000000e+00,5.046003964914770323e-01,6.469960885142458373e-01,8.815522843187690860e-01,2.171450256708166646e-02,9.418039306837444613e-01,1.000000000000000000e+00,4.065997173042366630e-01,8.335518096701319823e-01,1.166179493197541939e-01,1.538366937076581231e-01,1.000000000000000000e+00,1.000000000000000000e+00,8.024113893798325847e-01,4.103329972552757776e-01,9.453377061687575633e-01,2.459060754903279744e-01,1.000000000000000000e+00,6.346003283868324463e-01,1.000000000000000000e+00,1.000000000000000000e+00
9.877011034750977636e-01,7.944178331792784986e-01,1.000000000000000000e+00,2.604705216933841383e-01,8.508165279144985771e-01,8.587395235780856950e-01,1.000000000000000000e+00,6.671341385708280391e-01,6.227483507655477979e-01,7.974048066710770488e-02,2.485189829999985001e-01,7.714896016012897650e-01,1.000000000000000000e+00,6.359910200893117427e-01,1.922684976492356757e-01,1.240637071383296902e-01,1.207048736180269394e-01,1.942987958969758788e-01,7.065592520386154707e-01,7.147334542379377709e-01,1.000000000000000000e+00
4.029238182252192074e-02,9.076121872109436106e-01,1.000000000000000000e+00,1.000000000000000000e+00,9.451759170613036054e-02,5.083811925462421444e-01,1.000000000000000000e+00,1.000000000000000000e+00,1.000000000000000000e+00,3.163579932012460239e-01,2.526119078698227383e-01,1.376990216023579738e-01,1.895785364509097737e-01,6.234057886232565598e-02,1.000000000000000000e+00,1.065860033225967951e-01,8.052746863775466224e-01,1.000000000000000000e+00,5.834180442915783138e-02,1.000000000000000000e+00,1.000000000000000000e+00
6.168553699653809425e-02,1.000000000000000000e+00,3.896151750969018557e-01,3.004268923360352006e-01,2.558440663642964734e-03,8.454846133550939502e-01,4.861193838958323687e-01,1.000000000000000000e+00,1.000000000000000000e+00,9.509923004347455022e-02,1.000000000000000000e+00,9.626824811368990265e-01,9.258453257511116696e-01,1.000000000000000000e+00,1.000000000000000000e+00,4.353359206770401890e-02,3.275731114010538847e-01,1.000000000000000000e+00,1.452636315738751183e-01,1.000000000000000000e+00,1.000000000000000000e+00
7.901640229906186086e-01,1.000000000000000000e+00,1.000000000000000000e+00,1.000000000000000000e+00,1.000000000000000000e+00,6.980838223223173600e-01,1.000000000000000000e+00,1.000000000000000000e+00,2.022382703682971683e-01,1.630857960148196228e-01,1.000000000000000000e+00,3.085085768170439668e-02,5.134419180841190977e-01,1.000000000000000000e+00,7.862791287167436582e-02,7.269819041090375134e-01,3.266920580540895180e-01,6.946505331759833535e-01,7.324821720924440394e-02,1.000000000000000000e+00,1.000000000000000000e+00
7.841303352873887911e-02,1.000000000000000000e+00,7.956634168555885012e-01,4.420324893482056594e-01,7.610033051532945070e-01,1.000000000000000000e+00,4.932145535424629079e-01,1.000000000000000000e+00,7.001896925958694951e-01,4.665271999560911542e-01,7.355344085025607992e-01,5.340332521955386547e-01,8.882230136606072968e-01,2.186847673212423959e-01,3.789247821248975523e-02,3.199560894467436412e-01,3.730700020771320347e-01,4.586607517051403127e-01,8.603078867938893648e-01,1.000000000000000000e+00,1.000000000000000000e+00
1.488287406190027043e-02,3.220235401914625095e-01,1.000000000000000000e+00,6.388770869335025360e-01,2.844349257618120075e-01,8.053300954793560784e-01,1.000000000000000000e+00,3.418780363410678924e-01,8.182013831936767456e-01,8.738757249917065151e-01,1.000000000000000000e+00,2.981976534406320378e-01,1.275589622096301619e-02,5.426846132133403833e-01,3.272973071852348648e-01,9.425373087722714593e-02,2.888620352017446935e-01,9.558411847554787455e-01,1.156852200101163818e-02,1.870772787021664912e-02,4.208419372269629755e-02
2.516757349240203098e-02,1.832332824472355792e-01,1.000000000000000000e+00,1.000000000000000000e+00,1.000000000000000000e+00,1.937318029299972544e-01,1.000000000000000000e+00,1.000000000000000000e+00,8.298415582241326360e-01,4.257663450391896420e-02,1.000000000000000000e+00,2.646707917707364355e-01,1.179939938293752821e-01,1.000000000000000000e+00,1.000000000000000000e+00,2.897577325785469227e-02,8.128139761453614387e-01,7.232156130366714820e-03,5.161039018725682541e-03,1.000000000000000000e+00,6.410328581079116628e-01
4.936719204192468458e-01,6.079561677604001790e-01,1.000000000000000000e+00,8.535814464937813151e-01,1.589185729244424194e-01,3.672796679162706468e-01,1.000000000000000000e+00,1.000000000000000000e+00,2.992339122714398128e-02,5.028087428472389764e-01,9.788711820910696026e-01,1.000000000000000000e+00,1.000000000000000000e+00,4.643908713769147496e-03,9.664379248494432417e-01,4.825661247786689478e-01,1.000000000000000000e+00,3.965453892565506955e-01,1.000000000000000000e+00,1.000000000000000000e+00,3.686239454738957644e-01
1.000000000000000000e+00,9.166554020136539194e-01,1.000000000000000000e+00,9.607932512333945407e-01,9.621137906627235115e-01,5.963578884107554323e-01,1.000000000000000000e+00,2.444025228234848190e-01,4.010411627314051097e-01,3.012763217663000717e-02,8.039084380816234887e-01,2.826640184524377708e-01,1.000000000000000000e+00,1.000000000000000000e+00,9.437613881003772409e-01,6.831779721929840399e-01,5.159692726283235942e-01,4.656616162089075583e-01,4.759279817235016752e-02,6.688486828769237835e-01,1.451331810120988150e-02
5.805313283235498112e-01,1.000000000000000000e+00,1.000000000000000000e+00,6.592638972736701852e-01,1.000000000000000000e+00,7.631457315208036718e-01,1.000000000000000000e+00,8.768061812222920359e-01,1.000000000000000000e+00,5.805701473804879553e-01,1.000000000000000000e+00,8.820834916056276009e-01,1.000000000000000000e+00,7.551814357550190593e-01,8.370144654799409611e-01,8.808259765329808921e-01,9.859713857561801520e-01,1.000000000000000000e+00,1.145441802728207892e-01,3.250925196502717496e-01,8.665194874836081862e-01
1.000000000000000000e+00,1.000000000000000000e+00,2.070754780911039095e-01,1.000000000000000000e+00,1.000000000000000000e+00,4.986092693670357567e-01,7.065215307056613714e-01,1.000000000000000000e+00,9.375949146741563434e-01,3.192743756888275202e-03,4.135412440387825073e-01,2.062430865269210961e-02,1.000000000000000000e+00,9.949633577529173323e-01,1.481111929466340793e-01,2.144504127460740428e-01,4.916267887809829262e-01,1.459988369887267878e-01,8.316319839281025583e-01,7.593558644902099752e-01,3.423006110447569528e-01
5.481022659724338331e-01,1.000000000000000000e+00,1.000000000000000000e+00,1.000000000000000000e+00,7.278221367705850486e-01,8.375339683300546678e-01,1.332160690512925183e-01,1.000000000000000000e+00,1.000000000000000000e+00,2.199933774995475599e-01,3.973599474010300892e-01,5.644779835972931759e-01,1.831760169228886515e-01,1.000000000000000000e+00,7.940475770396209221e-01,1.000000000000000000e+00,4.540358409342847845e-01,1.000000000000000000e+00,1.000000000000000000e+00,1.000000000000000000e+00,1.000000000000000000e+00
4.275940869437909742e-01,1.000000000000000000e+00,1.000000000000000000e+00,9.162558693058554526e-01,6.803901349756100725e-01,1.863330466074572811e-01,1.000000000000000000e+00,7.037117211052963395e-01,4.064055434089761110e-01,1.348302591610955059e-01,8.378404704584463403e-01,1.000000000000000000e+00,2.011456274111393661e-01,1.000000000000000000e+00,8.427116046899829627e-01,4.362872745740223324e-01,4.766351600836865599e-01,8.311153563990334447e-01,3.325642430525981852e-01,1.000000000000000000e+00,1.000000000000000000e+00
5.655650737063013800e-01,1.000000000000000000e+00,1.000000000000000000e+00,1.000000000000000000e+00,1.000000000000000000e+00,9.931107685455068390e-01,7.681912824629529846e-01,1.000000000000000000e+00,9.333346416745063046e-01,1.000000000000000000e+00,9.427106036886736540e-01,9.834276831494594973e-01,9.069277230041106197e-01,1.000000000000000000e+00,8.006504828984741806e-01,9.631302559127356000e-01,1.000000000000000000e+00,3.123022702999798672e-01,1.000000000000000000e+00,1.000000000000000000e+00,2.094136582242713332e-02
5.965140482248575127e-02,1.000000000000000000e+00,2.911663373040633274e-01,1.000000000000000000e+00,1.000000000000000000e+00,2.053494599376162189e-01,1.000000000000000000e+00,1.000000000000000000e+00,1.797133803160315124e-01,2.505596089849361774e-01,9.898634427972892169e-01,1.000000000000000000e+00,1.000000000000000000e+00,6.046180628282157299e-01,5.063161557133691870e-01,6.631906721331390919e-01,7.017407933730714920e-01,2.430259429325214993e-01,2.559326771602528083e-01,1.000000000000000000e+00,6.653774394283442639e-01
1.000000000000000000e+00,3.793113195770579926e-01,4.510109172845838676e-02,6.724173213143309624e-01,1.000000000000000000e+00,8.746875028105779992e-02,1.000000000000000000e+00,1.000000000000000000e+00,1.000000000000000000e+00,5.323779109046684610e-01,6.758316222430682529e-01,1.000000000000000000e+00,1.000000000000000000e+00,7.922145200417458621e-01,4.177453577021905118e-01,5.409150733955563339e-01,3.943762040706870198e-01,1.353589814549981118e-01,1.000000000000000000e+00,4.812202887864863166e-01,8.568340425420695183e-01
2.007358443669640669e-01,9.319053082365495733e-02,1.000000000000000000e+00,3.704631252290080945e-01,1.444970159761927442e-01,2.998941889979432895e-01,2.165469229518383609e-01,1.000000000000000000e+00,6.872559653267487079e-01,7.733901953229526116e-01,3.709498563751413847e-01,4.094792400847468983e-01,3.306149720925851687e-01,4.664705117720694405e-01,9.752773283815081573e-01,2.016562732711205952e-01,8.567222750212398763e-01,3.372756275301061479e-01,9.213112691899624229e-01,1.000000000000000000e+00,9.845432941766016910e-01
1.000000000000000000e+00,1.650495531622966083e-01,1.000000000000000000e+00,8.295299924582872908e-01,9.644856669593397935e-01,4.470080950287337318e-01,1.000000000000000000e+00,1.000000000000000000e+00,1.000000000000000000e+00,1.000000000000000000e+00,2.849366140762316646e-01,5.527723775980852849e-01,1.000000000000000000e+00,5.384285931266469261e-01,3.417389373685315590e-01,9.241931478402868327e-01,4.658364169837345692e-01,2.638295707337927065e-01,9.462916265857915787e-01,6.520297529798178005e-01,5.203723461153617613e-01
1.000000000000000000e+00,1.000000000000000000e+00,1.000000000000000000e+00,9.470767305033627181e-01,1.074925732780861454e-01,3.174021854806491905e-01,6.825194717199843941e-01,1.000000000000000000e+00,1.000000000000000000e+00,7.915691926803343215e-01,7.224266243480024219e-01,5.294217042753719404e-01,8.996683340634060722e-01,3.170392333286645159e-02,1.429332579924436075e-01,4.481598078736031554e-01,8.767626748709894668e-01,7.597300808146670650e-03,1.000000000000000000e+00,1.649898321154423531e-01,1.000000000000000000e+00
7.374852423449606009e-01,1.000000000000000000e+00,2.114705461278643950e-01,1.000000000000000000e+00,5.258973688793876500e-01,2.575335240326184771e-01,2.565668106880676369e-01,1.278867509099829158e-01,1.000000000000000000e+00,9.425190928583369043e-01,1.000000000000000000e+00,2.684882829411583960e-01,6.989635648699380477e-01,9.678408438314833884e-02,2.362420582430466154e-01,1.121944042337886804e-01,2.393344460226653758e-01,1.000000000000000000e+00,1.000000000000000000e+00,9.676911893654166485e-01,1.000000000000000000e+00
2.269913494977746915e-01,1.000000000000000000e+00,1.000000000000000000e+00,8.443497079753794488e-01,1.000000000000000000e+00,9.055456889720232549e-01,2.993763402925019856e-01,1.733222069381566144e-01,7.445894518871747358e-01,6.371908479823507054e-01,2.858163340005083763e-01,1.000000000000000000e+00,7.410781668340823969e-02,8.604685489826453537e-01,7.831935771298624560e-02,8.937638205875130248e-01,3.914153814526963870e-01,4.191674918990811460e-01,5.377376646176593722e-01,5.748089826564926064e-01,1.075160708310074070e-01
1.000000000000000000e+00,1.000000000000000000e+00,4.182512257116155485e-01,8.906181721051877886e-01,1.000000000000000000e+00,5.083461782685405606e-01,1.000000000000000000e+00,8.026087478631616090e-01,1.000000000000000000e+00,5.503068310761236592e-01,4.639754950162915392e-01,1.000000000000000000e+00,1.000000000000000000e+00,1.000000000000000000e+00,6.232921506874473661e-01,2.400330673309380158e-01,9.470670316842181875e-04,5.949591211502966992e-01,2.934298953487178840e-01,1.000000000000000000e+00,7.502375377365991804e-01
5.147613850387096068e-01,4.400917576313093660e-01,3.825097655863578944e-02,1.356537426510934230e-01,1.397597619737470376e-01,5.014912384987227911e-01,1.000000000000000000e+00,9.223086961591405730e-01,5.656479895292616522e-01,6.763242393715611644e-01,6.040555421353317467e-01,1.000000000000000000e+00,5.530187502141193923e-01,6.670277440630987265e-01,1.000000000000000000e+00,6.019448343102430654e-02,6.469777481156198107e-01,7.405668526794689788e-01,8.205235571388849181e-01,6.949320409178385560e-01,6.890163640234733267e-01
7.167414955500828189e-01,5.818540764219419792e-01,3.817778574139250591e-01,3.341812927689690182e-01,1.000000000000000000e+00,7.143730461742328064e-01,8.759428338115753387e-01,9.534054715668173474e-02,6.613090757792049468e-01,3.068448740602691682e-01,6.405216775468335413e-03,1.000000000000000000e+00,1.000000000000000000e+00,3.730840269681767740e-02,3.257841116906853851e-01,2.575197706941009246e-01,1.000000000000000000e+00,5.016287846675144824e-01,9.034499529374220295e-01,1.000000000000000000e+00,5.817105856122186669e-01
9.587701981456075995e-02,6.609590361077166687e-01,7.970813095028688178e-01,3.869537029198155120e-01,1.000000000000000000e+00,7.987665909645531581e-01,3.503160701056694526e-01,1.000000000000000000e+00,9.863993038337128816e-01,6.174817788986504130e-01,4.838513445199454921e-01,1.000000000000000000e+00,1.000000000000000000e+00,5.224004220729663306e-01,9.879181978373479112e-01,2.289387322368110211e-01,1.000000000000000000e+00,1.375761739864149458e-01,1.000000000000000000e+00,1.000000000000000000e+00,1.000000000000000000e+00
4.024050399811681666e-01,1.000000000000000000e+00,9.646329089413067936e-02,1.000000000000000000e+00,8.694890775694261720e-01,2.582851309023812547e-01,1.000000000000000000e+00,1.000000000000000000e+00,8.291215906532025670e-01,1.000000000000000000e+00,3.285697728260625894e-01,6.381274951273243623e-01,1.000000000000000000e+00,5.656794434651184478e-01,7.608292030798160521e-01,2.289096534948010242e-01,1.000000000000000000e+00,5.405711542041437001e-01,2.870484610036895812e-01,2.001328926286385090e-01,7.990381419272556407e-01
4.150502179112443013e-01,8.954066087640941696e-01,9.022967250569401410e-01,3.564100920497389469e-01,5.772904637779715520e-01,9.814288298022623147e-01,2.575716502672137920e-01,3.576752571121210589e-01,3.182275820675752875e-01,1.576613074613294474e-01,6.433047780133903659e-01,1.000000000000000000e+00,8.307029677926907052e-01,4.858268181129850594e-01,4.721721316580433925e-01,1.532631322571814947e-01,2.614139493935735969e-01,9.857934545778268554e-01,2.486199852800801968e-01,4.641252530712965396e-01,3.207914276814611276e-01
1.000000000000000000e+00,1.000000000000000000e+00,1.164566983193872085e-01,5.153474728438562913e-01,7.224687688718733902e-01,7.907698757337542350e-01,6.601087798783670246e-01,1.000000000000000000e+00,1.000000000000000000e+00,8.380408481518059061e-01,4.570681965963286353e-01,1.000000000000000000e+00,6.730929350479968321e-01,7.428870703096206174e-02,1.000000000000000000e+00,7.657490291906944302e-01,3.304351421255447008e-01,8.390968656089503597e-01,1.000000000000000000e+00,5.769015448364980259e-01,9.333927105765136290e-01
1.000000000000000000e+00,1.000000000000000000e+00,1.000000000000000000e+00,2.832278812775757548e-01,6.999275768477579707e-01,7.916276622002083041e-01,2.510431767869643060e-01,3.339825964607694153e-02,7.779060176756761313e-01,8.047672313872742400e-01,1.000000000000000000e+00,9.797626622287025633e-01,1.000000000000000000e+00,2.522166021999324714e-01,3.832681555371921234e-01,1.391692665850762511e-01,3.609997935036399208e-01,1.000000000000000000e+00,5.766635082114099364e-02,5.767423197045903893e-02,1.000000000000000000e+00
1.000000000000000000e+00,5.049358743534106964e-01,2.343745886552714985e-01,1.000000000000000000e+00,5.383821935794710356e-01,7.881249112153070335e-01,1.000000000000000000e+00,2.843264636041263338e-01,2.008366544902619732e-01,7.610557693765255260e-01,5.482243085730189591e-01,9.259598159619365776e-02,1.000000000000000000e+00,8.409027774631836483e-01,5.380942166290030304e-01,4.505147837939586092e-02,9.598836291499865947e-01,1.000000000000000000e+00,4.357968777900275703e-01,1.000000000000000000e+00,4.409919886508886222e-01
1.000000000000000000e+00,6.592693599981089836e-01,1.000000000000000000e+00,6.938376316868239968e-01,7.136150602948974075e-01,1.000000000000000000e+00,8.499912727994606287e-01,1.000000000000000000e+00,1.125551165912691970e-01,2.492705993541838583e-01,1.000000000000000000e+00,1.000000000000000000e+00,1.000000000000000000e+00,1.000000000000000000e+00,5.497039945906937453e-01,9.920026091299209980e-01,5.492775927601097896e-01,9.493110758813486649e-01,5.004745226463501728e-01,8.152856474829487388e-01,6.151722070789046315e-01
2.073198649516921899e-01,1.000000000000000000e+00,1.000000000000000000e+00,6.880069446522197874e-01,1.000000000000000000e+00,6.208008243963984985e-01,1.000000000000000000e+00,1.000000000000000000e+00,3.830765756296334312e-01,2.806839708438515490e-01,1.000000000000000000e+00,1.000000000000000000e+00,1.000000000000000000e+00,1.000000000000000000e+00,9.735445320986586548e-01,5.732829510295425202e-01,1.944779246056374256e-01,1.000000000000000000e+00,5.923621733713529958e-01,1.000000000000000000e+00,2.654960575339312956e-01
1.000000000000000000e+00,1.000000000000000000e+00,7.824565891535064655e-01,1.000000000000000000e+00,1.000000000000000000e+00,1.000000000000000000e+00,2.166502289149117022e-01,1.000000000000000000e+00,3.453589136299446416e-01,6.035238428248159703e-01,3.580042702489386053e-01,1.000000000000000000e+00,1.000000000000000000e+00,1.000000000000000000e+00,1.000000000000000000e+00,3.031941675961677962e-01,1.000000000000000000e+00,9.773984590769789760e-01,8.183173564235339814e-01,1.000000000000000000e+00,1.000000000000000000e+00
4.400194535407150331e-01,1.000000000000000000e+00,1.000000000000000000e+00,9.191627111855196208e-01,5.726857796702388148e-01,5.945206134700330436e-01,1.000000000000000000e+00,1.000000000000000000e+00,4.038628121749640587e-01,1.517388602009410725e-01,1.000000000000000000e+00,1.000000000000000000e+00,2.585733599581955811e-01,3.586719401266374452e-01,1.000000000000000000e+00,4.025683105676070017e-01,1.000000000000000000e+00,6.621523391408029591e-01,1.000000000000000000e+00,1.000000000000000000e+00,1.000000000000000000e+00
7.314924794858701507e-01,1.000000000000000000e+00,4.423856947668133865e-01,7.326379590457847701e-01,4.931171227089293230e-01,9.295374093117014791e-01,1.000000000000000000e+00,1.000000000000000000e+00,1.595742475944094685e-01,9.558210727446785071e-02,1.000000000000000000e+00,5.918090479950081084e-01,9.558368354331351346e-01,1.000000000000000000e+00,5.122821123162117907e-01,7.472454613967287607e-01,1.000000000000000000e+00,1.000000000000000000e+00,1.434245022396220259e-01,7.688452904831177825e-01,1.000000000000000000e+00
7.986346572637729180e-01,4.673339779820925854e-01,1.000000000000000000e+00,8.811031338328515483e-01,1.311812751784038611e-01,6.771996296802955673e-01,1.000000000000000000e+00,1.000000000000000000e+00,8.160210198941080240e-01,6.711180700104276697e-01,1.000000000000000000e+00,1.000000000000000000e+00,1.000000000000000000e+00,1.000000000000000000e+00,5.549707543275885779e-01,8.012059990105359075e-01,1.000000000000000000e+00,1.000000000000000000e+00,5.598062156365196662e-01,1.000000000000000000e+00,1.000000000000000000e+00
1.000000000000000000e+00,4.928722079327202410e-01,1.000000000000000000e+00,8.111211029652291016e-01,1.000000000000000000e+00,4.436072812396462672e-01,1.569539284600761919e-01,1.000000000000000000e+00,4.791737150106200605e-01,8.237363943556363921e-01,4.743962953785620384e-01,1.000000000000000000e+00,1.000000000000000000e+00,4.364749928713080318e-01,8.351408037718316413e-01,3.625566002282177847e-01,8.198781583479775037e-01,4.028856300493233178e-01,1.000000000000000000e+00,1.000000000000000000e+00,1.000000000000000000e+00
4.623979764752282340e-01,5.241770441285240612e-01,1.000000000000000000e+00,1.000000000000000000e+00,1.000000000000000000e+00,3.672016605674719991e-01,1.000000000000000000e+00,3.136968183739695104e-01,2.884631775786778984e-01,1.000000000000000000e+00,9.718584187289898146e-01,2.964718465075733000e-01,1.000000000000000000e+00,1.000000000000000000e+00,1.000000000000000000e+00,3.914402416112196526e-01,7.203091338623929252e-01,9.004048427688444711e-01,1.000000000000000000e+00,1.000000000000000000e+00,5.260371358450740553e-01
7.285006202041757750e-02,9.949450463587151683e-01,1.000000000000000000e+00,5.915567138736829156e-01,7.039932032942968210e-01,2.318080214268666839e-01,1.000000000000000000e+00,1.000000000000000000e+00,7.334011265584056138e-01,2.033709949673643061e-02,1.000000000000000000e+00,1.000000000000000000e+00,1.000000000000000000e+00,1.000000000000000000e+00,6.134884691470603446e-01,1.000000000000000000e+00,4.854755411049120339e-01,7.866811484578033475e-01,1.000000000000000000e+00,3.450996943949187767e-01,1.000000000000000000e+00
4.636022128522990782e-01,1.000000000000000000e+00,4.833808711973667238e-01,7.985994963773432875e-01,3.725133711473750386e-01,7.620867767748185084e-01,1.000000000000000000e+00,1.000000000000000000e+00,9.977774162097843291e-01,6.796444750635642906e-01,1.000000000000000000e+00,1.000000000000000000e+00,1.000000000000000000e+00,1.000000000000000000e+00,2.824154621433446755e-01,2.015212016199728062e-01,8.503468912867028218e-01,5.095692128525428632e-01,1.000000000000000000e+00,1.000000000000000000e+00,3.493437950212168186e-01
6.293227522624580406e-01,2.503734340811728520e-01,3.819938147949812901e-01,1.000000000000000000e+00,2.931009189631719747e-01,1.000000000000000000e+00,6.664121011624934976e-01,3.680314817355038737e-01,1.000000000000000000e+00,4.788200970229827824e-01,2.178783861496728924e-01,3.344762510760862506e-01,1.000000000000000000e+00,1.000000000000000000e+00,5.836340119412872784e-01,9.603355857726915135e-01,3.223123269179840045e-01,2.355032411072077170e-01,3.386357278714669516e-01,1.000000000000000000e+00,1.000000000000000000e+00
9.684856050160567387e-01,9.337173722354427108e-01,1.000000000000000000e+00,9.782830859795714762e-01,1.000000000000000000e+00,9.097903501386295222e-01,4.406120749357318456e-01,1.000000000000000000e+00,8.574922276954748124e-02,1.000000000000000000e+00,1.000000000000000000e+00,1.406979583415815249e-01,5.662690568225344778e-01,2.234740384334778507e-01,1.000000000000000000e+00,7.782716959357970088e-02,6.790429200904615770e-02,4.719789238097234496e-01,2.705297010672422231e-01,1.000000000000000000e+00,1.000000000000000000e+00
5.712900802195991501e-01,6.648972098747214510e-01,1.000000000000000000e+00,1.000000000000000000e+00,1.000000000000000000e+00,1.000000000000000000e+00,4.675086521094387049e-01,1.684705500920482268e-01,1.000000000000000000e+00,8.015216839832408624e-01,1.000000000000000000e+00,1.760760262458070380e-01,1.000000000000000000e+00,1.000000000000000000e+00,3.940413022941167132e-01,6.386259767225133110e-01,4.926094184510117491e-01,2.822028933336496181e-01,8.482804066953024691e-01,7.476792930384299485e-01,7.811655035323308294e-01
1.000000000000000000e+00,1.000000000000000000e+00,1.000000000000000000e+00,8.275046821977078970e-01,1.000000000000000000e+00,4.200366925978210597e-01,1.000000000000000000e+00,1.000000000000000000e+00,8.589510806218207950e-01,1.000000000000000000e+00,1.000000000000000000e+00,1.000000000000000000e+00,1.000000000000000000e+00,1.605591474331959367e-01,1.000000000000000000e+00,5.340165331076797139e-01,6.995115332418671006e-01,1.000000000000000000e+00,3.463711576120734881e-01,6.840024309995168528e-01,1.000000000000000000e+00
4.559064177143730134e-01,8.306667699271751415e-01,1.000000000000000000e+00,1.000000000000000000e+00,1.000000000000000000e+00,2.637933624676619404e-01,9.255620413623288911e-01,1.000000000000000000e+00,2.057163315338626230e-01,3.037112640828490973e-01,3.048290736825196579e-01,1.000000000000000000e+00,1.000000000000000000e+00,1.351922043242927696e-01,2.358438426598906679e-01,6.494103467873936497e-02,9.126484691655045722e-01,1.000000000000000000e+00,1.000000000000000000e+00,1.000000000000000000e+00,1.000000000000000000e+00
6.803095951612173065e-02,1.000000000000000000e+00,1.000000000000000000e+00,7.692224169678995027e-01,5.417384419594071243e-01,1.000000000000000000e+00,1.000000000000000000e+00,1.000000000000000000e+00,1.000000000000000000e+00,8.034960435566076420e-01,3.063401050228524714e-01,1.000000000000000000e+00,3.634857976985102490e-01,6.964281750629195411e-01,3.934082407250885649e-01,1.000000000000000000e+00,1.000000000000000000e+00,4.738015713404989532e-02,9.106693591010910360e-01,1.000000000000000000e+00,1.000000000000000000e+00
1.000000000000000000e+00,2.126981002077771646e-02,1.000000000000000000e+00,1.000000000000000000e+00,9.210312066113867102e-01,4.932006494866004731e-01,1.000000000000000000e+00,1.000000000000000000e+00,1.000000000000000000e+00,5.865372893104434660e-01,1.000000000000000000e+00,1.000000000000000000e+00,1.000000000000000000e+00,1.000000000000000000e+00,1.000000000000000000e+00,7.067498604182214095e-01,1.000000000000000000e+00,1.000000000000000000e+00,8.008100008064056308e-01,1.000000000000000000e+00,1.000000000000000000e+00
4.787120422395679253e-01,1.000000000000000000e+00,1.000000000000000000e+00,1.000000000000000000e+00,7.089654939677783041e-01,7.546229115981584190e-01,1.000000000000000000e+00,1.000000000000000000e+00,1.000000000000000000e+00,5.079867286278274552e-01,1.000000000000000000e+00,1.000000000000000000e+00,3.383401172889368702e-01,1.000000000000000000e+00,5.360409395320865356e-01,3.518082481669088657e-01,1.000000000000000000e+00,8.438594064814635143e-01,1.000000000000000000e+00,1.000000000000000000e+00,1.000000000000000000e+00
1.000000000000000000e+00,2.419107281275370835e-01,1.000000000000000000e+00,4.099124001071784984e-01,1.000000000000000000e+00,3.677449688174008746e-01,9.143747721421152663e-02,4.347189443014733423e-01,4.580077983334341907e-01,7.491137689600826377e-01,7.933117198249053370e-01,1.000000000000000000e+00,9.745835879694197956e-01,3.902460307685240437e-01,8.569376768156979907e-01,1.032450144598204556e-01,8.874884990156437503e-01,1.000000000000000000e+00,1.000000000000000000e+00,5.755050936827077468e-01,4.115485445995780145e-01
2.736665585440835047e-01,2.309985357156790486e-01,1.000000000000000000e+00,9.637522474150021778e-02,6.161790849435762052e-01,5.825667814736611438e-01,1.000000000000000000e+00,1.000000000000000000e+00,9.195966577267831177e-01,8.267749040839651453e-01,1.000000000000000000e+00,1.000000000000000000e+00,6.954485257542895038e-01,7.866751607295713322e-01,7.090050430700411965e-01,9.008165630842419613e-01,7.188693609880418833e-01,3.752092646890440863e-01,7.095523388037624501e-01,1.000000000000000000e+00,1.000000000000000000e+00
2.509798840798508346e-01,1.000000000000000000e+00,1.000000000000000000e+00,1.000000000000000000e+00,1.000000000000000000e+00,3.934161503770380874e-01,1.000000000000000000e+00,1.000000000000000000e+00,6.868035157761092080e-01,2.114913856266213976e-01,1.000000000000000000e+00,1.000000000000000000e+00,8.971536012070576716e-01,3.399155721131826291e-01,4.304982507031251404e-01,9.642406946131634182e-01,3.198962825139900490e-01,3.784280156658178518e-01,1.000000000000000000e+00,5.077522273394076135e-01,1.000000000000000000e+00
1.000000000000000000e+00,1.000000000000000000e+00,1.000000000000000000e+00,5.492365811223678396e-01,1.000000000000000000e+00,7.083302463513680980e-01,1.000000000000000000e+00,1.000000000000000000e+00,1.847555225225483155e-01,1.000000000000000000e+00,1.000000000000000000e+00,1.000000000000000000e+00,1.000000000000000000e+00,1.000000000000000000e+00,8.854780211906851939e-01,1.000000000000000000e+00,1.000000000000000000e+00,1.000000000000000000e+00,9.970416798672038228e-01,1.000000000000000000e+00,2.647525704371749833e-01
6.186864989042129004e-01,2.005559282683839484e-01,1.000000000000000000e+00,1.000000000000000000e+00,3.850595260012065757e-01,6.398712342090805416e-01,1.000000000000000000e+00,1.000000000000000000e+00,3.717396774068387755e-01,4.075744445646466430e-01,3.126795094700005051e-01,4.376082679343188953e-01,5.971067003910124349e-01,1.000000000000000000e+00,1.000000000000000000e+00,1.000000000000000000e+00,1.000000000000000000e+00,7.107966881049672114e-01,9.446695552388029160e-01,1.000000000000000000e+00,1.000000000000000000e+00
8.675562226006000577e-01,1.000000000000000000e+00,5.255402012659706745e-01,4.511870184941111361e-01,1.000000000000000000e+00,7.961178351982407531e-01,1.000000000000000000e+00,1.000000000000000000e+00,8.823969741764690067e-01,5.048632937702708379e-01,3.420371100508801665e-01,1.000000000000000000e+00,1.000000000000000000e+00,3.451377363466859860e-01,7.494859539768388146e-01,1.000000000000000000e+00,1.572534194193200563e-01,8.406284752003022609e-01,3.524416944823884346e-01,3.883549369124052464e-01,7.054376397707724511e-01
1.000000000000000000e+00,1.000000000000000000e+00,1.000000000000000000e+00,1.000000000000000000e+00,1.000000000000000000e+00,2.579022748029437540e-01,1.000000000000000000e+00,1.000000000000000000e+00,5.966863578751472330e-01,7.648402718995841454e-01,1.000000000000000000e+00,3.518947791282778237e-02,8.854935281256681723e-01,1.000000000000000000e+00,5.496265876888237756e-01,1.000000000000000000e+00,1.000000000000000000e+00,6.800712995251780857e-01,1.000000000000000000e+00,3.564672985007928396e-01,1.000000000000000000e+00
9.711608755373728474e-01,1.000000000000000000e+00,1.000000000000000000e+00,2.712788293211063628e-01,1.000000000000000000e+00,8.826545099653224646e-01,3.008908025533939545e-01,1.000000000000000000e+00,2.575307548203656371e-01,2.120414290804925606e-01,5.743743568312708048e-01,1.000000000000000000e+00,1.000000000000000000e+00,1.000000000000000000e+00,8.147268807341137009e-01,1.000000000000000000e+00,8.381924875640551775e-01,2.539215231945574081e-01,5.803062396825969804e-01,1.000000000000000000e+00,5.898958662449199641e-01
3.898625120950509615e-01,1.000000000000000000e+00,1.000000000000000000e+00,3.962128173815065990e-01,1.000000000000000000e+00,1.000000000000000000e+00,1.000000000000000000e+00,1.000000000000000000e+00,2.623720901620949508e-01,8.735755485105218821e-01,1.000000000000000000e+00,7.742814202783683264e-01,1.000000000000000000e+00,1.000000000000000000e+00,9.841431899355624902e-01,1.000000000000000000e+00,1.000000000000000000e+00,5.989894970711515665e-01,1.443741938962750659e-01,1.000000000000000000e+00,7.485787371736143392e-01
3.116880585781163226e-01,3.901873417578387293e-02,1.000000000000000000e+00,9.367232783560204279e-01,1.485387966973842067e-01,4.937291846404205931e-01,1.000000000000000000e+00,9.875378898864756172e-01,1.000000000000000000e+00,2.392383741114377238e-01,7.845558713363214309e-01,9.353503880181239794e-01,7.355237301558836815e-01,9.291899783149473180e-01,7.075905034778759983e-01,6.625167037981289919e-01,1.000000000000000000e+00,9.768195510571389129e-01,2.856661317952556289e-01,1.000000000000000000e+00,1.000000000000000000e+00
1.486245308506401464e-01,1.000000000000000000e+00,1.000000000000000000e+00,1.000000000000000000e+00,2.607775013316553370e-01,3.193200058993993506e-01,4.497563232753153811e-02,1.000000000000000000e+00,2.066925629974055989e-01,2.424975233640669636e-01,2.962283205754522863e-01,2.915426647063145138e-01,1.966131761000883826e-01,6.842181554439072388e-02,3.413208331289080411e-01,6.531358309477565127e-01,2.033314192156266687e-01,3.500243380249083991e-01,1.000000000000000000e+00,2.705041044509918224e-01,1.000000000000000000e+00
1.000000000000000000e+00,2.076238747421489395e-01,1.000000000000000000e+00,1.000000000000000000e+00,6.209862958845449032e-01,7.423889590511616454e-01,2.934190157931789722e-01,1.000000000000000000e+00,4.945849433082545876e-01,9.887650621807118068e-01,3.216122389785802671e-01,4.200320738941354937e-01,7.523620706685519854e-01,1.967998821416425681e-01,4.084316266481403668e-01,7.787586445690979353e-01,1.000000000000000000e+00,6.096369328389287245e-01,9.048495643722823667e-01,1.000000000000000000e+00,2.608165419985197242e-01
1.000000000000000000e+00,1.000000000000000000e+00,1.000000000000000000e+00,3.934104022396868738e-01,2.778108858567445161e-01,9.220334730203996187e-01,8.488352043869533681e-01,1.000000000000000000e+00,1.000000000000000000e+00,5.402757004044546063e-01,1.000000000000000000e+00,6.510509250328679887e-01,1.754709692688005696e-01,7.357103531745496916e-01,1.000000000000000000e+00,4.512823413761181124e-01,1.000000000000000000e+00,3.874919002619632846e-01,2.309362932219136411e-01,1.000000000000000000e+00,4.191946553667992292e-01
1.000000000000000000e+00,5.533302378566251623e-02,7.007880810092684820e-01,1.000000000000000000e+00,1.000000000000000000e+00,6.627866213819928465e-01,1.000000000000000000e+00,4.083729430700243634e-01,2.576439856456230748e-01,4.751969100083745512e-01,1.000000000000000000e+00,1.000000000000000000e+00,1.000000000000000000e+00,1.000000000000000000e+00,1.000000000000000000e+00,1.000000000000000000e+00,1.000000000000000000e+00,1.000000000000000000e+00,9.940851685687162043e-01,1.000000000000000000e+00,1.000000000000000000e+00
5.536680622386139783e-01,1.000000000000000000e+00,1.000000000000000000e+00,9.713796540718518113e-02,1.000000000000000000e+00,2.148636917382194256e-01,1.000000000000000000e+00,8.217836724771008239e-01,6.094034015360861867e-01,4.710563982179769016e-01,9.825202716909212652e-01,3.499408684747497000e-01,1.000000000000000000e+00,1.000000000000000000e+00,8.358895894367064372e-01,7.657035816507838932e-01,1.000000000000000000e+00,6.372319234345086292e-01,9.335486468790790138e-01,5.015911458552120283e-01,1.000000000000000000e+00
4.397308469937534214e-01,1.000000000000000000e+00,9.926488835119191556e-01,1.000000000000000000e+00,8.466175411235381532e-01,9.416567101181907429e-01,1.000000000000000000e+00,2.249651391941729639e-01,1.000000000000000000e+00,2.736267240702388581e-01,3.108950308646630800e-01,5.712068017187846847e-01,8.433614750663998016e-01,7.122707033480477623e-01,8.288676925443858590e-01,7.632798913150599107e-01,5.832488966286329957e-01,3.011249900877271402e-01,1.000000000000000000e+00,1.230650724861933470e-01,4.309242629803113900e-01
1.000000000000000000e+00,4.304304130959448610e-02,1.000000000000000000e+00,1.000000000000000000e+00,1.000000000000000000e+00,1.917486090836705293e-01,1.000000000000000000e+00,1.000000000000000000e+00,1.897667881561228287e-01,1.000000000000000000e+00,1.000000000000000000e+00,6.497449396414217704e-01,1.000000000000000000e+00,1.000000000000000000e+00,3.695639926949476073e-01,1.450966407647135969e-01,2.220510995091968531e-01,1.000000000000000000e+00,5.042905275791508268e-01,1.000000000000000000e+00,9.300817969127956886e-01
7.644264438376511261e-01,1.000000000000000000e+00,6.488965405891009564e-01,8.936883630076142282e-01,4.241414705627947201e-01,7.242708418403007720e-01,8.577468717551233190e-01,1.000000000000000000e+00,1.000000000000000000e+00,4.556458982124498291e-01,1.000000000000000000e+00,3.336223537331399758e-01,2.179758683065792235e-01,1.000000000000000000e+00,1.014944806121814980e-01,9.813044846057734638e-01,2.527392580538415645e-01,9.848361704396990657e-01,3.878929253777946284e-01,1.000000000000000000e+00,1.000000000000000000e+00
3.066590456670268416e-01,2.125155576538297064e-01,1.000000000000000000e+00,2.995873245797111561e-01,9.978871620885981786e-01,5.550947051011960731e-01,1.000000000000000000e+00,1.000000000000000000e+00,2.741463430195018036e-01,8.705209670661755439e-01,1.000000000000000000e+00,1.000000000000000000e+00,2.474704705598257393e-01,2.593009975738889139e-01,5.152995628313605803e-01,1.000000000000000000e+00,3.538421367636699344e-01,4.816092500896339557e-01,1.000000000000000000e+00,1.000000000000000000e+00,1.000000000000000000e+00
3.991464058501501544e-01,1.000000000000000000e+00,1.000000000000000000e+00,1.000000000000000000e+00,1.000000000000000000e+00,2.729545893567578152e-01,1.000000000000000000e+00,2.747636848682092903e-01,8.234005697455470951e-01,1.000000000000000000e+00,7.359469624382555253e-01,1.000000000000000000e+00,6.724530253788876255e-01,1.439822833133579394e-01,5.076999809817379639e-01,8.493402075745423163e-01,2.035069108017242834e-01,1.000000000000000000e+00,4.219866071308402966e-01,1.000000000000000000e+00,1.000000000000000000e+00
7.799450606237533501e-01,1.000000000000000000e+00,1.000000000000000000e+00,7.452443603003731099e-01,7.311013561345536260e-01,6.605408919043935789e-01,7.755443710823985981e-01,1.000000000000000000e+00,1.000000000000000000e+00,6.892246282792573453e-01,4.787644915098979714e-01,1.000000000000000000e+00,1.000000000000000000e+00,1.540243568612489344e-01,1.000000000000000000e+00,1.000000000000000000e+00,1.000000000000000000e+00,3.985126226288258633e-01,1.000000000000000000e+00,3.312778304210082236e-01,7.382654278140432513e-01
1.000000000000000000e+00,1.000000000000000000e+00,9.457491080444146991e-01,1.000000000000000000e+00,1.234906323968467806e-01,4.207356528041583110e-01,1.000000000000000000e+00,1.848516920487976722e-01,1.698166255481568798e-02,4.659320094844818239e-01,1.000000000000000000e+00,1.000000000000000000e+00,1.000000000000000000e+00,1.000000000000000000e+00,5.911721883496947605e-01,5.827610831066915020e-01,6.856402283676633624e-01,2.850332314154127578e-01,4.495633574168493296e-01,1.000000000000000000e+00,1.000000000000000000e+00
1.000000000000000000e+00,4.313526916450865500e-01,1.000000000000000000e+00,3.853501882721366845e-01,4.061005805951180964e-02,1.963883039901746508e-01,1.000000000000000000e+00,6.980088731421001391e-01,6.075110427710127547e-01,6.800676119161684630e-02,1.000000000000000000e+00,1.000000000000000000e+00,5.877933806503974346e-01,8.343770993103286626e-01,6.248714396575941743e-01,8.805816951420397665e-01,3.582285419528059012e-01,8.894842078387117379e-01,4.602136280038453542e-01,4.972793259528503207e-02,1.000000000000000000e+00
7.740447655339728339e-01,1.000000000000000000e+00,1.000000000000000000e+00,1.000000000000000000e+00,1.000000000000000000e+00,5.538126680646772437e-02,9.826340844803355123e-01,1.000000000000000000e+00,9.287244907738700928e-01,7.177090771958889726e-02,1.429172445039700867e-01,3.373074385655938645e-01,9.650359364378561233e-01,1.000000000000000000e+00,1.317976513589021736e-01,6.972598581055627909e-02,6.079557032609818057e-01,7.639831714849726341e-02,2.927302842473538530e-02,4.167562915515972688e-01,2.108641794949821513e-01
1.000000000000000000e+00,1.000000000000000000e+00,2.676690590555389285e-02,1.637003272976563645e-02,1.030628872884663955e-02,3.316357053208641298e-02,1.000000000000000000e+00,3.430695348362656771e-01,3.881986379409824856e-02,1.444520200054274887e-02,3.949016373458964779e-02,1.952103533026650767e-02,1.000000000000000000e+00,5.887174545244340355e-03,7.816068738791517867e-02,8.549395630489861619e-02,1.938472960155378927e-02,6.494915020350129110e-03,3.601685269133586553e-02,1.000000000000000000e+00,4.507107421063563102e-01
1.000000000000000000e+00,1.000000000000000000e+00,2.292605308078100035e-01,9.092418466882025430e-02,4.171125681216791281e-01,5.807309186832769754e-01,1.000000000000000000e+00,5.588825475377754044e-03,7.901399620698519588e-02,1.033756650675650562e-01,1.757215625148133079e-02,1.647481401867452178e-01,1.745177738076857943e-01,2.216833954153702921e-02,7.977432155605639064e-02,1.724698377498307122e-02,3.949447701515837461e-02,1.370772800016768940e-02,1.000000000000000000e+00,2.251274345278276579e-01,7.697393781156991466e-01
3.254700989321624317e-03,1.000000000000000000e+00,1.000000000000000000e+00,1.000000000000000000e+00,1.000000000000000000e+00,1.508614664134562064e-02,1.000000000000000000e+00,1.000000000000000000e+00,1.000000000000000000e+00,1.000000000000000000e+00,1.000000000000000000e+00,6.356213466727616002e-01,1.358995285581653112e-01,1.000000000000000000e+00,2.500140221468117874e-01,7.039264021308602737e-02,1.000000000000000000e+00,1.000000000000000000e+00,1.000000000000000000e+00,1.000000000000000000e+00,1.000000000000000000e+00
3.457908519543921588e-02,5.041885275580364895e-02,1.000000000000000000e+00,3.352795934732800687e-01,2.813751637639582692e-01,1.000000000000000000e+00,2.982540185027970914e-01,9.827715552731886017e-01,3.306039035656542589e-03,2.258494531680685369e-01,3.013339617361627254e-01,7.124920906888745908e-02,3.343950064297452895e-01,6.163189709728902343e-01,4.389084792322604789e-02,5.034996839283869541e-01,1.000000000000000000e+00,2.264209561372257373e-01,1.000000000000000000e+00,1.000000000000000000e+00,1.000000000000000000e+00
3.181691690241957721e-03,1.331497423282183012e-01,1.000000000000000000e+00,1.396109120890736723e-02,1.238027825325137832e-01,3.904576809856302733e-02,2.565466473325160070e-03,2.664456084094981095e-02,7.868631125870587106e-02,4.871241177056089694e-02,1.000000000000000000e+00,1.388559273199920126e-02,3.793701846385634339e-03,1.000000000000000000e+00,3.123615992991709417e-03,1.038996767909119816e-02,6.607447190174762890e-03,8.301823931681595603e-02,8.910985909721452422e-03,1.000000000000000000e+00,1.000000000000000000e+00
1.193170995118394626e-02,1.000000000000000000e+00,1.000000000000000000e+00,1.357045310611721123e-01,7.420412364985637943e-01,1.896583162712403292e-01,1.000000000000000000e+00,1.000000000000000000e+00,1.801591848502658022e-01,4.066929191775712216e-01,2.183653633635674329e-01,1.131932259862359486e-01,4.002950350228799692e-02,4.087989528967107544e-01,2.201869912665559981e-01,2.324168468075904145e-02,1.725488317974581062e-02,1.000000000000000000e+00,4.450226321828051335e-01,1.000000000000000000e+00,1.000000000000000000e+00
2.197376043581655142e-02,1.000000000000000000e+00,4.465623271974629611e-03,1.000000000000000000e+00,1.000000000000000000e+00,5.282193232263977523e-01,1.578157650421427582e-01,4.627709407210188197e-01,1.602302571574780107e-02,1.030174431343001545e-01,1.000000000000000000e+00,1.160367190538453969e-01,1.000000000000000000e+00,1.000000000000000000e+00,9.973303284141551983e-02,3.467163403190440252e-01,9.635002338519153831e-02,6.437004167262174725e-01,1.000000000000000000e+00,1.000000000000000000e+00,4.300840301711001956e-01
1.947675317831228936e-01,1.000000000000000000e+00,1.000000000000000000e+00,1.000000000000000000e+00,1.000000000000000000e+00,2.114922065177712307e-01,1.000000000000000000e+00,1.000000000000000000e+00,2.007289324630804339e-01,1.000000000000000000e+00,1.000000000000000000e+00,1.000000000000000000e+00,1.000000000000000000e+00,9.728038090823826201e-01,4.468881753386946265e-01,1.000000000000000000e+00,6.155466282193048366e-01,1.176968831823639733e-01,7.605204318613592029e-01,1.541008603236880270e-01,9.744201015106086494e-01
2.492198924155851203e-01,1.000000000000000000e+00,1.000000000000000000e+00,5.173847844900199000e-01,1.000000000000000000e+00,1.597585055451725480e-02,1.000000000000000000e+00,1.000000000000000000e+00,1.327580580740960192e-01,8.106616538755945234e-02,1.000000000000000000e+00,1.000000000000000000e+00,9.313792233106379381e-01,1.000000000000000000e+00,2.740085375152986336e-01,9.523198274107798067e-01,1.000000000000000000e+00,1.016751158525535798e-01,1.000000000000000000e+00,1.000000000000000000e+00,8.895578777679527538e-02
1.000000000000000000e+00,7.998697227667198040e-02,9.045749117034065367e-01,1.000000000000000000e+00,1.357154806704484185e-01,9.979822465813532884e-02,1.000000000000000000e+00,1.000000000000000000e+00,1.000000000000000000e+00,5.467878306288098678e-01,1.000000000000000000e+00,1.000000000000000000e+00,1.000000000000000000e+00,1.000000000000000000e+00,1.000000000000000000e+00,7.860168251916468396e-01,2.972146362804327646e-01,3.173875054859719436e-01,1.000000000000000000e+00,1.000000000000000000e+00,1.000000000000000000e+00
8.276919693939248715e-03,4.839756572525049094e-01,1.000000000000000000e+00,1.000000000000000000e+00,8.889594958910936873e-01,2.894684943510050235e-01,6.865296758793686394e-01,4.658769427780223849e-02,1.000000000000000000e+00,1.119760504695106601e-01,1.000000000000000000e+00,1.000000000000000000e+00,1.000000000000000000e+00,1.000000000000000000e+00,1.672749363586231025e-02,3.250644200032763442e-01,1.318720829493732483e-01,1.000000000000000000e+00,4.768156343560818189e-01,6.961061625020918964e-01,1.000000000000000000e+00
4.265392615160214923e-02,1.000000000000000000e+00,1.000000000000000000e+00,2.597508640573372718e-01,3.064562790191150965e-01,1.000000000000000000e+00,1.000000000000000000e+00,1.000000000000000000e+00,2.717123977988653571e-01,2.234617812196116604e-01,9.664368442846268392e-01,1.000000000000000000e+00,1.000000000000000000e+00,1.000000000000000000e+00,5.575924063376059420e-02,8.139105951297479491e-01,1.000000000000000000e+00,1.850439719658334911e-02,1.000000000000000000e+00,1.000000000000000000e+00,3.603847260007898845e-02
1.000000000000000000e+00,1.000000000000000000e+00,1.000000000000000000e+00,3.399783071917524824e-01,2.537356678056099657e-01,1.000000000000000000e+00,1.000000000000000000e+00,1.000000000000000000e+00,9.103822652127897541e-01,1.499701966240006568e-01,1.000000000000000000e+00,1.000000000000000000e+00,1.145902796321625894e-01,1.000000000000000000e+00,4.602520660982974132e-02,8.449370291349879158e-01,1.000000000000000000e+00,6.075458151817942909e-01,1.417583684950244893e-01,1.000000000000000000e+00,1.155013277097754198e-01
3.319880119073969071e-01,1.000000000000000000e+00,1.000000000000000000e+00,1.000000000000000000e+00,3.573936127493163029e-01,1.000000000000000000e+00,1.000000000000000000e+00,1.000000000000000000e+00,4.204517762169643347e-01,3.674547119801045980e-01,1.000000000000000000e+00,1.000000000000000000e+00,3.979745112955675179e-02,1.000000000000000000e+00,4.119443948084283713e-01,5.172768459078844888e-02,1.000000000000000000e+00,3.440254901877098925e-02,8.483171630132705365e-01,3.939600023183119359e-02,1.550340348927207179e-01
3.531965222072618038e-02,5.881146602631970310e-01,1.000000000000000000e+00,6.135928748257510335e-03,2.641478841200328720e-01,1.000000000000000000e+00,5.449762826824116058e-01,1.000000000000000000e+00,1.000000000000000000e+00,2.074919307589525308e-01,3.246144931316734539e-01,1.804572479200503843e-01,5.536559015378000881e-01,1.000000000000000000e+00,2.957141938958212091e-01,4.946105920254979110e-02,1.000000000000000000e+00,1.881390409271551378e-01,1.000000000000000000e+00,2.505583359083120021e-01,1.000000000000000000e+00
1.000000000000000000e+00,2.670964546947348587e-03,1.000000000000000000e+00,1.917260986915854115e-01,1.000000000000000000e+00,1.000000000000000000e+00,1.113415387181712207e-01,6.890124696173355323e-02,4.753514223541684645e-03,3.676027888552259038e-01,4.285140170371891724e-03,1.907012945965039924e-02,1.000000000000000000e+00,9.968370320757657943e-01,1.000000000000000000e+00,2.495243693755837266e-02,1.092489775665693962e-02,1.045630417742270113e-02,6.237460961690277639e-01,7.732943806227075001e-01,1.000000000000000000e+00
1.000000000000000000e+00,3.718376469186002731e-01,6.165695304659458698e-01,8.358908151307128387e-01,4.472190648873862751e-01,3.391222651639209107e-01,1.000000000000000000e+00,4.738350947135608338e-03,1.962312361055267573e-01,4.941977838037815429e-01,1.000000000000000000e+00,1.000000000000000000e+00,9.466297151625947537e-01,1.000000000000000000e+00,2.408133405257772419e-01,1.000000000000000000e+00,4.290805137245506939e-01,1.000000000000000000e+00,1.000000000000000000e+00,3.183888240491689059e-02,1.000000000000000000e+00
1.000000000000000000e+00,6.950237710559608040e-01,1.000000000000000000e+00,3.012643036427083421e-01,1.959375124709810401e-01,2.030939546293735604e-02,1.000000000000000000e+00,2.747515388298485961e-01,9.360207870967879318e-01,1.908392385319418183e-01,1.000000000000000000e+00,1.000000000000000000e+00,8.144598961350022481e-01,7.087293380898970208e-01,6.147241473561645964e-02,1.733203040038937826e-01,1.000000000000000000e+00,5.861852266078109164e-01,1.998932011713065726e-01,1.000000000000000000e+00,1.000000000000000000e+00
2.591846683411420590e-02,1.000000000000000000e+00,1.000000000000000000e+00,1.000000000000000000e+00,1.000000000000000000e+00,1.814039597818092875e-01,5.838112749786881217e-01,1.000000000000000000e+00,7.962420810788846393e-02,2.876488205884806804e-01,1.000000000000000000e+00,1.000000000000000000e+00,1.000000000000000000e+00,1.760720089374290531e-01,9.724211419605925943e-01,4.998428757597017658e-02,1.097565493448319912e-01,6.552867212218487225e-01,1.000000000000000000e+00,2.668338122255890510e-01,6.168307946997000357e-01
4.642596793335173472e-02,8.494491797394552179e-01,1.000000000000000000e+00,1.000000000000000000e+00,6.870894883252066654e-01,3.707502176689796425e-01,1.000000000000000000e+00,1.000000000000000000e+00,1.000000000000000000e+00,2.696897347693912872e-01,1.000000000000000000e+00,9.163187320573987216e-02,6.346375245237071416e-01,1.000000000000000000e+00,3.901888136875903412e-01,1.000000000000000000e+00,1.000000000000000000e+00,1.000000000000000000e+00,1.000000000000000000e+00,1.000000000000000000e+00,1.000000000000000000e+00
2.118598748343792360e-01,1.000000000000000000e+00,1.000000000000000000e+00,1.000000000000000000e+00,1.000000000000000000e+00,8.497803934048253627e-02,1.000000000000000000e+00,1.000000000000000000e+00,8.036087891874617306e-02,2.620182073305129533e-01,1.760416230257306203e-01,2.902102900060514745e-01,1.000000000000000000e+00,1.000000000000000000e+00,8.065495740532976909e-02,5.412260416861867096e-01,1.000000000000000000e+00,4.998471827697950065e-01,5.868700388021423908e-01,1.000000000000000000e+00,8.609295112819169427e-02
8.937727826143062604e-01,1.000000000000000000e+00,1.000000000000000000e+00,2.683629058092170117e-01,1.000000000000000000e+00,1.567065363406987544e-01,1.000000000000000000e+00,1.000000000000000000e+00,2.430368832689035197e-01,1.000000000000000000e+00,8.256107213936594857e-02,1.000000000000000000e+00,1.000000000000000000e+00,1.000000000000000000e+00,5.261451204947913407e-01,9.039603118516954805e-02,5.976881693598600220e-01,1.933049284778191601e-01,1.000000000000000000e+00,1.000000000000000000e+00,1.000000000000000000e+00
2.497194222417123965e-01,5.274257732172021873e-01,1.000000000000000000e+00,1.000000000000000000e+00,1.000000000000000000e+00,1.453350820432993684e-01,1.126650435967202629e-01,7.967846006041314766e-01,1.405042579511279199e-01,6.668681188347407307e-01,1.000000000000000000e+00,1.000000000000000000e+00,1.000000000000000000e+00,1.808280493223308680e-02,8.031265307811060739e-01,4.908422041271634506e-01,2.651518426578853282e-01,3.747600013747647285e-01,3.469697470972611386e-01,1.000000000000000000e+00,1.000000000000000000e+00
1.000000000000000000e+00,1.000000000000000000e+00,1.000000000000000000e+00,4.800988818215417564e-01,2.094929557523040123e-02,4.108019912658608663e-01,1.000000000000000000e+00,1.018632712934549635e-02,1.000000000000000000e+00,1.899194047902524277e-03,1.299049140217959329e-02,1.000000000000000000e+00,4.033703611383118726e-01,2.078923129434756892e-02,4.403454439620829546e-03,7.743123409883760633e-02,7.243827545265848489e-01,3.453743553765841606e-02,2.531836066641808825e-01,2.463300082530885463e-02,5.229767646826597449e-01
1.000000000000000000e+00,5.389480125273895389e-02,7.315965773102895975e-01,1.000000000000000000e+00,8.943106661799167245e-01,7.416270501950339433e-01,1.000000000000000000e+00,5.045429416205212680e-01,1.000000000000000000e+00,3.009084168644129975e-01,7.499446746828914989e-01,1.000000000000000000e+00,9.815502534922337929e-01,1.000000000000000000e+00,9.290003494909412352e-01,6.215857505288349127e-01,5.594804945526898887e-01,2.024722943673441800e-01,6.949971027281381941e-01,7.262120077382431260e-01,4.215069704136991668e-01
6.110001477517933849e-02,3.811113981042496546e-01,1.000000000000000000e+00,1.000000000000000000e+00,1.000000000000000000e+00,2.254646051711935162e-01,9.826623802461259549e-02,1.000000000000000000e+00,4.343179073226233894e-02,4.176611474814670433e-01,1.055848460578462725e-02,2.023875944679076784e-03,2.277316454798044010e-01,1.000000000000000000e+00,1.618695838574450360e-02,1.073671656336856184e-01,1.652748417862480402e-03,2.073126276373968013e-01,1.000000000000000000e+00,8.541102679731835678e-01,1.000000000000000000e+00
1.859107408773025827e-01,1.000000000000000000e+00,1.000000000000000000e+00,1.000000000000000000e+00,1.377416523805384263e-01,6.804318562516105118e-01,5.419290567609021947e-01,5.679010316675089376e-01,1.000000000000000000e+00,4.609450979271599858e-01,3.094796911123941507e-01,1.000000000000000000e+00,4.989221009739289170e-01,1.000000000000000000e+00,1.205342648940075333e-02,3.272644300146379526e-01,4.564989345300844992e-01,7.552716723788555075e-02,1.000000000000000000e+00,1.517248453186843468e-02,1.000000000000000000e+00
1.000000000000000000e+00,8.290572534572171470e-01,9.907606628611157484e-01,1.000000000000000000e+00,1.000000000000000000e+00,2.964843070645006851e-01,1.004130028992720053e-01,3.685105040949623878e-01,2.396869663350470747e-01,1.000000000000000000e+00,8.524931643676153525e-02,1.000000000000000000e+00,3.936710497546196813e-02,1.000000000000000000e+00,5.305743537852780634e-01,4.951783898556739727e-01,7.913172440932372265e-01,3.768598960606228121e-01,3.215260336907088123e-01,1.528837396918565350e-01,1.000000000000000000e+00
3.859487020689844616e-01,6.548430026603606624e-01,2.754995122868884039e-01,1.226701909034380727e-01,1.045050837643037855e-01,4.500593036205896569e-01,2.551894024242033765e-02,1.000000000000000000e+00,8.218703294505568246e-01,3.377666067702495556e-01,1.000000000000000000e+00,2.692561250192952449e-01,1.244503253592335046e-01,1.000000000000000000e+00,1.000000000000000000e+00,2.768993973528466324e-01,2.857929175763441743e-01,7.185598519206676249e-01,3.393956789924097994e-01,1.000000000000000000e+00,1.000000000000000000e+00
1.000000000000000000e+00,1.000000000000000000e+00,1.000000000000000000e+00,1.000000000000000000e+00,7.862243662445148051e-02,6.191103147053936967e-02,1.000000000000000000e+00,1.000000000000000000e+00,5.673730128521522476e-01,1.000000000000000000e+00,1.000000000000000000e+00,1.619155647446406110e-01,5.096082755058344294e-01,1.000000000000000000e+00,6.745402138265633729e-01,1.585022032904624123e-01,4.452868521010466818e-01,7.449859628284486446e-01,2.713523151700401592e-01,1.000000000000000000e+00,7.934420844435362552e-01
7.762467663305570031e-01,4.725388357115531401e-01,1.000000000000000000e+00,3.203926759195443452e-01,1.000000000000000000e+00,4.463010864144853485e-01,4.138604108595911879e-01,1.000000000000000000e+00,1.000000000000000000e+00,8.901758990060868459e-01,1.000000000000000000e+00,3.265889069641972342e-01,2.637874184835861668e-01,2.710770239017959438e-01,1.000000000000000000e+00,9.060141522070457309e-01,1.000000000000000000e+00,1.619406921687345235e-01,8.110558419271860497e-01,1.465706938145343308e-01,8.352817659557454366e-01
1.000000000000000000e+00,1.000000000000000000e+00,9.665308463661103078e-01,1.000000000000000000e+00,1.000000000000000000e+00,1.000000000000000000e+00,1.000000000000000000e+00,1.000000000000000000e+00,1.128393998410712751e-01,1.114735482040556391e-01,1.000000000000000000e+00,1.000000000000000000e+00,1.000000000000000000e+00,1.000000000000000000e+00,5.065724610213536705e-01,1.000000000000000000e+00,1.000000000000000000e+00,1.000000000000000000e+00,3.877585884550677903e-02,1.000000000000000000e+00,1.803936342009917482e-01
4.030360913105604515e-01,3.150478475165351955e-01,1.000000000000000000e+00,1.000000000000000000e+00,1.000000000000000000e+00,1.000000000000000000e+00,8.845812250241072427e-02,1.000000000000000000e+00,7.017247530363511787e-01,4.288012059049666203e-01,1.000000000000000000e+00,1.000000000000000000e+00,9.052811545130747817e-01,1.770366266001896505e-01,1.000000000000000000e+00,7.517224467861621795e-01,7.169204268693846194e-01,1.722930270015559512e-02,1.000000000000000000e+00,1.000000000000000000e+00,1.000000000000000000e+00
2.427805822922960155e-01,7.756509158658242420e-02,1.000000000000000000e+00,1.000000000000000000e+00,6.072392321522129821e-01,1.154971326959829819e-01,3.031609505450223990e-03,5.137263771458088213e-01,8.244745656402438505e-02,7.014550904003513665e-01,7.691005985407400750e-04,5.193688096155472944e-02,6.907739515113857642e-01,1.269360764053108215e-01,4.279642406000322974e-01,8.798865553093366820e-01,3.627168889105727434e-01,6.975159763619727116e-01,6.592429048428343208e-01,2.368046671420892535e-01,1.000000000000000000e+00
1.000000000000000000e+00,1.256954510139547398e-01,9.296650955223486612e-01,5.459930090960746218e-01,1.465014471224724835e-01,1.346342521049193920e-02,3.410862503551868596e-01,6.991315812995511914e-02,3.871044610992539076e-02,4.116808232227630454e-02,2.953771540133489637e-01,7.916439701296228426e-01,2.068514118051424655e-01,1.000000000000000000e+00,1.808554746335529206e-01,1.312907413565222448e-01,8.595304109515984337e-01,6.840239058667431093e-01,3.092330607896349656e-02,3.906582634393560016e-02,5.070659944827438093e-01
4.281174720356364406e-03,1.311655392338359396e-03,7.617178440212848400e-01,1.000000000000000000e+00,7.128899288329301753e-02,9.972872274176154406e-01,5.752964066554616673e-01,4.959345561605766478e-02,2.395090956463977183e-02,3.389411050700784633e-01,2.889832954475491517e-02,4.429543705185548519e-01,1.385563155382748581e-03,4.047946512981171613e-03,8.339865881170764605e-02,2.905473739041107908e-02,5.841569961844982582e-03,4.868676539778943324e-02,1.000000000000000000e+00,3.752750784600677320e-02,1.000000000000000000e+00
1.026467388790995167e-01,1.793586531115717031e-01,1.000000000000000000e+00,1.000000000000000000e+00,9.276479275114926093e-01,6.739014466180135443e-01,4.796464319953930300e-01,2.493555982887777911e-01,2.484260519620610785e-01,6.096802694519147525e-02,1.000000000000000000e+00,1.343808783023913711e-01,4.219342997834222425e-02,1.647296304117980281e-01,4.465420485158357392e-03,6.505570231610398046e-01,1.115684393647021766e-01,1.000000000000000000e+00,2.149741302995371861e-01,1.023808116538110907e-01,2.353631453451958677e-01
5.795417162434078895e-01,1.000000000000000000e+00,8.023339868692970500e-02,1.000000000000000000e+00,3.790521637699091895e-01,4.100124632614680215e-02,6.349806892670881719e-01,2.353141021489059126e-01,4.510810165611554845e-02,1.443549437589772555e-01,1.319061443199696648e-01,7.968040054115944626e-01,1.360543328163252123e-02,3.175442776424693414e-01,2.030385549350860117e-02,1.444590186501261975e-01,7.821726212643997228e-03,3.148783243432683870e-02,1.356816104172154334e-02,2.552076698575850844e-01,7.129518052969978648e-01
2.252845698045065903e-01,3.138900076063982358e-01,4.488426686713312130e-01,4.151277681155059462e-01,3.739470313642209720e-01,1.000000000000000000e+00,9.164340770401024905e-01,8.455491338292075998e-01,3.958712411846457280e-01,3.955767674445639370e-01,8.557604638765270444e-01,1.274171965955506469e-01,1.759692950062381051e-02,5.011285205852130664e-01,9.439086323896503927e-01,2.234965374498982249e-01,8.349125750394363887e-01,7.070455135999853535e-01,1.480786521922198007e-01,6.866101620027031949e-01,7.593269303746846832e-01
8.430090586511772288e-02,7.046392220927093220e-02,1.000000000000000000e+00,4.068530045400307604e-01,6.850081607026454328e-03,1.158842428625189991e-01,5.840234009483692701e-02,3.930488041024858548e-02,2.589384868038492257e-02,2.944631704628473609e-02,2.588022384657011690e-02,2.099283157958052870e-01,1.113821015524979127e-02,4.619935235816011176e-02,5.966871877839905261e-03,6.517937199865222464e-01,5.460032199571537327e-03,8.889975283129366787e-03,1.407603472063461911e-02,4.458759352724644964e-02,3.796717198601892163e-01
1.574758913921976144e-01,3.856514370179767170e-01,1.000000000000000000e+00,4.052118704053482290e-01,5.783269545381849314e-02,4.989301163429007979e-01,2.289716031100471061e-01,3.744956171738935691e-01,4.170593149854859294e-01,5.046053519986859470e-01,1.917063611802425072e-01,1.000000000000000000e+00,5.085376306870464935e-01,6.526256032002383245e-01,3.813871504082277375e-01,6.470759449492329285e-01,1.000000000000000000e+00,4.157737953203643477e-01,7.309650220093371065e-01,1.000000000000000000e+00,1.000000000000000000e+00
7.162161167088721969e-01,2.249325493006973931e-01,9.915302931873143377e-02,3.006812908319750899e-01,1.526419125240189856e-01,1.000000000000000000e+00,1.000000000000000000e+00,4.009957310579775336e-01,1.739967786738332578e-01,5.276714709742087450e-01,9.665928096327434105e-01,3.213739704214972903e-01,2.432334569704459881e-01,1.046168923751819406e-02,3.522197674399010214e-01,1.130818333665397774e-01,7.271309156774568017e-01,8.606600683003418073e-01,2.919925055331937802e-01,9.330053076543665114e-02,1.839415618988710921e-01
7.216582208306794310e-01,1.000000000000000000e+00,8.807109770562222550e-01,1.000000000000000000e+00,1.000000000000000000e+00,1.236961126050153265e-01,7.932359454381118224e-01,1.000000000000000000e+00,8.377729595026092158e-01,1.928456707221053446e-01,4.911604017540258660e-01,5.082842044153402794e-01,2.593710200965065327e-01,1.000000000000000000e+00,6.251938846009539308e-01,6.737214790565078104e-01,8.582901033974674743e-01,3.766181414341449041e-01,7.223758366296029187e-01,1.000000000000000000e+00,9.134291625610728715e-01
5.054312752636966888e-01,7.239257982447261375e-01,2.373207648924017255e-01,1.942318195975845097e-01,5.372164966953875131e-01,9.113493288161346184e-01,9.534581922986422597e-01,3.304688725007650651e-01,1.643272473594105942e-01,6.709881514024043092e-01,1.609407034957120175e-01,1.688613351285926933e-01,1.000000000000000000e+00,1.000000000000000000e+00,1.686789249774407473e-01,1.000000000000000000e+00,8.260907215314059471e-01,5.703408434704755336e-01,8.404624899505891422e-01,7.956171772735995962e-01,4.795881479703078543e-01
2.602518156426107399e-01,1.359551203282657328e-01,1.000000000000000000e+00,6.139681136081317492e-01,2.005872946924895650e-02,3.219545229921356722e-01,2.499231853662408145e-02,1.080928383664607056e-01,2.371977980832240453e-03,6.840341938057750149e-01,1.515742037640373588e-02,3.687958293630540924e-02,4.994838918651220983e-01,1.337666488975366441e-01,2.427905836409035775e-02,6.447494857356814157e-02,1.834310027349516162e-02,2.635368260082817521e-02,1.789975592183169761e-01,6.319926605436954926e-03,3.089301287696420428e-01
1.000000000000000000e+00,8.417216893877389472e-01,1.000000000000000000e+00,1.000000000000000000e+00,2.142494229871063360e-01,7.893361319720307856e-01,1.000000000000000000e+00,3.019068308056325201e-01,7.314182824237425162e-01,1.055651737740085638e-01,8.139159822014387924e-01,1.000000000000000000e+00,4.181296818274661820e-01,7.080992261237168961e-01,1.000000000000000000e+00,3.697359656495206592e-01,1.765401033076806070e-01,7.966755068324509192e-01,4.871484197984525255e-01,1.000000000000000000e+00,1.000000000000000000e+00
1.000000000000000000e+00,3.251288553219823796e-01,1.000000000000000000e+00,1.000000000000000000e+00,2.069113478600543565e-01,1.000000000000000000e+00,2.202427817671850363e-01,9.171170423162731122e-01,2.420536122070687524e-01,7.474294789813937800e-01,1.000000000000000000e+00,2.474958542327877486e-01,5.609743159778313171e-01,1.000000000000000000e+00,4.670774444129053293e-01,6.628487811514631733e-01,1.322138193938987294e-01,3.482763798615038375e-01,1.000000000000000000e+00,1.000000000000000000e+00,1.000000000000000000e+00
6.857856471403567244e-01,9.988098677573458151e-01,5.431959339958721822e-01,3.106508204147539476e-01,6.617643683002670807e-01,7.529919924698565969e-01,2.049506520530978149e-01,2.259663830553181041e-01,1.623858650365789247e-01,6.821673093289800649e-01,6.282769086483681598e-01,4.767331114578593487e-01,1.000000000000000000e+00,9.676692185937230128e-01,2.707709768349038093e-01,5.420742594844177864e-01,9.256639099900098033e-01,9.248512520368843415e-01,1.118129747148097070e-01,9.778504023018755875e-01,4.316757861431893550e-01
6.374522600739005451e-01,6.491058878454318837e-01,1.000000000000000000e+00,6.694239319411807720e-01,3.082717480457006776e-01,9.182739782054508693e-01,7.574430353200756194e-01,7.822304253337528657e-01,6.909473989998268229e-01,5.095356385558056367e-01,1.000000000000000000e+00,7.599596879348585743e-01,5.789124446991768952e-02,8.238997062067990318e-02,1.455112308647053820e-01,8.899899140302834910e-01,9.650801115291043342e-01,1.918591831324310271e-01,8.142005071687454798e-01,7.665053483205261919e-01,1.000000000000000000e+00
2.128426466416023233e-01,1.000000000000000000e+00,1.000000000000000000e+00,6.024105470873060142e-01,9.359165825090330496e-04,6.508331230013020274e-01,8.631491140407457907e-01,9.582385120490559682e-01,4.157962874906102613e-01,8.532344960107454690e-02,9.335203469904009843e-01,8.829821079216959578e-01,2.535819634230502273e-01,7.173253524372087409e-01,9.214039621906175426e-02,1.469504028796804196e-01,7.831683799725402961e-01,4.209526695950883690e-01,1.000000000000000000e+00,3.811149769204618676e-01,1.000000000000000000e+00
6.219827248328639868e-01,4.498157604895081096e-02,5.654078029816448359e-01,1.000000000000000000e+00,5.985417653058153764e-01,6.351028736587142065e-01,6.573452034244047226e-01,3.672577981818319071e-01,8.132674248852077570e-01,8.558631109333383336e-01,6.515073867312087819e-02,3.416327130917436450e-01,3.764396879502052706e-01,1.636647499743588974e-01,8.385758598047753365e-01,3.843460612348271188e-01,6.001526335161475600e-01,4.670090468058779032e-01,1.000000000000000000e+00,7.494129111404506105e-01,1.000000000000000000e+00
4.722254932811711936e-01,1.000000000000000000e+00,9.024175562743786960e-01,1.000000000000000000e+00,8.978320752178445829e-01,7.291223557004842259e-01,1.245833065022930591e-01,6.882451677510306176e-01,7.788074081755778921e-02,5.546340436964063425e-01,3.247136887285181350e-01,5.964385869395683049e-01,8.642810037503129150e-01,4.599304691273414236e-01,4.369070007050638305e-01,6.637360070998314932e-01,6.233382751457232640e-01,4.065293322373160767e-01,5.851039392531353078e-01,6.820336964219235742e-01,6.270794084802802093e-01
3.343692996065230072e-01,8.953478685363063239e-01,3.611116834901353934e-01,5.515485312410642882e-01,4.352749550316996618e-01,6.664699318904895864e-02,7.216294106003342534e-01,7.039092900280921605e-02,1.387800792279794693e-01,3.376775990936489169e-01,5.251582069737571468e-01,7.775995093273022629e-01,9.277401107620621978e-01,4.860069515176418387e-01,8.177271758000983493e-01,1.000000000000000000e+00,2.288198008812774298e-01,9.630963589532109959e-01,1.000000000000000000e+00,7.097426856091157976e-01,8.862864910659887796e-01
1.414208800827056467e-01,4.713170612250230374e-01,9.938158611600582670e-01,2.889245525720944285e-01,6.487792925133177846e-01,1.959670343972433615e-01,8.077958430841393478e-02,9.861978629033943400e-02,8.246026666445277487e-01,2.614103734467320694e-01,6.300904709193382303e-01,8.270971181807700301e-01,1.000000000000000000e+00,6.799847039418377426e-01,6.728829433607402821e-01,9.001420911298200211e-01,7.798124697698423091e-01,1.000000000000000000e+00,1.000000000000000000e+00,2.968242373011529267e-01,1.535697177719719253e-01
1.034426649947943339e-01,1.000000000000000000e+00,1.000000000000000000e+00,1.000000000000000000e+00,1.000000000000000000e+00,8.888014168599256415e-01,1.000000000000000000e+00,1.000000000000000000e+00,2.851835196935661454e-01,1.964178097623509589e-01,3.940430820456957139e-01,2.179096293698855047e-01,3.417950933850930628e-01,1.000000000000000000e+00,3.353519489000982290e-01,1.254520213910566839e-01,7.000072344636214527e-01,8.147672420759992651e-01,9.619697672950953127e-01,6.980692321467900641e-01,1.320333952402779898e-01
5.065637065336425771e-01,5.138813202645133721e-02,1.000000000000000000e+00,1.638695015909116467e-02,2.693981990466717824e-01,2.214649772682785456e-01,1.000000000000000000e+00,8.548051327522702136e-01,2.483089035466467531e-01,2.156779086303553528e-01,9.199666914451636313e-01,7.858913380997919473e-01,8.442450880723612050e-01,5.955500603019808770e-01,5.094424834244198896e-01,1.000000000000000000e+00,1.000000000000000000e+00,9.415427301315368869e-01,6.257298785908406158e-01,1.000000000000000000e+00,1.000000000000000000e+00
1.000000000000000000e+00,7.323711944155794074e-01,7.996063777678394935e-01,1.000000000000000000e+00,1.000000000000000000e+00,4.454537837855944149e-01,1.000000000000000000e+00,1.000000000000000000e+00,4.347512915910909381e-01,3.308246906730147874e-01,6.068552359998228285e-01,2.258309076796045090e-01,9.532992198348929636e-01,1.000000000000000000e+00,3.746265491195535646e-01,2.506912107861766215e-01,6.243338932751502091e-01,2.094417001354653141e-01,1.000000000000000000e+00,7.381839281510216288e-01,1.000000000000000000e+00
1.000000000000000000e+00,4.012332716864649290e-02,1.293130390926777173e-01,1.000000000000000000e+00,1.000000000000000000e+00,5.382852140006798569e-01,3.141698625838191261e-01,4.859872604590748657e-01,5.831717924129586894e-01,1.320886933325053081e-01,4.583113564226513059e-01,6.996547515258959571e-01,6.175937507573587837e-01,1.000000000000000000e+00,2.587653944517819826e-01,4.063573571279885943e-01,9.401149679664777548e-01,4.026487616694431060e-02,2.289599973224381302e-01,2.720258395494917214e-01,3.797282221469301944e-01
1.000000000000000000e+00,1.000000000000000000e+00,1.000000000000000000e+00,1.000000000000000000e+00,5.281558312267125022e-01,8.617800578684353674e-01,1.000000000000000000e+00,9.219150231545787388e-01,8.195885578824687601e-01,9.532409234743112192e-01,3.743061699915789520e-01,1.000000000000000000e+00,1.000000000000000000e+00,1.000000000000000000e+00,2.438337310623492626e-01,5.457041169581062778e-01,2.785484324949723534e-01,8.746120510216879307e-01,1.000000000000000000e+00,4.204052620906864046e-01,5.824614075259354484e-01
5.805335998135103814e-01,1.000000000000000000e+00,1.000000000000000000e+00,3.023658082758321278e-02,1.568925115076888199e-01,3.593816485858178922e-01,1.238934501389794413e-01,8.569067236426349821e-01,5.818397026651307424e-01,7.335397412250015403e-01,9.191087774213514416e-01,2.531672425192282210e-04,4.868304712805808787e-01,5.036543772857333678e-01,3.661905748391793280e-01,2.587282408517260768e-01,1.301586332209577479e-01,5.542078559267608062e-01,2.162799488665824443e-01,6.730125578451515711e-01,4.592338897940508730e-02
1.000000000000000000e+00,1.000000000000000000e+00,2.947801532464274232e-01,1.000000000000000000e+00,6.443587496193226884e-03,8.915321651814200887e-01,3.347672308503237271e-01,4.337883197231877652e-01,6.935707325123134925e-01,1.501708660092439251e-01,1.000000000000000000e+00,2.570558127825578465e-01,9.673909487131384655e-01,8.976067322767123935e-01,9.156049568042292641e-01,5.224842681933932198e-01,2.254738238748667245e-01,4.058401711809531132e-01,1.609465164098291268e-01,1.000000000000000000e+00,4.215057848371868698e-01
1.000000000000000000e+00,1.000000000000000000e+00,1.000000000000000000e+00,3.164112850894659212e-01,8.247206020649051617e-01,4.274820715039908681e-01,5.800865641809340723e-01,1.000000000000000000e+00,6.207470892039523847e-01,8.404236567215304099e-01,3.972785470444996636e-01,2.686889629872383778e-01,6.283308778731345745e-01,2.016513502909425271e-01,2.129715752474614920e-01,7.802011859728041898e-01,5.966325129261319526e-01,3.461262687868439936e-01,9.201511342474198996e-01,1.000000000000000000e+00,1.899816838760912396e-01
1.000000000000000000e+00,4.181702144327061887e-01,3.294352022423626680e-01,2.010822066644591954e-01,7.854622768648346076e-01,4.929587457200568790e-01,3.182057056699410524e-01,4.793690797821069105e-01,8.835462121271737690e-01,9.825107891820665795e-01,6.981494885499572867e-01,2.471244916914449308e-01,9.027795280384209864e-01,5.286947864207900416e-01,9.401983822113583189e-01,4.331246675713782968e-01,4.454088228317439335e-01,6.089908958334440126e-01,8.162052595889465190e-01,5.052310702963526134e-01,7.171543353593079484e-01
1.000000000000000000e+00,1.000000000000000000e+00,9.296466996073171618e-01,5.958843628645151824e-01,5.841056149486870686e-01,8.745608814590039026e-01,1.000000000000000000e+00,7.617362400907461417e-01,5.712592705675820781e-01,3.103073901122798128e-01,6.692894564320517325e-01,8.915666344899486617e-01,2.033716835452727689e-01,1.000000000000000000e+00,9.177704000730566025e-02,2.089720632459647620e-01,1.547377615093297187e-01,7.455704046540383434e-01,7.193677518706171892e-01,2.661984334319952294e-01,6.265203701732404706e-01
8.067756650155770703e-01,5.837153067596418943e-01,1.000000000000000000e+00,3.392101076734921894e-01,3.288638363835486023e-01,9.365100156010899290e-01,7.770071969351998176e-01,1.000000000000000000e+00,1.000000000000000000e+00,9.905300639203082902e-01,6.012251922760343259e-01,1.000000000000000000e+00,1.457967240562511313e-01,1.205614168193585301e-01,8.127670765570789158e-01,5.742892102068347659e-01,9.244217100940375076e-01,8.087977041945001444e-01,1.000000000000000000e+00,1.000000000000000000e+00,5.590287698944856887e-01
1.309341404310031265e-01,2.432639529836659320e-01,6.068853361385033729e-01,1.677497651952997992e-01,2.307939266196924466e-01,5.307511527127227735e-01,6.268812679951134559e-01,5.953069574131399921e-01,1.596622531220084351e-01,2.383059300068588182e-01,2.866939310229802973e-01,1.996946625037433198e-01,1.317627665449012386e-01,1.000000000000000000e+00,2.769020044583094253e-01,1.000000000000000000e+00,4.215479966754089730e-02,2.878097163890068755e-01,3.949915664123649917e-01,1.000000000000000000e+00,7.107442090858410166e-01
1.000000000000000000e+00,6.865575944474637815e-01,1.000000000000000000e+00,1.000000000000000000e+00,1.970248623100493979e-01,2.748638974131132340e-01,1.000000000000000000e+00,2.698772119542742209e-01,7.964104390721629123e-01,2.749350871217455805e-01,1.000000000000000000e+00,5.320839691356468171e-01,3.291855146809481436e-01,3.510300650404780121e-01,3.840411142453472593e-01,5.745374158170812873e-01,3.179676899807362123e-01,9.091875492812333537e-01,3.442824875458539435e-01,2.164475925736149553e-01,9.480190092045451822e-01
9.786272421372952390e-01,4.665213780837684232e-01,1.000000000000000000e+00,1.000000000000000000e+00,5.666081636367090724e-01,9.883536677422870564e-01,2.760558042336330731e-01,1.000000000000000000e+00,3.474042003440130921e-01,5.995549879404187266e-01,2.151395587943446264e-01,9.260669240998875562e-01,2.669413364061461458e-01,1.000000000000000000e+00,8.048211286770442507e-01,1.000000000000000000e+00,2.534367087201068180e-01,6.239288243894511865e-01,4.974679850781628665e-01,9.757108833288370420e-01,1.000000000000000000e+00
1.000000000000000000e+00,1.000000000000000000e+00,1.000000000000000000e+00,4.193699648584628403e-01,1.948517945280149877e-01,7.893164750076553382e-01,1.000000000000000000e+00,4.817188630263832261e-01,7.295196622687014631e-01,8.996756269358174851e-01,6.094908838222790060e-01,5.018234410268773704e-01,8.865773760913251422e-01,1.000000000000000000e+00,5.806446357670352887e-01,4.687973222292117215e-01,9.569956031014412723e-01,5.696193791805022055e-01,9.302254561908329666e-01,1.000000000000000000e+00,1.000000000000000000e+00
5.019115968709702003e-01,1.000000000000000000e+00,1.268221944755189567e-01,4.893467939455155014e-01,5.798804187612963679e-01,4.297170080350553034e-01,2.909336390090711544e-01,1.676941278791346246e-01,5.375589132069346077e-01,8.162971676003412114e-01,4.722370375443941670e-01,4.575730937594749137e-01,9.132826313726368772e-01,2.609615088682204487e-01,2.174764065059768270e-01,3.220789441394707464e-01,9.157137195724750212e-02,2.008540979493507461e-01,5.348519234030022496e-01,8.952572903335243026e-01,1.000000000000000000e+00
1.000000000000000000e+00,1.000000000000000000e+00,1.000000000000000000e+00,5.294834763380784626e-01,1.000000000000000000e+00,4.413898737417322748e-01,6.487240139005981954e-01,1.000000000000000000e+00,3.290864217479653187e-01,5.661960871938045425e-01,8.763101244983391158e-01,1.117632234628529314e-01,5.918329945429485761e-01,1.000000000000000000e+00,4.231127533621026893e-01,9.174372355003030943e-01,6.488474781562356686e-01,5.304244735968123292e-01,3.239821983639570857e-01,8.393076593291830534e-01,8.201697214352077214e-01
4.341091108930236753e-01,1.347078193155762105e-01,1.000000000000000000e+00,1.000000000000000000e+00,1.000000000000000000e+00,9.530039965335240781e-02,4.916064578499458881e-01,9.953284192043263534e-01,1.127461877703441889e-01,9.238167577384325257e-01,1.000000000000000000e+00,1.278121420062666991e-01,4.492332681562755670e-01,2.631079079175488444e-01,4.144768799421483935e-03,1.239807909080933856e-01,1.212597439208496497e-01,6.858976699545544786e-01,1.000000000000000000e+00,1.000000000000000000e+00,1.000000000000000000e+00
4.899558381021502651e-01,1.000000000000000000e+00,9.582266288904711660e-01,4.098374982575756498e-01,1.000000000000000000e+00,1.127237936082706171e-01,4.855744462473701173e-01,1.000000000000000000e+00,1.000000000000000000e+00,2.304486534130779640e-01,1.000000000000000000e+00,7.090504742088082901e-01,8.413375933239346516e-01,2.991170957644133654e-01,8.002333827801109134e-01,4.290165505687607017e-01,1.878630539131253552e-01,3.521916023132778961e-01,3.089905257911317871e-01,1.000000000000000000e+00,3.836518520992978076e-01
3.516224227865879515e-01,3.956373107821779533e-01,1.000000000000000000e+00,1.000000000000000000e+00,1.452250513058065962e-01,9.291615424746451080e-01,2.456883587673397706e-01,4.602095862964273310e-01,1.816624457264450210e-01,1.000000000000000000e+00,1.000000000000000000e+00,2.265580677459066439e-01,6.351080743362353953e-01,1.000000000000000000e+00,7.818105146694422913e-01,9.608385304650042258e-01,5.724003635460551687e-01,9.955924615057851756e-01,1.000000000000000000e+00,6.671272704299733292e-01,1.000000000000000000e+00
8.068255597005122848e-01,1.000000000000000000e+00,4.527916353720295994e-01,1.000000000000000000e+00,9.370199669482245364e-01,8.260241201957483348e-01,6.917479696605022266e-01,9.489512724940423194e-01,3.644060233948873684e-01,9.438911836943635336e-01,9.910493703873091142e-01,1.785701812066093908e-01,6.558428828810060063e-01,5.030890829466915237e-01,3.041039236564263004e-01,3.267027834420116461e-01,3.896818196135619639e-01,2.776502328918875051e-01,7.815341679218350546e-01,7.202689365802441568e-01,1.000000000000000000e+00
3.574223105675501388e-01,6.287233631807045420e-01,1.000000000000000000e+00,1.000000000000000000e+00,4.611466427552043945e-01,6.939870688304076163e-01,1.000000000000000000e+00,1.000000000000000000e+00,5.787879476672801449e-01,3.739231065244463803e-01,8.140050991227590904e-01,5.526573497734464935e-01,8.653875738733844691e-02,1.000000000000000000e+00,1.000000000000000000e+00,6.476972905334505981e-01,8.868442909305499500e-01,7.137029318256271626e-01,1.000000000000000000e+00,7.925908994407535602e-01,1.000000000000000000e+00
8.299972539271019967e-01,7.982861572198621802e-01,8.297065833295922399e-01,1.000000000000000000e+00,9.757361044783108284e-01,1.585139299292759874e-01,6.702633638415891326e-01,9.808973692459641569e-01,6.367798291145306822e-01,6.341901098476888654e-01,2.492992370119521961e-01,6.117399483968934959e-01,3.658742127085345963e-01,1.000000000000000000e+00,1.000000000000000000e+00,5.755077204200087504e-01,4.926653646479148829e-01,5.859201594456246998e-01,1.624027140907352840e-01,4.037152030350663612e-01,1.000000000000000000e+00
