4.278503343650466063e-03,2.929975255886092290e-03,-9.990000000000000000e+02,5.000964825308991391e-03,4.521063036492758980e-03,-9.788661884735927465e-04,-9.990000000000000000e+02,1.002931339311244341e-04,7.418901755926445019e-03,4.044745302267582256e-03,-1.000000000000000000e+03,-9.990000000000000000e+02,9.411296759088749742e-03,9.045680258292762566e-03,3.784247821874885120e-03,1.810885968910214139e-03,6.205919514247185478e-03,3.816854902737716777e-03,-2.901794946145966336e-03,3.583892942020189265e-03,-9.990000000000000000e+02
-9.990000000000000000e+02,-1.472813765360098115e-04,-9.990000000000000000e+02,-9.990000000000000000e+02,-9.990000000000000000e+02,-9.990000000000000000e+02,-9.990000000000000000e+02,-1.000000000000000000e+03,-2.538411947680216385e-03,-9.990000000000000000e+02,-9.990000000000000000e+02,-9.990000000000000000e+02,-9.990000000000000000e+02,-1.000000000000000000e+03,-9.990000000000000000e+02,-9.990000000000000000e+02,-3.429212555401087159e-03,1.551635497214487458e-03,-9.990000000000000000e+02,-6.417715759576864132e-03,2.240104779714002792e-02
-4.953859136311904166e-03,-9.990000000000000000e+02,-9.990000000000000000e+02,-9.990000000000000000e+02,4.552608700301455369e-03,-9.990000000000000000e+02,-9.990000000000000000e+02,-1.258588896984778882e-02,-9.990000000000000000e+02,-9.990000000000000000e+02,-1.173563466993765569e-03,-9.990000000000000000e+02,-9.990000000000000000e+02,-9.990000000000000000e+02,4.523164632737150526e-03,-1.000000000000000000e+03,2.622324227845473921e-03,-9.990000000000000000e+02,-9.990000000000000000e+02,-9.990000000000000000e+02,7.109706005116553373e-03
-6.558398320613265109e-03,-9.990000000000000000e+02,-9.990000000000000000e+02,-9.990000000000000000e+02,-9.990000000000000000e+02,3.441138215450556537e-03,1.521714869141863047e-02,-7.574214543042745440e-03,-1.081192849122980526e-02,-1.000000000000000000e+03,-1.311059457753754875e-03,1.246623078159479758e-02,-4.806551483903798161e-04,-9.990000000000000000e+02,2.547205250930828502e-03,-9.990000000000000000e+02,-9.990000000000000000e+02,-4.428391337575835612e-04,-9.990000000000000000e+02,-9.990000000000000000e+02,-9.990000000000000000e+02
-9.990000000000000000e+02,1.660541218179784062e-02,8.092796202915225612e-04,2.097062895715054442e-03,1.982190204477748963e-03,-9.990000000000000000e+02,-9.990000000000000000e+02,-1.000000000000000000e+03,-9.990000000000000000e+02,-3.378202586660453144e-03,-9.990000000000000000e+02,-1.796726812591797895e-03,-9.990000000000000000e+02,-9.990000000000000000e+02,-9.990000000000000000e+02,-9.990000000000000000e+02,-7.980867314342360297e-04,-2.651774989691713103e-03,-9.990000000000000000e+02,-9.990000000000000000e+02,-9.990000000000000000e+02
-1.000000000000000000e+03,-9.990000000000000000e+02,-9.990000000000000000e+02,-9.990000000000000000e+02,-9.990000000000000000e+02,-9.990000000000000000e+02,2.380346367459096335e-03,-9.990000000000000000e+02,-9.990000000000000000e+02,-9.990000000000000000e+02,-9.990000000000000000e+02,-9.990000000000000000e+02,-9.990000000000000000e+02,-9.990000000000000000e+02,-9.990000000000000000e+02,-9.990000000000000000e+02,-9.990000000000000000e+02,-9.990000000000000000e+02,-6.374326502678787087e-03,-1.027165568049466515e-02,1.021763602705619278e-02
-1.000000000000000000e+03,-1.000000000000000000e+03,-9.990000000000000000e+02,-9.990000000000000000e+02,8.294011480009411130e-03,-9.990000000000000000e+02,-9.756642278824438630e-03,3.237244604409550419e-03,-9.990000000000000000e+02,3.141612173029509347e-03,-3.293701548085933850e-03,-9.990000000000000000e+02,-6.959705229665630322e-04,-9.990000000000000000e+02,1.086296153792826180e-03,3.110840126946318174e-03,-1.610597778143041392e-03,4.307868454947461068e-05,1.105107161457523357e-02,-9.990000000000000000e+02,-9.990000000000000000e+02
-1.000000000000000000e+03,-6.659901492618094943e-04,-9.990000000000000000e+02,-9.990000000000000000e+02,-9.990000000000000000e+02,-4.185341406273510034e-03,-1.000000000000000000e+03,8.620654092947821479e-03,-9.990000000000000000e+02,-1.000000000000000000e+03,-4.703221350531416878e-03,-1.000000000000000000e+03,-1.000000000000000000e+03,-1.000000000000000000e+03,-9.990000000000000000e+02,-9.990000000000000000e+02,1.084918998393580303e-02,-9.990000000000000000e+02,-9.990000000000000000e+02,-9.990000000000000000e+02,-9.990000000000000000e+02
-1.000000000000000000e+03,-1.000000000000000000e+03,-6.996265392885558931e-03,-9.990000000000000000e+02,5.266240140365672368e-03,-6.792495648500601266e-03,7.101433723069386361e-03,5.376310701847589191e-03,-8.670582955257737090e-03,-1.034561235456676886e-02,-1.832541665491922711e-02,-1.509340611676382449e-02,-9.990000000000000000e+02,-9.990000000000000000e+02,-1.053436852144595814e-02,-1.537006971282411927e-02,-1.625953974873552837e-02,-9.990000000000000000e+02,-8.099464479677166706e-03,-9.990000000000000000e+02,-9.990000000000000000e+02
-9.990000000000000000e+02,5.206195940809843492e-03,-2.783981353278311595e-03,9.809483791429624011e-04,-1.703580595730630823e-02,4.410555336813865024e-04,-9.990000000000000000e+02,4.831705847652773000e-03,1.520418702234682673e-03,8.938674865378573239e-03,5.662410599823405888e-03,-9.990000000000000000e+02,-1.000000000000000000e+03,2.564648543089399074e-03,4.826283898356452384e-03,6.922574671747033781e-04,1.070575066848367118e-02,-1.000000000000000000e+03,-2.709776011407705187e-03,-9.990000000000000000e+02,-9.990000000000000000e+02
-9.990000000000000000e+02,-1.022202820448889216e-03,-1.000000000000000000e+03,9.970187629852522715e-03,-9.990000000000000000e+02,-7.632079191676813257e-04,-9.990000000000000000e+02,-9.990000000000000000e+02,2.189443472450262190e-03,-9.990000000000000000e+02,-1.413047289010530005e-02,2.304759588225208100e-03,-1.000000000000000000e+03,3.907485396512686004e-03,6.324861523822635639e-03,7.162265826155103654e-03,-9.990000000000000000e+02,-9.990000000000000000e+02,-9.990000000000000000e+02,-9.990000000000000000e+02,-9.990000000000000000e+02
-1.096972037803348177e-02,-9.990000000000000000e+02,-9.990000000000000000e+02,-9.990000000000000000e+02,-9.990000000000000000e+02,-5.616510845018407583e-03,-1.000000000000000000e+03,-1.000000000000000000e+03,-9.990000000000000000e+02,-9.990000000000000000e+02,-9.590945106271134279e-03,-9.990000000000000000e+02,-9.990000000000000000e+02,-9.990000000000000000e+02,-1.000000000000000000e+03,-6.104079040687812596e-03,-9.990000000000000000e+02,-9.990000000000000000e+02,-2.105699071816874435e-02,-9.990000000000000000e+02,-9.990000000000000000e+02
-9.990000000000000000e+02,-1.000000000000000000e+03,-9.990000000000000000e+02,-4.349831995855410471e-03,-9.990000000000000000e+02,-9.990000000000000000e+02,5.807374261804255922e-03,-9.990000000000000000e+02,-9.990000000000000000e+02,-1.190407237123331657e-02,-9.990000000000000000e+02,-9.990000000000000000e+02,6.271254539703813302e-04,-9.990000000000000000e+02,-9.990000000000000000e+02,-9.990000000000000000e+02,-9.990000000000000000e+02,-1.000000000000000000e+03,-1.172955335031439228e-02,-9.990000000000000000e+02,-9.990000000000000000e+02
-9.990000000000000000e+02,-9.990000000000000000e+02,-9.990000000000000000e+02,-9.990000000000000000e+02,-9.990000000000000000e+02,-2.325710594201085835e-03,-9.990000000000000000e+02,-1.000000000000000000e+03,1.304373088315141649e-02,-9.990000000000000000e+02,-9.990000000000000000e+02,-9.990000000000000000e+02,-9.990000000000000000e+02,-9.990000000000000000e+02,-9.990000000000000000e+02,-3.687847570428226529e-03,-5.011134573026043704e-03,3.719351192870555545e-03,-1.197824285030134328e-02,-9.990000000000000000e+02,-9.990000000000000000e+02
-9.990000000000000000e+02,-1.000000000000000000e+03,-9.990000000000000000e+02,-9.990000000000000000e+02,-2.427050316033838029e-03,-1.000000000000000000e+03,-1.852733680542145711e-02,-9.990000000000000000e+02,-9.990000000000000000e+02,-4.242848841101778956e-03,-2.492516276687561927e-03,-9.990000000000000000e+02,-9.990000000000000000e+02,-9.990000000000000000e+02,-9.990000000000000000e+02,-9.990000000000000000e+02,3.571170228501507893e-03,-8.615389834024739235e-03,-1.487132721824407922e-03,-1.000000000000000000e+03,-9.990000000000000000e+02
2.257500355612174214e-02,9.054047147672654450e-03,-9.990000000000000000e+02,1.083660769397906676e-03,-6.286521729119920465e-03,-9.990000000000000000e+02,-9.990000000000000000e+02,-7.662033421211312742e-03,-1.754251632179730513e-03,6.095999276492479468e-04,-1.000000000000000000e+03,6.118517580992646754e-03,-2.219462670552942163e-02,8.097790425576761875e-04,-1.027866031938619307e-02,1.695408989173350159e-02,-5.414317222354247949e-03,-2.558817262735720022e-04,-1.156326742860795675e-02,-1.974921135634819663e-02,-9.990000000000000000e+02
-9.990000000000000000e+02,-1.289585839583824722e-02,-1.000000000000000000e+03,-1.000000000000000000e+03,-9.990000000000000000e+02,-1.239382702670248360e-02,-9.990000000000000000e+02,-9.990000000000000000e+02,-9.664325902861166774e-04,-1.230379458941360804e-02,-9.990000000000000000e+02,-9.624017816527656588e-03,-9.990000000000000000e+02,-9.990000000000000000e+02,-9.990000000000000000e+02,-9.990000000000000000e+02,1.742017256377167977e-03,-9.990000000000000000e+02,-1.366744789893892253e-02,-9.990000000000000000e+02,-9.990000000000000000e+02
-5.964433051251757933e-03,-9.990000000000000000e+02,-1.000000000000000000e+03,8.087820492142377971e-04,-6.814474288445691863e-03,-5.407496758295146644e-03,-1.000000000000000000e+03,-1.000000000000000000e+03,-9.990000000000000000e+02,-7.630974047705407770e-03,1.662331271191381382e-04,-1.000000000000000000e+03,-1.000000000000000000e+03,-9.990000000000000000e+02,-3.252322753954338397e-04,-9.990000000000000000e+02,-1.000000000000000000e+03,-9.990000000000000000e+02,-9.990000000000000000e+02,-9.990000000000000000e+02,-9.990000000000000000e+02
-1.000000000000000000e+03,7.506657642070979630e-04,-9.990000000000000000e+02,3.492771284782508756e-04,1.147951033208041705e-04,-2.459297438297539801e-03,-9.990000000000000000e+02,-7.609032941325657995e-03,-7.112182765772807023e-03,-9.990000000000000000e+02,-1.641189403575205735e-03,7.039164099286791126e-03,-9.990000000000000000e+02,-9.990000000000000000e+02,-4.485185333157198917e-04,2.558147462066243105e-03,4.275332363129991098e-03,5.779069905424760734e-03,-9.990000000000000000e+02,2.402579631772969616e-03,-1.065204911614375805e-02
-9.990000000000000000e+02,-1.000000000000000000e+03,-9.990000000000000000e+02,3.430836865796454971e-03,-9.990000000000000000e+02,-9.990000000000000000e+02,-1.000000000000000000e+03,8.982296169306458467e-04,-9.990000000000000000e+02,-3.109689337103246042e-03,-1.000000000000000000e+03,-9.990000000000000000e+02,-9.990000000000000000e+02,-2.284625882953139620e-03,-9.990000000000000000e+02,-8.739574235292688065e-04,-1.649713300208403843e-04,-9.990000000000000000e+02,-1.197822617430437109e-02,-9.990000000000000000e+02,-2.414816430051411333e-03
-9.990000000000000000e+02,-9.990000000000000000e+02,-9.990000000000000000e+02,-9.990000000000000000e+02,-9.990000000000000000e+02,-9.990000000000000000e+02,-2.470117697889184782e-03,-1.000000000000000000e+03,-5.567417191110340946e-04,-1.376936720380099455e-02,-9.990000000000000000e+02,-9.990000000000000000e+02,-1.000000000000000000e+03,-9.990000000000000000e+02,-9.990000000000000000e+02,-9.990000000000000000e+02,-9.990000000000000000e+02,-9.990000000000000000e+02,-9.990000000000000000e+02,-9.990000000000000000e+02,-9.990000000000000000e+02
-8.693223278797040932e-03,-9.990000000000000000e+02,-9.990000000000000000e+02,-9.990000000000000000e+02,-9.990000000000000000e+02,-9.990000000000000000e+02,-9.990000000000000000e+02,-9.990000000000000000e+02,-9.990000000000000000e+02,1.593046091001354414e-02,-9.990000000000000000e+02,5.293231100659323562e-03,-9.990000000000000000e+02,-9.990000000000000000e+02,2.866448752925840338e-03,-9.990000000000000000e+02,-9.990000000000000000e+02,-9.990000000000000000e+02,-1.000000000000000000e+03,-9.990000000000000000e+02,-1.000000000000000000e+03
1.142873105529629285e-02,-9.990000000000000000e+02,-1.000000000000000000e+03,8.392061930978418627e-04,-2.507407894944024829e-03,-9.990000000000000000e+02,-1.000000000000000000e+03,4.281859936307705686e-03,-5.213490759528434382e-03,1.035413425634144902e-02,-1.306954061383591714e-03,-1.000000000000000000e+03,-4.314074773628606696e-03,-9.990000000000000000e+02,8.445858748376382230e-04,4.302682912370722756e-03,2.742805965743479180e-03,1.811558353031188923e-03,-1.043634520410462174e-02,-1.000000000000000000e+03,-9.990000000000000000e+02
2.931132958840496072e-03,-9.990000000000000000e+02,-9.990000000000000000e+02,-9.990000000000000000e+02,-9.990000000000000000e+02,-5.470451741423909553e-05,3.526310822125997002e-03,-9.990000000000000000e+02,-5.256909765134210044e-04,-1.000000000000000000e+03,-4.459873463271563088e-04,-9.990000000000000000e+02,-9.990000000000000000e+02,-9.990000000000000000e+02,-1.315494482108922614e-03,2.612309277188473722e-04,-9.990000000000000000e+02,-7.304743935986478254e-03,-9.990000000000000000e+02,-1.000000000000000000e+03,-9.990000000000000000e+02
-9.766478341204018476e-03,-9.990000000000000000e+02,1.709619890970175138e-02,-9.990000000000000000e+02,-1.000000000000000000e+03,-9.990000000000000000e+02,-9.990000000000000000e+02,-9.990000000000000000e+02,1.169494835699086063e-02,-1.083633634706630822e-02,1.308686173056017310e-04,-9.990000000000000000e+02,-1.000000000000000000e+03,4.860368873303645004e-03,3.192101819389933648e-03,1.671027823792081701e-03,3.118043341431672028e-03,-1.985673608168170290e-02,-9.990000000000000000e+02,-1.000000000000000000e+03,-4.308301915969217633e-03
-1.000000000000000000e+03,-7.711639229087567660e-03,1.903235856552168426e-02,2.392184247379608442e-03,-1.000000000000000000e+03,8.795740453240762438e-03,-9.990000000000000000e+02,-9.990000000000000000e+02,-1.000000000000000000e+03,3.829997839154761219e-03,1.374090149811907358e-03,-9.990000000000000000e+02,-9.990000000000000000e+02,-1.371155960160103104e-03,-4.194350592491541407e-03,1.566615132589238568e-03,-5.399799366834934222e-03,-9.990000000000000000e+02,-9.990000000000000000e+02,-9.990000000000000000e+02,-9.990000000000000000e+02
-1.136542539240600891e-02,-9.990000000000000000e+02,-1.000000000000000000e+03,-9.990000000000000000e+02,-9.990000000000000000e+02,-9.990000000000000000e+02,-9.990000000000000000e+02,-9.990000000000000000e+02,-9.990000000000000000e+02,-1.322796634085035561e-03,5.469532709575036789e-03,-9.990000000000000000e+02,-9.990000000000000000e+02,-9.990000000000000000e+02,-9.990000000000000000e+02,-9.990000000000000000e+02,-8.177049259931457037e-04,-9.990000000000000000e+02,5.980581919777933075e-04,-9.990000000000000000e+02,2.879481813072987118e-04
-9.990000000000000000e+02,-1.353705792834671712e-02,-9.990000000000000000e+02,-9.990000000000000000e+02,-2.250215900793384183e-04,-3.484487149698102526e-03,-1.000000000000000000e+03,-1.000000000000000000e+03,-9.990000000000000000e+02,-1.000000000000000000e+03,3.731377634037712221e-03,-9.990000000000000000e+02,-9.990000000000000000e+02,3.058333511930660942e-03,-8.116202218625342968e-03,-9.990000000000000000e+02,1.097760763038230225e-02,-9.990000000000000000e+02,-4.653331256546724970e-04,-3.746453889998557774e-03,4.349408207572867668e-03
-1.000000000000000000e+03,-9.990000000000000000e+02,-9.990000000000000000e+02,7.524696236458766618e-04,-9.990000000000000000e+02,3.691420980794862805e-03,2.513101691942140961e-03,-9.990000000000000000e+02,-9.990000000000000000e+02,-1.369395898136303857e-03,6.781342437369997089e-04,1.892174959098671949e-03,-9.990000000000000000e+02,-1.607158637070897622e-02,1.025440591827341333e-02,4.151341924497398139e-03,9.542873683455466161e-04,-9.990000000000000000e+02,-1.000000000000000000e+03,-9.990000000000000000e+02,-9.990000000000000000e+02
-4.627945954385689897e-03,-1.000000000000000000e+03,-8.231801778896347122e-03,-9.990000000000000000e+02,-6.336759159747254455e-03,-9.990000000000000000e+02,-9.990000000000000000e+02,-9.990000000000000000e+02,-9.990000000000000000e+02,6.715327141978838510e-04,-9.990000000000000000e+02,-8.418438586585696992e-03,2.338294444107949510e-03,-9.990000000000000000e+02,-9.990000000000000000e+02,-9.990000000000000000e+02,-9.990000000000000000e+02,-9.990000000000000000e+02,-1.000000000000000000e+03,-9.990000000000000000e+02,-1.000000000000000000e+03
9.029237330624335922e-03,-9.990000000000000000e+02,-9.990000000000000000e+02,-9.990000000000000000e+02,-1.000000000000000000e+03,8.486285626673195637e-04,-9.990000000000000000e+02,-9.990000000000000000e+02,1.748081286677194424e-03,-2.380840870745026816e-03,-9.990000000000000000e+02,-9.990000000000000000e+02,-9.990000000000000000e+02,-9.990000000000000000e+02,-9.990000000000000000e+02,-6.914443633604661077e-04,1.609948722346107863e-02,8.864666684392646934e-03,2.354425894788701734e-03,-7.450857626354986940e-03,-9.990000000000000000e+02
-9.990000000000000000e+02,-1.000000000000000000e+03,-9.990000000000000000e+02,-9.990000000000000000e+02,-9.990000000000000000e+02,-9.990000000000000000e+02,-1.000000000000000000e+03,2.199657467928307908e-03,-1.000000000000000000e+03,4.921688151848534198e-03,-5.922736438950478022e-03,-1.000000000000000000e+03,-9.990000000000000000e+02,-1.000000000000000000e+03,2.003412886849152696e-03,-9.990000000000000000e+02,-9.990000000000000000e+02,-6.950495361235639602e-03,1.138570261149285390e-02,-1.000000000000000000e+03,1.472087935493852917e-03
4.049582705008783479e-03,2.666630536207127353e-02,1.142244863575816657e-02,-4.926300317569992648e-03,4.325671436215354319e-03,2.523372168906246049e-03,-1.000000000000000000e+03,5.080868418925674201e-04,-1.313836642486333750e-03,2.206001183630287160e-03,3.729933623118589225e-03,-9.990000000000000000e+02,-5.032844225125829296e-03,3.771903333972453920e-03,-1.000000000000000000e+03,7.582950355670936907e-03,1.636080556561631677e-03,1.747249045578342513e-03,9.630239254440897678e-04,-2.565834101698104275e-03,-3.881496245628460184e-03
1.972776410854221174e-03,3.385163190039619519e-03,9.497131137925940436e-03,-7.421184828210136697e-03,-9.990000000000000000e+02,1.382736997483674513e-03,1.461703071006653643e-03,-9.990000000000000000e+02,2.223639115293288282e-03,3.858120707118328774e-03,-1.159787976370003915e-02,-1.000000000000000000e+03,-9.990000000000000000e+02,-1.424525145874876164e-02,-5.473385524675015990e-03,3.590826972428226571e-03,-9.990000000000000000e+02,2.937515647891800023e-03,8.904399254685141374e-04,-1.000000000000000000e+03,-3.629327933052844957e-03
-9.990000000000000000e+02,-9.990000000000000000e+02,-2.597905643832290612e-03,-9.990000000000000000e+02,-9.990000000000000000e+02,-9.990000000000000000e+02,-9.990000000000000000e+02,-9.990000000000000000e+02,-9.012284653495128417e-05,-3.741153546433589883e-03,4.493986188011604710e-03,-9.990000000000000000e+02,-1.000000000000000000e+03,-9.990000000000000000e+02,-1.237871331710577172e-04,-9.990000000000000000e+02,-1.000000000000000000e+03,-1.259949436322481409e-02,-9.990000000000000000e+02,-9.990000000000000000e+02,-9.990000000000000000e+02
4.291719216285468097e-03,-1.000000000000000000e+03,-9.990000000000000000e+02,-9.990000000000000000e+02,6.539434648374514020e-03,-9.990000000000000000e+02,-9.990000000000000000e+02,-9.990000000000000000e+02,-1.411359599306591384e-03,-1.000000000000000000e+03,2.988198551733878272e-03,1.836217182189125996e-03,-9.990000000000000000e+02,2.999775724574691577e-03,1.833832789627870552e-03,-1.016735473660410061e-02,-9.990000000000000000e+02,-1.288472337655791056e-03,-4.116101106637265472e-03,1.166185894410312097e-02,3.504654646602392565e-03
4.045675000902776430e-03,1.081958087941811003e-03,-4.996962117713096840e-04,2.241705258964929448e-03,6.198500842461346361e-03,1.627435476846822437e-04,-7.262376195553137993e-03,-1.395222700587284148e-02,3.032678567178936219e-03,4.917600513979200616e-03,6.772196617457898471e-03,-1.000000000000000000e+03,-9.990000000000000000e+02,4.236401488011257155e-03,6.689585024626560836e-03,6.573746426572458015e-03,6.240071433203889240e-03,-9.990000000000000000e+02,-9.990000000000000000e+02,4.838192371401726921e-03,-9.990000000000000000e+02
-1.000000000000000000e+03,-9.990000000000000000e+02,-9.990000000000000000e+02,5.403103228669298153e-03,-9.990000000000000000e+02,-3.330067673043370091e-03,-3.153639313350886653e-03,-9.990000000000000000e+02,-1.000000000000000000e+03,-2.207420096610554494e-03,-9.990000000000000000e+02,-1.000000000000000000e+03,4.975159183736921342e-03,-9.990000000000000000e+02,-9.990000000000000000e+02,-9.990000000000000000e+02,-9.990000000000000000e+02,1.520066681999776570e-03,-1.000000000000000000e+03,7.951207458785400362e-03,-9.990000000000000000e+02
-1.000000000000000000e+03,-9.990000000000000000e+02,-9.990000000000000000e+02,-9.990000000000000000e+02,-9.990000000000000000e+02,2.520568307437659472e-03,-9.990000000000000000e+02,-9.990000000000000000e+02,-1.700659757583031229e-03,-9.990000000000000000e+02,-9.990000000000000000e+02,-2.395272403907106051e-04,-1.000000000000000000e+03,-9.990000000000000000e+02,-9.990000000000000000e+02,-9.990000000000000000e+02,-9.990000000000000000e+02,-9.990000000000000000e+02,-2.546012579852582891e-02,-9.990000000000000000e+02,-9.990000000000000000e+02
-9.990000000000000000e+02,-7.363960788769927102e-03,-1.308416851925113533e-02,-9.990000000000000000e+02,4.210378628830280245e-03,-2.176978893633746415e-03,-9.990000000000000000e+02,3.599080860279990635e-03,-9.990000000000000000e+02,8.712890904505022575e-04,3.198095319781315768e-03,-9.990000000000000000e+02,-9.990000000000000000e+02,-9.990000000000000000e+02,5.752248654977934472e-03,-9.990000000000000000e+02,-9.274136277542810447e-05,-1.000000000000000000e+03,-4.724012508409231037e-03,-9.990000000000000000e+02,-4.585171410602675857e-03
-9.990000000000000000e+02,-6.367396197569666350e-03,-9.990000000000000000e+02,-9.990000000000000000e+02,3.096635998504515541e-03,-9.990000000000000000e+02,-9.990000000000000000e+02,-1.000000000000000000e+03,-9.990000000000000000e+02,-9.990000000000000000e+02,-9.990000000000000000e+02,-1.000000000000000000e+03,-9.990000000000000000e+02,-9.990000000000000000e+02,-9.990000000000000000e+02,-9.990000000000000000e+02,-9.990000000000000000e+02,5.527456103985167735e-04,-9.990000000000000000e+02,-9.990000000000000000e+02,-9.990000000000000000e+02
-2.017032287213711000e-02,-9.990000000000000000e+02,-9.990000000000000000e+02,-9.990000000000000000e+02,-1.000000000000000000e+03,6.634181248675818932e-03,-9.990000000000000000e+02,-1.000000000000000000e+03,-9.990000000000000000e+02,-9.990000000000000000e+02,-1.000000000000000000e+03,-9.990000000000000000e+02,-9.990000000000000000e+02,-9.990000000000000000e+02,-9.990000000000000000e+02,-9.990000000000000000e+02,-9.990000000000000000e+02,-9.990000000000000000e+02,-9.990000000000000000e+02,-9.990000000000000000e+02,1.967379371286939738e-02
-9.990000000000000000e+02,-1.000000000000000000e+03,-9.990000000000000000e+02,-9.990000000000000000e+02,-9.990000000000000000e+02,-1.000000000000000000e+03,-9.990000000000000000e+02,-1.000000000000000000e+03,-9.990000000000000000e+02,-9.990000000000000000e+02,-9.990000000000000000e+02,-9.990000000000000000e+02,-9.990000000000000000e+02,-1.000000000000000000e+03,-9.990000000000000000e+02,-9.990000000000000000e+02,-9.990000000000000000e+02,-3.355556885878407947e-04,-9.990000000000000000e+02,-9.990000000000000000e+02,-9.990000000000000000e+02
-1.038247371411046838e-02,-1.000000000000000000e+03,-9.990000000000000000e+02,-9.990000000000000000e+02,-9.990000000000000000e+02,-9.990000000000000000e+02,-9.990000000000000000e+02,-9.990000000000000000e+02,-9.990000000000000000e+02,-9.990000000000000000e+02,-9.990000000000000000e+02,-9.990000000000000000e+02,-9.990000000000000000e+02,-9.990000000000000000e+02,-1.000000000000000000e+03,-9.990000000000000000e+02,-9.990000000000000000e+02,5.212639049824135951e-03,-9.990000000000000000e+02,-9.990000000000000000e+02,-9.990000000000000000e+02
3.557293452088626518e-03,-9.990000000000000000e+02,-9.990000000000000000e+02,-5.732070346689412121e-03,5.613738617816249610e-03,-1.384850687889932486e-03,-1.000000000000000000e+03,-9.990000000000000000e+02,-5.268143953830281556e-03,-8.516425335205718428e-03,-1.000000000000000000e+03,-4.005683900820199150e-03,-8.166959054205780166e-04,-1.000000000000000000e+03,7.572596673823307062e-03,4.382307771999993662e-03,-9.990000000000000000e+02,-9.990000000000000000e+02,-2.327079330374334093e-02,-3.109295248090448993e-03,-9.990000000000000000e+02
-9.990000000000000000e+02,-9.990000000000000000e+02,-1.000000000000000000e+03,-9.990000000000000000e+02,1.719820102038741028e-02,3.339426734806777430e-03,-1.000000000000000000e+03,-1.000000000000000000e+03,-9.990000000000000000e+02,-9.990000000000000000e+02,-9.990000000000000000e+02,-1.000000000000000000e+03,-1.000000000000000000e+03,-1.000000000000000000e+03,-9.990000000000000000e+02,-9.990000000000000000e+02,-1.000000000000000000e+03,-9.990000000000000000e+02,-9.990000000000000000e+02,-9.990000000000000000e+02,-1.000000000000000000e+03
-9.990000000000000000e+02,-9.990000000000000000e+02,-1.000000000000000000e+03,-3.553268597680542262e-03,-9.990000000000000000e+02,-9.990000000000000000e+02,-1.333309251469965220e-02,-9.990000000000000000e+02,-1.068691840270759308e-02,-9.990000000000000000e+02,-1.232263511511659526e-02,-1.000000000000000000e+03,-9.990000000000000000e+02,-9.990000000000000000e+02,-9.990000000000000000e+02,-9.990000000000000000e+02,-3.458670727414431267e-03,-1.167780009977444078e-02,-1.000000000000000000e+03,-9.990000000000000000e+02,-1.000000000000000000e+03
-5.575993218918981476e-03,-4.953635053561222801e-03,-1.000000000000000000e+03,-1.000000000000000000e+03,-9.990000000000000000e+02,-9.990000000000000000e+02,-9.990000000000000000e+02,8.439537773814224930e-03,-9.990000000000000000e+02,-9.990000000000000000e+02,-9.990000000000000000e+02,1.011583772315083687e-02,-1.000000000000000000e+03,-9.990000000000000000e+02,-9.990000000000000000e+02,6.928200622868113667e-03,4.556475730329932750e-03,-7.862988879321561320e-04,-1.000000000000000000e+03,-9.990000000000000000e+02,1.137408721047880600e-02
1.793740002417195875e-02,-9.990000000000000000e+02,-9.990000000000000000e+02,-1.131058464965131044e-02,-9.990000000000000000e+02,1.037872217159856170e-02,-1.000000000000000000e+03,-1.000000000000000000e+03,-9.990000000000000000e+02,-9.990000000000000000e+02,-9.990000000000000000e+02,-9.990000000000000000e+02,-9.990000000000000000e+02,-9.990000000000000000e+02,-9.990000000000000000e+02,-1.000000000000000000e+03,-7.079884814406295704e-03,-3.711179492399116486e-03,-1.000000000000000000e+03,-9.990000000000000000e+02,-9.990000000000000000e+02
6.972126965499536588e-03,-9.990000000000000000e+02,9.496572825938479068e-03,-2.092696278055236614e-03,-9.990000000000000000e+02,-9.990000000000000000e+02,-1.000000000000000000e+03,-1.000000000000000000e+03,3.605697687450448718e-05,-5.329270569619945497e-03,-1.000000000000000000e+03,-1.000000000000000000e+03,-9.990000000000000000e+02,-9.990000000000000000e+02,9.066855168536003262e-03,-9.990000000000000000e+02,2.841303906064157614e-03,-9.990000000000000000e+02,-9.990000000000000000e+02,-1.000000000000000000e+03,-9.990000000000000000e+02
4.604914512247766656e-03,-1.794686173426094516e-02,-1.394180281193416193e-02,-9.990000000000000000e+02,-9.990000000000000000e+02,-1.000000000000000000e+03,2.982572448207737592e-03,-1.477948455481298273e-02,-9.990000000000000000e+02,-9.164946239051133259e-03,-1.288229766571605955e-02,-1.047375821985676789e-02,-9.990000000000000000e+02,-1.000000000000000000e+03,-4.664488872882996406e-03,3.657904477977272362e-04,-9.990000000000000000e+02,-1.919089815802141330e-02,-9.827926701446720870e-03,-1.000000000000000000e+03,-9.990000000000000000e+02
-2.998111222717522728e-04,5.690108900590490348e-04,-9.990000000000000000e+02,-1.944686594329836371e-04,-9.990000000000000000e+02,-6.956578908605126621e-04,4.822586047726318791e-03,-9.990000000000000000e+02,1.447979387697220788e-02,-9.990000000000000000e+02,-9.990000000000000000e+02,9.485646197263391741e-03,4.707844677940678513e-03,9.045972830002670106e-03,-1.000000000000000000e+03,2.468753029082682016e-02,1.544253849251160139e-02,6.776100406127997730e-03,-8.453754181015404878e-03,-9.990000000000000000e+02,-9.990000000000000000e+02
-8.232320070110987764e-03,-7.756357990337955921e-03,-9.990000000000000000e+02,-9.990000000000000000e+02,-9.990000000000000000e+02,-9.990000000000000000e+02,7.184637293203760544e-03,-1.968238638454284511e-02,-9.990000000000000000e+02,-3.063987126704123543e-03,-9.990000000000000000e+02,-1.834730969681597212e-02,-1.000000000000000000e+03,-9.990000000000000000e+02,-8.039911329061288914e-03,-8.098668835403131927e-03,-9.990000000000000000e+02,-1.332996534694433875e-02,-9.990000000000000000e+02,-9.990000000000000000e+02,-9.990000000000000000e+02
-9.990000000000000000e+02,-9.990000000000000000e+02,-9.990000000000000000e+02,-2.847529259508305155e-03,-9.990000000000000000e+02,-9.990000000000000000e+02,-1.000000000000000000e+03,-1.000000000000000000e+03,8.048086830408918146e-04,-1.000000000000000000e+03,-1.000000000000000000e+03,-9.990000000000000000e+02,-9.990000000000000000e+02,-9.990000000000000000e+02,-9.990000000000000000e+02,-9.990000000000000000e+02,-9.990000000000000000e+02,-9.990000000000000000e+02,-9.990000000000000000e+02,-8.212987624736101111e-03,-9.990000000000000000e+02
5.713005572414393829e-03,-9.307780150938499419e-04,-1.000000000000000000e+03,-9.990000000000000000e+02,-9.990000000000000000e+02,-9.990000000000000000e+02,7.381859465057510894e-04,-9.990000000000000000e+02,-9.990000000000000000e+02,-9.990000000000000000e+02,-9.990000000000000000e+02,-1.000000000000000000e+03,-1.000000000000000000e+03,-1.225679637738520678e-02,1.101916875373189914e-02,9.495467801240463357e-03,-4.224323375027067007e-04,-9.990000000000000000e+02,-9.990000000000000000e+02,-1.000000000000000000e+03,-9.990000000000000000e+02
8.633702056375924805e-03,-9.990000000000000000e+02,-9.990000000000000000e+02,-2.221144249804360774e-03,4.496227771751830186e-03,-1.000000000000000000e+03,-1.000000000000000000e+03,-9.990000000000000000e+02,-9.990000000000000000e+02,-1.838576629605868928e-03,-7.692204490145192891e-03,-1.000000000000000000e+03,1.214918208205482963e-02,-6.571659798313270184e-03,5.192407814605455585e-03,-9.990000000000000000e+02,-1.000000000000000000e+03,-1.741320081131501885e-02,1.312255370457502367e-03,-9.990000000000000000e+02,-9.990000000000000000e+02
-9.990000000000000000e+02,-9.990000000000000000e+02,-1.000000000000000000e+03,-1.000000000000000000e+03,-9.990000000000000000e+02,-9.990000000000000000e+02,-1.000000000000000000e+03,-9.990000000000000000e+02,-1.000000000000000000e+03,-9.990000000000000000e+02,-9.990000000000000000e+02,-1.000000000000000000e+03,-9.990000000000000000e+02,-9.990000000000000000e+02,-1.000000000000000000e+03,7.123723512548654768e-03,-1.000000000000000000e+03,-9.990000000000000000e+02,-3.930814807799373756e-03,-1.000000000000000000e+03,-9.990000000000000000e+02
6.350444637877036141e-03,-9.990000000000000000e+02,-9.990000000000000000e+02,-9.990000000000000000e+02,-2.719176709263033953e-03,-3.445401997780095371e-03,-9.990000000000000000e+02,-9.990000000000000000e+02,-1.000000000000000000e+03,-9.990000000000000000e+02,-1.000000000000000000e+03,-1.000000000000000000e+03,-1.033949631478384840e-02,-1.000000000000000000e+03,4.048435324966688509e-03,-9.990000000000000000e+02,-9.990000000000000000e+02,-7.069906684321113164e-04,-9.990000000000000000e+02,-9.990000000000000000e+02,-1.000000000000000000e+03
-9.990000000000000000e+02,-9.990000000000000000e+02,-9.990000000000000000e+02,-9.990000000000000000e+02,-9.990000000000000000e+02,-9.990000000000000000e+02,-9.990000000000000000e+02,-9.990000000000000000e+02,-9.990000000000000000e+02,5.264379740688551745e-03,2.487351723429356842e-03,-1.000000000000000000e+03,-6.162018253177692362e-04,-1.541399961155935638e-02,-9.990000000000000000e+02,-2.713427409660006812e-02,-1.802980542562379607e-03,-9.990000000000000000e+02,-1.000000000000000000e+03,-9.990000000000000000e+02,-9.990000000000000000e+02
-9.990000000000000000e+02,-9.990000000000000000e+02,-9.990000000000000000e+02,2.464540096269501879e-02,-9.990000000000000000e+02,-9.990000000000000000e+02,-9.990000000000000000e+02,-1.000000000000000000e+03,-9.990000000000000000e+02,-2.488550422173045618e-03,-9.990000000000000000e+02,-9.990000000000000000e+02,-9.990000000000000000e+02,-9.990000000000000000e+02,-9.990000000000000000e+02,-9.990000000000000000e+02,-3.957589709353573348e-03,1.680211141423222296e-02,-4.596868066097034577e-03,-9.990000000000000000e+02,-9.990000000000000000e+02
-2.239069714176200598e-02,-9.990000000000000000e+02,-1.000000000000000000e+03,-9.990000000000000000e+02,-1.000000000000000000e+03,-9.990000000000000000e+02,-1.000000000000000000e+03,-1.000000000000000000e+03,-9.990000000000000000e+02,-9.990000000000000000e+02,-1.000000000000000000e+03,-1.000000000000000000e+03,-9.990000000000000000e+02,-9.990000000000000000e+02,-9.990000000000000000e+02,-9.990000000000000000e+02,-2.196056816594926797e-02,6.988980283575149145e-03,-9.990000000000000000e+02,-9.990000000000000000e+02,-9.990000000000000000e+02
-9.990000000000000000e+02,-9.990000000000000000e+02,-1.000000000000000000e+03,7.788392607327290773e-03,-9.990000000000000000e+02,-9.990000000000000000e+02,-1.000000000000000000e+03,-1.000000000000000000e+03,1.176796919557479559e-02,-1.000000000000000000e+03,-1.000000000000000000e+03,-1.000000000000000000e+03,-1.000000000000000000e+03,-1.000000000000000000e+03,-9.990000000000000000e+02,-9.990000000000000000e+02,-9.990000000000000000e+02,-9.990000000000000000e+02,-9.990000000000000000e+02,-1.000000000000000000e+03,-9.990000000000000000e+02
-6.433039833300683435e-03,-9.990000000000000000e+02,-9.990000000000000000e+02,-1.000000000000000000e+03,9.450097858109393623e-03,-6.668081158297603506e-03,-1.000000000000000000e+03,-9.990000000000000000e+02,-9.990000000000000000e+02,-9.990000000000000000e+02,1.089136109972238531e-02,-9.990000000000000000e+02,-9.990000000000000000e+02,-9.990000000000000000e+02,-9.990000000000000000e+02,-1.000000000000000000e+03,-9.990000000000000000e+02,-9.990000000000000000e+02,7.064995686293373822e-04,-1.000000000000000000e+03,-9.990000000000000000e+02
-2.267650168262469457e-03,-1.000000000000000000e+03,-9.990000000000000000e+02,-1.293900541527598369e-02,-9.990000000000000000e+02,-2.582187035034842759e-03,-1.000000000000000000e+03,-1.000000000000000000e+03,-1.441463604837572854e-03,-9.129367555561800768e-03,-9.990000000000000000e+02,-1.000000000000000000e+03,-1.000000000000000000e+03,-9.990000000000000000e+02,-2.001250172679255868e-03,-1.000000000000000000e+03,8.362947279128618572e-03,3.058654881621228339e-03,-9.990000000000000000e+02,-9.135269026569178830e-03,-9.990000000000000000e+02
-9.990000000000000000e+02,-9.990000000000000000e+02,-1.000000000000000000e+03,-9.990000000000000000e+02,-9.990000000000000000e+02,-7.249199475407461235e-03,-1.000000000000000000e+03,-9.990000000000000000e+02,3.627589217298728130e-03,2.456655144109462507e-03,-1.000000000000000000e+03,-2.116847217511932250e-02,-9.990000000000000000e+02,-1.000000000000000000e+03,-9.990000000000000000e+02,-9.990000000000000000e+02,-9.990000000000000000e+02,3.947196178475172179e-03,-9.990000000000000000e+02,1.277195071733898402e-02,-9.990000000000000000e+02
-2.557261419904865996e-04,-9.990000000000000000e+02,-1.000000000000000000e+03,-9.990000000000000000e+02,-1.000000000000000000e+03,-1.163745618097603365e-03,1.002459705769800924e-02,-1.000000000000000000e+03,1.158899954525155485e-02,-1.201274634650021170e-02,2.927409714847107464e-03,-9.990000000000000000e+02,-1.000000000000000000e+03,-1.000000000000000000e+03,-1.380410088401048951e-03,-1.000000000000000000e+03,-1.022014554177150258e-03,-9.990000000000000000e+02,-5.332315369830220066e-03,-9.990000000000000000e+02,-9.990000000000000000e+02
-5.827373814080900188e-03,-1.000000000000000000e+03,-9.990000000000000000e+02,-9.990000000000000000e+02,-9.990000000000000000e+02,-1.000000000000000000e+03,-9.990000000000000000e+02,-9.990000000000000000e+02,-8.329542477612009513e-03,-1.649017583609688371e-03,-9.990000000000000000e+02,-1.904678730946796072e-03,-9.990000000000000000e+02,-1.000000000000000000e+03,2.095631424606295146e-04,-9.990000000000000000e+02,-9.990000000000000000e+02,4.852428418678909894e-03,-2.069020359961470240e-02,-9.990000000000000000e+02,-9.990000000000000000e+02
-6.300269481946368932e-03,-2.916451012089277262e-02,-9.990000000000000000e+02,-9.453312101739969053e-04,-9.990000000000000000e+02,5.828604799792394889e-03,-9.990000000000000000e+02,-1.059092377354445627e-04,-1.000000000000000000e+03,-9.990000000000000000e+02,-2.261369153697678769e-03,5.344571394844815915e-04,-3.557684392808180274e-03,8.094610636698307271e-04,-2.442065004745030965e-03,-3.875942923717692890e-03,-1.000000000000000000e+03,2.150217677363841506e-04,8.413531581686501185e-03,-9.990000000000000000e+02,-9.990000000000000000e+02
-2.357181683803618796e-02,-9.990000000000000000e+02,-1.000000000000000000e+03,-1.000000000000000000e+03,-9.990000000000000000e+02,-1.264892668499270623e-02,-2.502102648888513206e-02,-9.990000000000000000e+02,-9.990000000000000000e+02,-2.274218297056046501e-02,-1.403071278559511401e-02,-1.109941902013030293e-02,-2.590619717898260538e-02,-3.035077986564650027e-02,-2.145385816767967496e-02,4.408101505709801499e-03,-2.180017239615360258e-02,6.872900579692087231e-03,-9.990000000000000000e+02,-9.990000000000000000e+02,-9.990000000000000000e+02
-9.990000000000000000e+02,-9.990000000000000000e+02,-1.000000000000000000e+03,-1.000000000000000000e+03,-9.990000000000000000e+02,2.271733766826060288e-03,8.679586559392112044e-03,-9.990000000000000000e+02,-5.467516693105960168e-03,1.012787543632730214e-04,-2.306100772525940951e-03,-8.072262867230249606e-03,4.868876061443358494e-03,-8.489942680214433712e-03,-5.985402588831550269e-03,2.413520597983317972e-03,-9.990000000000000000e+02,4.425405342738802060e-03,-8.883776520986624847e-04,-9.990000000000000000e+02,-9.990000000000000000e+02
-9.990000000000000000e+02,-1.000000000000000000e+03,-1.000000000000000000e+03,-7.664652794457032375e-03,-1.598297901713273406e-02,6.658630736331022648e-04,-1.559766608688201162e-03,-9.990000000000000000e+02,-9.990000000000000000e+02,-5.916599236554277719e-03,-9.990000000000000000e+02,-3.669562443230824783e-03,-9.990000000000000000e+02,-2.801516165161973063e-03,-1.000000000000000000e+03,6.965397636538960338e-03,-9.990000000000000000e+02,9.211502761648778653e-03,-2.019986190072184384e-02,-9.990000000000000000e+02,-9.990000000000000000e+02
-9.990000000000000000e+02,-1.692576564001691680e-02,-9.990000000000000000e+02,-9.990000000000000000e+02,-1.000000000000000000e+03,-3.329695122759164516e-03,-1.000000000000000000e+03,-9.506495206195224312e-03,1.875218746504898892e-02,-8.268443924550117341e-03,-9.990000000000000000e+02,-9.990000000000000000e+02,-1.000000000000000000e+03,-9.990000000000000000e+02,-9.990000000000000000e+02,-9.990000000000000000e+02,-9.990000000000000000e+02,-1.000000000000000000e+03,1.138328372458363713e-04,-9.990000000000000000e+02,-9.990000000000000000e+02
-5.790520616243265140e-03,-9.990000000000000000e+02,-9.990000000000000000e+02,-1.840937230455132884e-02,-9.990000000000000000e+02,-1.272880232443361626e-02,-1.000000000000000000e+03,-9.990000000000000000e+02,4.137619192690761283e-03,4.426220832833158148e-03,1.462220614511650085e-04,-5.477104706914204257e-03,-9.990000000000000000e+02,-9.990000000000000000e+02,1.420799300807643051e-03,2.491546090336346775e-03,-1.000000000000000000e+03,3.391951822580445419e-03,4.581000786717040474e-04,-3.869131430724898069e-03,-9.990000000000000000e+02
-9.990000000000000000e+02,-1.000000000000000000e+03,6.518675388679506799e-05,-9.990000000000000000e+02,1.132565358337628975e-03,-9.990000000000000000e+02,-9.990000000000000000e+02,-2.556058694980355150e-02,-1.000000000000000000e+03,-9.990000000000000000e+02,-9.990000000000000000e+02,-9.990000000000000000e+02,-9.990000000000000000e+02,-9.990000000000000000e+02,-9.990000000000000000e+02,-9.990000000000000000e+02,-8.441179461234585291e-03,-9.990000000000000000e+02,-1.000000000000000000e+03,-2.079004083702801209e-02,-9.990000000000000000e+02
-1.000000000000000000e+03,-2.496547932106000026e-02,-1.000000000000000000e+03,-1.000000000000000000e+03,-9.990000000000000000e+02,-9.990000000000000000e+02,-1.000000000000000000e+03,-9.990000000000000000e+02,-9.990000000000000000e+02,-9.990000000000000000e+02,-1.000000000000000000e+03,-9.990000000000000000e+02,-9.990000000000000000e+02,-9.990000000000000000e+02,-1.405763727521674999e-02,-1.484603757528954460e-02,-1.405191838280964167e-02,-1.000000000000000000e+03,-9.990000000000000000e+02,-9.990000000000000000e+02,-9.990000000000000000e+02
-2.255183910954167148e-03,-9.990000000000000000e+02,4.989964984450569185e-03,9.579924280745145959e-04,-1.028830877812840841e-02,-1.609459040258484630e-03,-1.352297348769099239e-03,-9.990000000000000000e+02,-1.000000000000000000e+03,-9.707419903364489233e-03,-1.000000000000000000e+03,7.385906941302158857e-03,-1.779935510636329599e-02,-9.990000000000000000e+02,-8.937877124824758490e-03,1.603399810094635614e-04,7.791532924850101335e-03,2.626110954084825977e-04,-1.582547487054081214e-02,-9.990000000000000000e+02,-9.990000000000000000e+02
-8.430824946503620229e-03,-7.404700672213562762e-03,-9.990000000000000000e+02,-1.351913038725650884e-02,-4.187892496448908375e-05,-3.097883109481974762e-03,-1.000000000000000000e+03,-9.990000000000000000e+02,-2.015307807469207679e-02,-9.990000000000000000e+02,-9.990000000000000000e+02,-1.000000000000000000e+03,-9.990000000000000000e+02,-1.952622597014066347e-02,-9.990000000000000000e+02,-1.000000000000000000e+03,-9.786117083243870557e-03,-9.990000000000000000e+02,-1.000000000000000000e+03,-9.990000000000000000e+02,-1.000000000000000000e+03
-8.121028310619653884e-03,-9.990000000000000000e+02,-9.990000000000000000e+02,-1.000000000000000000e+03,-9.990000000000000000e+02,-9.990000000000000000e+02,-1.000000000000000000e+03,-1.340679371882831650e-02,-4.073147230694518228e-03,-9.990000000000000000e+02,-3.374565068712752011e-03,-9.990000000000000000e+02,-2.521958387869269180e-03,-9.990000000000000000e+02,-9.990000000000000000e+02,2.465134645033716446e-03,-9.990000000000000000e+02,-1.000000000000000000e+03,-9.990000000000000000e+02,-9.990000000000000000e+02,-9.990000000000000000e+02
-2.243258983680940233e-03,-9.990000000000000000e+02,-1.000000000000000000e+03,-1.496280424460816327e-03,-5.219083983061971466e-03,-3.552005088761162055e-03,1.772889875594214903e-03,-9.990000000000000000e+02,-9.990000000000000000e+02,-9.990000000000000000e+02,-1.055027279053805112e-02,-9.990000000000000000e+02,-9.990000000000000000e+02,1.432935036208964064e-02,-9.990000000000000000e+02,-9.990000000000000000e+02,-9.990000000000000000e+02,-1.009540774399127032e-02,-9.990000000000000000e+02,-1.232466876712437140e-02,-9.990000000000000000e+02
-9.990000000000000000e+02,-9.990000000000000000e+02,2.559346493657965738e-04,-1.000000000000000000e+03,-2.154481683824666094e-02,-6.002266395653273190e-03,-1.000000000000000000e+03,-2.151583667956704499e-02,-2.312446912201903543e-02,-7.470522157191814526e-03,-9.990000000000000000e+02,-9.990000000000000000e+02,-9.990000000000000000e+02,-1.000000000000000000e+03,-5.741318429471536922e-03,-3.393881958230149376e-03,4.890006247867451084e-03,-2.125637018920434329e-02,-9.990000000000000000e+02,-1.000000000000000000e+03,-9.990000000000000000e+02
-1.000000000000000000e+03,7.428980115831526621e-03,-9.990000000000000000e+02,8.759327273366493416e-03,1.469587547339352984e-02,1.252454804119686183e-02,-1.000000000000000000e+03,-9.990000000000000000e+02,5.000466064877473471e-03,8.622307961013819799e-03,-9.990000000000000000e+02,-9.990000000000000000e+02,8.121702839132327600e-03,-9.990000000000000000e+02,-4.482328388130549235e-03,1.434128780560664507e-03,6.649848409769731905e-03,1.463950612635905868e-03,9.061066533194439554e-03,1.503536658598926545e-02,-1.000000000000000000e+03
-3.466303034144746498e-03,-9.990000000000000000e+02,-9.990000000000000000e+02,-9.990000000000000000e+02,-9.990000000000000000e+02,1.411332876404482184e-02,-3.381233928235333197e-04,-1.000000000000000000e+03,-9.990000000000000000e+02,1.029018717594046978e-02,-9.990000000000000000e+02,9.149276606242706666e-03,-9.990000000000000000e+02,-9.990000000000000000e+02,-9.990000000000000000e+02,1.458481408229252846e-02,3.439112384912124121e-03,1.547480164961221455e-02,1.884333186963800533e-02,-9.990000000000000000e+02,1.012705868416545474e-02
-1.000000000000000000e+03,-9.990000000000000000e+02,1.606727989057075284e-02,1.672179102337667880e-02,1.555522563907894146e-02,1.804894778444134096e-02,-9.990000000000000000e+02,9.402875395344040266e-03,1.656792603155515103e-02,1.921737800764764664e-02,-9.990000000000000000e+02,1.709735868743801623e-02,-1.000000000000000000e+03,1.656251605820008993e-02,1.661230386708579393e-02,2.252762738815958579e-02,1.551984618473198352e-02,2.014126327448580861e-02,1.423563240237996942e-02,-9.990000000000000000e+02,1.314422163132418497e-02
-1.000000000000000000e+03,-1.000000000000000000e+03,-9.990000000000000000e+02,1.665622639178954145e-02,6.562202722679884304e-03,-9.990000000000000000e+02,-9.990000000000000000e+02,2.168354415894870740e-02,1.525098832905953661e-02,1.761170960622469167e-02,2.106690327107917093e-02,1.392965624062238172e-02,-9.990000000000000000e+02,1.706761068820576016e-02,9.238210362764731620e-03,1.670315626356440666e-02,2.011666040490966284e-02,1.882994525725432272e-02,-9.990000000000000000e+02,1.017533516726941423e-02,3.025141344960513567e-03
1.895583319366632088e-02,-1.000000000000000000e+03,-9.990000000000000000e+02,-9.990000000000000000e+02,-9.990000000000000000e+02,1.721576845326606639e-02,-9.990000000000000000e+02,-9.990000000000000000e+02,-9.990000000000000000e+02,-9.990000000000000000e+02,-9.990000000000000000e+02,-9.990000000000000000e+02,1.379406764891114023e-02,-1.000000000000000000e+03,1.172329519358375483e-02,1.684101078859732287e-02,-9.990000000000000000e+02,-9.990000000000000000e+02,-1.000000000000000000e+03,-9.990000000000000000e+02,-9.990000000000000000e+02
1.717359023433237541e-02,6.318778705506337967e-03,-9.990000000000000000e+02,7.472195909935620828e-03,-9.990000000000000000e+02,-1.000000000000000000e+03,1.140443313761403676e-02,-9.990000000000000000e+02,3.241631785211876449e-02,7.668370182100814336e-03,9.581695019509284261e-03,1.817423925930602979e-02,7.888707577002898597e-03,-9.990000000000000000e+02,1.926205301497521671e-02,3.375879246587595861e-03,-9.990000000000000000e+02,-9.990000000000000000e+02,-9.990000000000000000e+02,-9.990000000000000000e+02,-9.990000000000000000e+02
2.098547409475903444e-02,1.400004742659378965e-02,-1.000000000000000000e+03,1.854979087617858804e-02,1.327117986541905686e-02,1.685718150603758569e-02,1.808663117343647236e-02,1.872831556176452611e-02,1.427699581871818418e-02,1.265129184543931085e-02,-9.990000000000000000e+02,1.540362005164838156e-02,1.881984790300714194e-02,-9.990000000000000000e+02,1.767469794056834159e-02,2.173402923721684532e-02,1.660368632476678236e-02,1.190084351042054733e-02,1.828755610945214174e-02,-1.000000000000000000e+03,-1.000000000000000000e+03
1.874041831494463808e-02,-9.990000000000000000e+02,-9.990000000000000000e+02,1.791536294449008748e-02,-2.720336734899714282e-03,-9.990000000000000000e+02,-1.000000000000000000e+03,-9.990000000000000000e+02,1.005563445792795330e-02,1.245262971436285337e-02,7.581167547167977361e-03,-9.990000000000000000e+02,1.325808129598178564e-02,1.077528174745831513e-02,6.930873189828601344e-03,2.147503697232103215e-02,1.440245631716843139e-02,-1.000000000000000000e+03,1.412213987722595043e-02,-9.990000000000000000e+02,-1.000000000000000000e+03
1.749227973945331055e-02,-9.990000000000000000e+02,1.870734109030219861e-02,-9.990000000000000000e+02,-9.990000000000000000e+02,-9.990000000000000000e+02,6.274013046408108418e-03,1.019403044015866622e-02,2.366830288544920918e-02,1.483041888474016107e-02,-9.990000000000000000e+02,1.662690197967811589e-02,-1.000000000000000000e+03,-9.990000000000000000e+02,1.765181452948952345e-02,-9.990000000000000000e+02,7.286728854750675749e-03,3.034430551197744852e-03,-1.000000000000000000e+03,-9.990000000000000000e+02,6.632541475173905909e-03
7.352445877255656126e-03,-9.990000000000000000e+02,-9.990000000000000000e+02,-1.000000000000000000e+03,-9.990000000000000000e+02,7.883428966983851982e-03,-1.000000000000000000e+03,-9.990000000000000000e+02,-9.990000000000000000e+02,-9.990000000000000000e+02,-9.990000000000000000e+02,-9.990000000000000000e+02,-1.000000000000000000e+03,-9.990000000000000000e+02,-9.990000000000000000e+02,-9.990000000000000000e+02,-2.774224221686757974e-03,1.329535739867032662e-02,2.629861837005767478e-03,-8.716093162418364626e-03,7.763722311987936164e-04
9.657662689061541350e-03,-9.990000000000000000e+02,-9.990000000000000000e+02,1.262587069709066034e-02,-1.000000000000000000e+03,1.725227020245954923e-02,-9.990000000000000000e+02,-1.000000000000000000e+03,-9.990000000000000000e+02,-9.990000000000000000e+02,-1.000000000000000000e+03,-1.000000000000000000e+03,-9.990000000000000000e+02,-9.990000000000000000e+02,8.965102305268271565e-03,-1.096385507269967419e-03,-9.990000000000000000e+02,-9.990000000000000000e+02,-9.990000000000000000e+02,-9.990000000000000000e+02,1.954738842938551213e-02
-9.990000000000000000e+02,-9.990000000000000000e+02,1.136580627191408066e-03,-9.990000000000000000e+02,-9.990000000000000000e+02,1.562497757452768754e-02,-9.990000000000000000e+02,-1.000000000000000000e+03,-9.990000000000000000e+02,-9.990000000000000000e+02,-1.000000000000000000e+03,-9.990000000000000000e+02,-9.990000000000000000e+02,-9.990000000000000000e+02,-9.990000000000000000e+02,-9.990000000000000000e+02,1.244236795436692855e-02,9.606959575511997418e-03,-9.990000000000000000e+02,-9.990000000000000000e+02,-9.990000000000000000e+02
2.370763023435823458e-02,1.117209274830607835e-02,-1.000000000000000000e+03,-9.990000000000000000e+02,-9.990000000000000000e+02,7.758709381768300051e-03,3.475848240338891282e-03,1.521889431925975769e-02,-9.990000000000000000e+02,-9.990000000000000000e+02,-1.000000000000000000e+03,-9.990000000000000000e+02,-9.990000000000000000e+02,-9.990000000000000000e+02,7.595658335974878050e-03,-9.990000000000000000e+02,-9.990000000000000000e+02,-1.000000000000000000e+03,5.278086320436747858e-03,-5.252717489718478072e-03,-9.990000000000000000e+02
9.904979525705912349e-03,-9.990000000000000000e+02,-9.990000000000000000e+02,2.043215982582000101e-02,6.256414734413559553e-03,-9.990000000000000000e+02,-9.990000000000000000e+02,-1.000000000000000000e+03,1.970328158481055025e-02,1.235645609616259355e-02,-9.990000000000000000e+02,-9.990000000000000000e+02,-9.990000000000000000e+02,-9.990000000000000000e+02,1.536706822241039327e-02,-9.990000000000000000e+02,-9.990000000000000000e+02,1.478636345599920049e-02,-9.990000000000000000e+02,-9.990000000000000000e+02,1.961458515906013000e-02
-9.990000000000000000e+02,-1.000000000000000000e+03,-1.000000000000000000e+03,1.095783462875588032e-02,-9.990000000000000000e+02,-1.000000000000000000e+03,-1.000000000000000000e+03,-1.000000000000000000e+03,1.515066509333140576e-03,1.695929409926676124e-02,-1.000000000000000000e+03,-1.000000000000000000e+03,1.740862766270921680e-02,-9.990000000000000000e+02,1.896836562010985328e-02,2.077064100537928670e-03,-9.990000000000000000e+02,8.578116049335102189e-03,1.166978152229455890e-02,-9.990000000000000000e+02,1.871743730809884848e-02
1.116977913862794713e-02,-9.990000000000000000e+02,-9.990000000000000000e+02,-9.990000000000000000e+02,-9.990000000000000000e+02,-1.000000000000000000e+03,-9.990000000000000000e+02,-1.000000000000000000e+03,6.262716011946521666e-03,-9.990000000000000000e+02,-9.990000000000000000e+02,-9.990000000000000000e+02,1.055861302706716243e-02,-9.990000000000000000e+02,4.069728318507589981e-03,1.092847220945129816e-02,-9.990000000000000000e+02,-9.990000000000000000e+02,6.748260280232259989e-04,-9.990000000000000000e+02,1.487273313449770373e-02
-9.990000000000000000e+02,-9.990000000000000000e+02,-1.000000000000000000e+03,1.472455574397373186e-02,-9.990000000000000000e+02,-1.000000000000000000e+03,-9.990000000000000000e+02,-9.990000000000000000e+02,-9.990000000000000000e+02,1.113349764888552085e-02,-9.990000000000000000e+02,1.517987488242684979e-02,5.537159351963069631e-03,-9.990000000000000000e+02,-9.990000000000000000e+02,1.870755090822781574e-02,-9.990000000000000000e+02,-2.504177900938074630e-02,-1.000000000000000000e+03,-1.384128483795940556e-02,-9.990000000000000000e+02
-9.990000000000000000e+02,1.791715010148735993e-02,-9.990000000000000000e+02,9.387577531075916998e-03,-9.990000000000000000e+02,-9.990000000000000000e+02,1.240528522303530057e-02,9.402684598554401918e-03,1.121150240924001507e-02,-5.332346179476483983e-03,1.847320363246199304e-02,1.077814739608767836e-02,-9.990000000000000000e+02,-1.200076843634045876e-05,-1.000000000000000000e+03,1.467268899697573431e-02,1.260461898000062725e-02,3.072699676268600411e-02,4.388398364386245087e-03,-3.394075555112452403e-03,-9.990000000000000000e+02
-9.990000000000000000e+02,-9.990000000000000000e+02,4.115408457880512239e-03,-1.520801794109669092e-03,1.240768277733597658e-02,7.962147066593261435e-03,-9.990000000000000000e+02,2.199271946108261044e-02,8.478307393937595249e-03,-9.990000000000000000e+02,-9.990000000000000000e+02,-9.990000000000000000e+02,1.466432774910778059e-03,-9.990000000000000000e+02,1.221852448806732411e-02,-9.990000000000000000e+02,-9.990000000000000000e+02,-1.000000000000000000e+03,-9.990000000000000000e+02,-9.990000000000000000e+02,-9.990000000000000000e+02
-9.990000000000000000e+02,2.603218787687128222e-03,-9.990000000000000000e+02,6.798139925936586003e-03,6.282927230693145793e-03,1.086674181200736333e-02,-9.990000000000000000e+02,-9.990000000000000000e+02,-6.111516213460621572e-04,1.188333866060649335e-02,-9.990000000000000000e+02,-9.990000000000000000e+02,2.279367597948916968e-03,-9.990000000000000000e+02,1.784141959661116050e-02,9.587185487749325108e-03,-9.990000000000000000e+02,-9.990000000000000000e+02,1.990635424933947378e-02,-1.000000000000000000e+03,-1.000000000000000000e+03
-9.990000000000000000e+02,-9.990000000000000000e+02,-1.000000000000000000e+03,-1.000000000000000000e+03,-9.990000000000000000e+02,1.261136899093506791e-02,-9.990000000000000000e+02,-1.000000000000000000e+03,2.295795932246055826e-02,1.043040708961628926e-02,-9.990000000000000000e+02,-9.990000000000000000e+02,-9.990000000000000000e+02,8.856875221712509627e-03,-9.990000000000000000e+02,2.905542575942132721e-02,1.301557641153926886e-02,-9.990000000000000000e+02,-1.000000000000000000e+03,1.127458909202194715e-02,6.519152977049400000e-03
1.563021618284421432e-02,-9.990000000000000000e+02,-9.990000000000000000e+02,-1.000000000000000000e+03,-2.721075232064384952e-03,1.249495893823916737e-02,-1.000000000000000000e+03,-9.990000000000000000e+02,-1.000000000000000000e+03,5.963974757019610551e-03,-9.990000000000000000e+02,1.826510863702660026e-02,2.959580157843685888e-03,-1.000000000000000000e+03,5.100854397517742833e-03,-9.990000000000000000e+02,-9.990000000000000000e+02,-9.990000000000000000e+02,-9.990000000000000000e+02,-9.990000000000000000e+02,-1.000000000000000000e+03
1.059668694497090113e-02,-1.000000000000000000e+03,-9.990000000000000000e+02,-9.990000000000000000e+02,-1.000000000000000000e+03,1.876859520704036999e-02,-9.990000000000000000e+02,-1.000000000000000000e+03,8.272784649813437474e-03,-9.990000000000000000e+02,-2.289955920590146243e-02,-9.990000000000000000e+02,-9.990000000000000000e+02,-9.990000000000000000e+02,2.591173901235901966e-02,1.215744173848951060e-02,-9.990000000000000000e+02,5.752828018808289756e-03,-3.072100139414134234e-03,-1.000000000000000000e+03,1.577995568182358199e-02
2.629619840118724294e-03,-9.990000000000000000e+02,-1.000000000000000000e+03,8.222176097908796832e-03,-9.990000000000000000e+02,6.528189442677918841e-03,-9.990000000000000000e+02,-9.990000000000000000e+02,1.249133443697674622e-02,-1.000000000000000000e+03,1.607497045959055404e-02,-9.990000000000000000e+02,-9.990000000000000000e+02,-9.990000000000000000e+02,-8.289102814518389817e-03,3.162168043920653843e-02,3.935119132265962882e-03,-1.582297080417444102e-02,-9.990000000000000000e+02,-9.990000000000000000e+02,-1.000000000000000000e+03
8.930694639516525979e-03,-9.990000000000000000e+02,-9.990000000000000000e+02,-9.990000000000000000e+02,-9.990000000000000000e+02,1.559940992578091185e-02,1.490227977039423196e-02,-2.308305105519853351e-03,1.340744072954916377e-02,3.424255273220239149e-03,-9.990000000000000000e+02,-9.990000000000000000e+02,-1.000000000000000000e+03,1.697618014343720005e-02,2.663614258522198353e-03,-9.990000000000000000e+02,9.852235711014262209e-03,-9.990000000000000000e+02,6.649310112326972666e-03,-9.990000000000000000e+02,-9.990000000000000000e+02
-9.990000000000000000e+02,-9.990000000000000000e+02,-9.990000000000000000e+02,-9.990000000000000000e+02,1.521285436589528417e-02,8.022754573774312781e-03,-9.990000000000000000e+02,1.460044210902834011e-02,-1.000000000000000000e+03,1.898423980570701150e-02,1.217002750472084144e-02,-1.000000000000000000e+03,1.284181841197512552e-02,2.040393608957576793e-02,1.553116557283944731e-02,1.645890850837350428e-02,-9.990000000000000000e+02,1.326020196656330433e-02,-9.990000000000000000e+02,1.767793723429088304e-02,-8.075986515337016391e-03
-1.000000000000000000e+03,1.193851176635218198e-02,8.635099227134443445e-03,-9.990000000000000000e+02,2.352847738568225600e-03,4.813027994357843564e-03,-9.990000000000000000e+02,1.433129597877232098e-02,-9.990000000000000000e+02,1.262452203485345259e-02,9.947688025726583727e-03,-9.990000000000000000e+02,1.661126996832656966e-04,-9.990000000000000000e+02,7.411134995134807668e-04,7.198968522819051974e-03,1.182312382120132010e-03,-9.990000000000000000e+02,2.594233369575565940e-03,-2.500357922701833269e-03,-9.990000000000000000e+02
1.435920905282416123e-02,1.400755920001191257e-02,-9.990000000000000000e+02,-9.990000000000000000e+02,-9.990000000000000000e+02,-9.990000000000000000e+02,1.146624648219114403e-02,-9.990000000000000000e+02,1.361985691374699090e-02,5.398946237683902027e-03,1.878869376951734435e-02,1.795072195484345712e-02,5.276833093205944569e-03,-1.000000000000000000e+03,1.740324487937485939e-02,1.123098841728912417e-02,1.914185395172451898e-02,1.421852195636902350e-02,-9.990000000000000000e+02,-9.990000000000000000e+02,-9.990000000000000000e+02
-9.990000000000000000e+02,-9.990000000000000000e+02,-9.990000000000000000e+02,-1.000000000000000000e+03,-9.990000000000000000e+02,6.681482510510788897e-03,-9.990000000000000000e+02,-9.990000000000000000e+02,-1.000000000000000000e+03,5.418393287739020625e-03,2.030781518126689722e-02,-1.000000000000000000e+03,3.575324148991393391e-03,-9.990000000000000000e+02,1.053853108634212471e-02,7.446350282357003247e-03,1.132841937472782445e-02,1.797751684416082352e-02,-9.990000000000000000e+02,2.078272808231455826e-02,-1.000000000000000000e+03
-9.990000000000000000e+02,2.932208087326873547e-03,7.369705416136740350e-05,-9.990000000000000000e+02,-9.990000000000000000e+02,1.308722993709089677e-02,-9.990000000000000000e+02,7.680331514922283942e-03,1.509324660782418448e-02,-1.000000000000000000e+03,1.037390940286040536e-02,-9.990000000000000000e+02,6.866482780902738448e-03,-9.990000000000000000e+02,3.342835038454380903e-03,6.393527319000349984e-03,3.103277981701318966e-03,-9.990000000000000000e+02,2.335760981890343257e-02,1.746870428062061165e-02,-9.990000000000000000e+02
-7.930386907127703888e-03,-2.424400664577788800e-03,8.284273416431398029e-03,1.356425346763587975e-02,-9.990000000000000000e+02,1.059970996081280314e-02,-9.990000000000000000e+02,-9.990000000000000000e+02,-1.098378709888131466e-03,6.775938618023238935e-03,-9.990000000000000000e+02,7.957986164475662483e-03,-6.844066360204535682e-03,-9.990000000000000000e+02,-9.990000000000000000e+02,6.272245861607149420e-03,4.423940895751210522e-03,2.313069617266079459e-03,-9.990000000000000000e+02,-1.000000000000000000e+03,-1.000000000000000000e+03
-9.990000000000000000e+02,-9.990000000000000000e+02,-9.990000000000000000e+02,-9.990000000000000000e+02,-9.990000000000000000e+02,9.130310305419969685e-03,-9.990000000000000000e+02,-9.990000000000000000e+02,2.305424632552316444e-03,-1.000000000000000000e+03,-1.000000000000000000e+03,7.053557659278945902e-03,3.909974795511257650e-03,-9.990000000000000000e+02,6.581762915386091262e-03,1.730951360793370197e-02,-1.361499216615674746e-02,2.512511317171818581e-03,-1.361335509475322669e-02,-9.990000000000000000e+02,2.778673895151850814e-03
3.221718535461118305e-03,8.314122598432144295e-03,-9.990000000000000000e+02,-9.990000000000000000e+02,-9.990000000000000000e+02,4.272471337042532680e-03,1.113757049096318619e-02,-9.990000000000000000e+02,-1.000000000000000000e+03,-1.575420544055600169e-03,-9.990000000000000000e+02,1.198381557713520951e-02,9.948865464512957058e-03,-9.990000000000000000e+02,-9.990000000000000000e+02,-1.166455017357133361e-03,-1.000000000000000000e+03,7.966746196021765036e-03,-2.023800181922469354e-03,9.439444466855420601e-03,4.507431846644205375e-03
-1.000000000000000000e+03,-9.990000000000000000e+02,-3.129373096782545050e-04,-9.990000000000000000e+02,-9.990000000000000000e+02,-9.990000000000000000e+02,-1.000000000000000000e+03,-9.990000000000000000e+02,6.886278759818925677e-03,1.736550569215759843e-02,-9.990000000000000000e+02,-1.000000000000000000e+03,-9.990000000000000000e+02,-1.000000000000000000e+03,4.343419392893912989e-03,-1.000000000000000000e+03,-9.990000000000000000e+02,-9.990000000000000000e+02,1.321440160636226484e-02,-9.990000000000000000e+02,-9.990000000000000000e+02
5.235883602944912951e-03,-1.048512177785183852e-02,-9.990000000000000000e+02,-9.990000000000000000e+02,-1.000000000000000000e+03,-9.990000000000000000e+02,-9.990000000000000000e+02,-1.000000000000000000e+03,-4.747420237884748817e-03,-9.990000000000000000e+02,-9.990000000000000000e+02,-1.000000000000000000e+03,-9.990000000000000000e+02,-9.990000000000000000e+02,-9.990000000000000000e+02,5.128706915558708945e-03,-5.697224920487256594e-03,9.174482360290794891e-03,-9.990000000000000000e+02,-9.990000000000000000e+02,-9.990000000000000000e+02
4.094927645720308762e-03,7.636322010928300874e-03,-1.000000000000000000e+03,-9.990000000000000000e+02,-1.336029366009558461e-03,-5.497100943373189885e-03,1.291125045296203505e-02,-1.585447425845279423e-03,8.621357645335663011e-03,-2.684192597750264392e-03,1.614338392453676385e-02,1.410066903813778430e-02,3.534374191503292240e-03,9.740889466135511238e-03,-2.521017781406051372e-03,3.789711617479679662e-04,3.139659150597398640e-03,-1.318241502876016380e-03,-1.362623761754999663e-03,-4.639874578888238121e-03,-9.990000000000000000e+02
-1.000000000000000000e+03,-9.990000000000000000e+02,-9.990000000000000000e+02,4.844160634822111677e-03,-7.609922073605071557e-03,2.033749069788847591e-02,-9.990000000000000000e+02,1.187682897289381312e-02,-7.819441108349152458e-03,-7.216328376673020184e-03,-3.822967422474191079e-03,-2.385693552686793395e-03,-7.108163534631489061e-03,-9.990000000000000000e+02,-4.251052878905522969e-03,6.720978069935223259e-03,6.078508954715060308e-04,-1.120215393851278773e-03,-9.644611499597902093e-03,-9.235042475026766784e-03,-9.990000000000000000e+02
2.329874489587867303e-02,2.003526704755414015e-02,8.608182349879381356e-04,-1.000000000000000000e+03,8.781950962208229933e-03,-1.167110441052318648e-05,3.121618085414829338e-03,1.480943806447353184e-02,8.281074372248793669e-03,6.033594416048643216e-03,1.503200184154800459e-02,2.452176247658005570e-03,2.198501022170757865e-02,1.437214300328512606e-02,9.470334757057595823e-03,1.364801409596779445e-02,2.039378911848657369e-02,1.905379967913714556e-02,-9.990000000000000000e+02,-1.109581575991844260e-02,-9.990000000000000000e+02
1.334135683231557623e-02,4.107250847225706047e-03,-9.990000000000000000e+02,-1.000000000000000000e+03,-4.059116736722396396e-04,-2.076940295841748010e-03,3.224575499085099994e-03,5.748069007176621892e-03,4.827065486910780967e-03,8.801927404373341424e-03,-1.000000000000000000e+03,6.214362190762177940e-03,-8.508555588688085369e-03,1.695718996680788127e-02,9.437505907275649253e-03,1.768545316631491698e-03,6.353296222087467804e-03,-1.000000000000000000e+03,8.432659348460132612e-03,1.127679335955566672e-02,-9.990000000000000000e+02
-1.439120294202678174e-03,-9.990000000000000000e+02,-5.386406413248667757e-03,-1.000000000000000000e+03,-3.286896802690601575e-03,-6.828936230483244330e-03,1.038680658074688651e-03,-7.683204036114190533e-03,-8.244337441751389828e-03,-5.875337329524003144e-03,-8.870934180510953865e-03,1.456326832628460077e-03,8.176749910386055253e-03,3.306798751401337534e-03,-1.146983218406812111e-02,-5.244089167807807969e-03,-1.223630699980199354e-02,-9.465911386613366785e-03,-9.626798217005277242e-03,-6.147341461423726228e-03,7.462146351622331308e-03
-1.051518971402105873e-02,-9.990000000000000000e+02,-9.990000000000000000e+02,-6.120366006820740501e-03,-5.678387888533184547e-03,-1.000000000000000000e+03,1.230773375836144434e-03,-1.595497498024289751e-03,4.513869671195006039e-03,-4.401165512180393868e-03,3.011465227580584214e-03,-7.108239278563951991e-03,-2.184361343339322192e-02,-9.990000000000000000e+02,-9.990000000000000000e+02,-6.476565820553475961e-03,-1.029978638660528079e-03,-1.818189921567819889e-03,-9.990000000000000000e+02,-9.990000000000000000e+02,-2.405084970290793933e-03
-1.025241830783635288e-02,-1.069522306814737339e-02,-1.000000000000000000e+03,-3.305862525932817819e-03,-1.960670976004932897e-02,-8.617396203452688114e-03,-1.212150093934325629e-02,-1.807790389958217891e-02,-1.294459794910745448e-02,-1.976517037247380731e-02,-1.014925050159164871e-02,-8.256378698856613185e-03,-1.706451692801110726e-02,-1.218118613584000948e-02,-1.935420112702228301e-02,-2.885049354032529628e-03,-1.418394999221094660e-02,-1.732298291174040605e-02,-1.329445200734800242e-02,-2.586924085075877067e-02,-1.512002015955633827e-02
1.020214026218445313e-02,3.581609196139850376e-03,-9.990000000000000000e+02,-9.990000000000000000e+02,1.335946068789108099e-02,-8.333674999719598020e-03,-9.990000000000000000e+02,-7.003996510581519952e-03,6.626432537449836180e-03,-9.990000000000000000e+02,-9.990000000000000000e+02,-9.990000000000000000e+02,-9.990000000000000000e+02,-9.142317243721609366e-03,-6.213417545277863385e-03,-4.107498487573843504e-03,-1.000000000000000000e+03,-3.319799256245113683e-03,-1.808655821918844775e-03,-9.990000000000000000e+02,-9.990000000000000000e+02
-9.990000000000000000e+02,1.109004492087563298e-02,1.066361253011700871e-02,-6.602996809452185700e-03,-7.944268040767712979e-03,-9.990000000000000000e+02,-1.000000000000000000e+03,7.294428553172173368e-03,5.871126569110002996e-03,4.129043871645783972e-03,-2.131930916416807653e-04,6.028409773469078914e-03,8.975996299847716076e-03,4.273167602019266320e-02,4.577162266429879098e-03,-9.990000000000000000e+02,9.333528429638138224e-03,-1.127590376366290059e-03,-6.954071839661686572e-03,-1.295868366270250260e-02,-9.990000000000000000e+02
4.052433159655088879e-03,-1.000000000000000000e+03,-9.990000000000000000e+02,-9.990000000000000000e+02,-1.000000000000000000e+03,-5.701173919795562983e-03,3.227541928378874214e-03,-1.000000000000000000e+03,-9.990000000000000000e+02,-9.990000000000000000e+02,-9.990000000000000000e+02,-3.676157451599409987e-03,-9.990000000000000000e+02,-9.990000000000000000e+02,-3.878834851997942090e-03,2.760295796651671130e-03,-1.047237072441462025e-03,-5.109741800281342172e-03,3.274852435289195285e-03,-1.000000000000000000e+03,1.393532239448047605e-03
-9.990000000000000000e+02,-9.990000000000000000e+02,-8.281371746350081609e-03,-9.990000000000000000e+02,-2.400558630312021879e-03,5.862860965180766160e-04,5.239860988356659366e-04,-1.293150979550640456e-02,-1.363969487299919459e-02,-4.848602662281029096e-03,1.881369084421356808e-02,-8.886026574685054746e-03,-1.000000000000000000e+03,-9.990000000000000000e+02,6.913749521427398070e-03,-9.990000000000000000e+02,-3.747470101747224502e-03,-9.990000000000000000e+02,-3.626677707786268856e-03,2.143460059237031756e-03,-6.211133356267578565e-03
7.146519811455706930e-03,9.682714064897355102e-03,-1.000000000000000000e+03,-3.074441886280795955e-03,2.263546435659619105e-02,6.362050947401554080e-03,1.360533164997761515e-02,1.407162567059356412e-02,2.463695145681300477e-02,2.244026932993891874e-03,1.109998594578791124e-02,1.401910118192352048e-02,3.920084018188736003e-03,1.089257359013889870e-02,1.979085923897346000e-02,1.261276053317654175e-02,1.813309787715486343e-02,1.308770725276372018e-02,7.039630585185749530e-03,2.313807823624802057e-02,-1.530245629346745073e-02
-1.000000000000000000e+03,-9.990000000000000000e+02,-1.000000000000000000e+03,-9.990000000000000000e+02,5.737389592366870690e-03,-3.222158677703618190e-03,-9.990000000000000000e+02,-9.990000000000000000e+02,8.626292626343207148e-04,9.629614880126924348e-03,-9.120623198943245136e-04,-1.000000000000000000e+03,-7.303565972027969977e-03,2.198603546285218813e-03,-9.990000000000000000e+02,1.039355279947991317e-02,-8.911921115903873036e-03,-9.990000000000000000e+02,3.749255459556337378e-03,-1.000000000000000000e+03,-1.000000000000000000e+03
-9.990000000000000000e+02,8.022890898955907513e-03,-1.000000000000000000e+03,-1.000000000000000000e+03,6.525046480949064920e-03,-9.990000000000000000e+02,1.020968755138052311e-02,-1.495887367807827162e-03,1.410897237801401333e-02,-2.912322643384798737e-03,-9.990000000000000000e+02,5.726243286278541456e-03,-5.879930959973633797e-03,-1.000000000000000000e+03,4.418025702169529889e-03,2.137312159973437861e-03,1.162453245085079932e-02,-1.289686341957903964e-02,-9.990000000000000000e+02,-9.990000000000000000e+02,-1.000000000000000000e+03
1.920694324150535107e-03,-1.228871361895478298e-05,5.072750282768146574e-03,-9.631113423383713679e-03,3.489918716105220101e-03,-1.459523569496103818e-03,6.543212060025394884e-03,8.430502907134207469e-03,6.328575568643812072e-03,-3.353248855141370555e-03,-3.897349660242388145e-03,3.982819943283394393e-03,-1.000000000000000000e+03,-2.882166776628988791e-04,4.825211280462286464e-03,3.289783018515493943e-03,6.171702899064237385e-04,5.674184277024811596e-04,-9.802559991054476951e-03,1.396491214021673352e-04,-1.112212220302202792e-02
-3.400874522396568622e-03,2.373902543788469766e-03,-1.000000000000000000e+03,-1.670641032414731109e-03,-7.667458213996329597e-03,-4.779708114897741195e-04,2.078744945143734535e-03,-2.837595061638081839e-03,2.467046739840317998e-03,-4.234973164981885307e-03,-9.990000000000000000e+02,1.759770713903999195e-03,-8.316564442700333237e-03,1.054114609248310575e-02,6.570811191343839397e-03,-5.317629305434060788e-04,-2.337274208209644266e-04,-1.048169136674506619e-02,-1.649842683768498741e-03,-2.658380148640837604e-03,-9.990000000000000000e+02
6.737609220733020710e-03,-9.990000000000000000e+02,-1.000000000000000000e+03,2.623606800130504069e-03,-9.990000000000000000e+02,-3.319967107017929298e-03,-1.184317922127142708e-03,-1.993542293723706005e-04,3.943234955909184596e-03,7.584568931428677108e-03,-5.898832912501926137e-04,1.053757276726526027e-03,-9.990000000000000000e+02,1.754352379273564633e-03,-9.990000000000000000e+02,1.130634736077189284e-02,-1.746991536517299159e-03,-2.990051401204549264e-03,-9.990000000000000000e+02,-9.990000000000000000e+02,-9.990000000000000000e+02
-9.990000000000000000e+02,-9.990000000000000000e+02,-4.851410396672500847e-03,-9.990000000000000000e+02,-2.817514511202101612e-03,-9.990000000000000000e+02,-9.990000000000000000e+02,1.372568314289770997e-02,-1.893588712352137216e-03,-7.939676385393251712e-04,-9.990000000000000000e+02,-8.199059733362615288e-03,-4.874285462103333799e-03,-2.576311961116471705e-02,-9.990000000000000000e+02,7.248342526287740450e-03,-2.887624565939966859e-03,5.145799032599596146e-03,-1.000000000000000000e+03,-3.033505586528595366e-03,-9.990000000000000000e+02
5.086170714957027710e-03,-9.990000000000000000e+02,6.104539522440062538e-04,-1.000000000000000000e+03,9.528802876037991993e-04,-9.990000000000000000e+02,-1.909157696425042849e-02,3.532894808609111925e-03,8.360794750699472588e-03,2.821832565973240309e-03,8.405462266902086199e-03,3.362485989386351619e-03,1.069281634758598165e-03,3.548489242883007266e-03,4.391702615909827412e-03,-2.234050715234491002e-03,2.765566811151053128e-03,4.186471740171929592e-03,-6.375077261113942795e-03,-1.906349408948682100e-03,-3.136117546357911068e-03
-5.491952737710037620e-03,6.065816752850589078e-04,-9.990000000000000000e+02,6.031183261145704744e-03,-1.109341089113265177e-02,-9.990000000000000000e+02,5.075493928186403103e-03,1.270698622132657857e-02,9.740689723147913370e-03,4.941452141992931126e-03,4.345438029646875311e-03,-1.851591429678792200e-03,-6.042721493255930054e-04,4.676176875155410584e-03,1.359205177753470412e-03,-1.000000000000000000e+03,4.952694812927090767e-03,-2.328278449664836214e-04,-9.990000000000000000e+02,7.404578002967190931e-03,-9.990000000000000000e+02
-9.990000000000000000e+02,1.257077594009489707e-02,5.177419883138634216e-05,1.476534024556383495e-02,-3.426035220683049110e-03,6.925500782623134066e-03,-1.034970404007676259e-02,1.315088765975861926e-02,-1.826631135598173750e-03,-6.958943725658556234e-03,-3.410552085036488990e-03,1.890770681337847203e-03,-9.990000000000000000e+02,-4.395209464008550948e-03,-3.357982793208771910e-03,-9.990000000000000000e+02,1.790948319021358481e-03,-1.000000000000000000e+03,-9.990000000000000000e+02,-9.990000000000000000e+02,7.825988534802139074e-03
-9.990000000000000000e+02,-1.000000000000000000e+03,-9.990000000000000000e+02,-9.990000000000000000e+02,-1.000000000000000000e+03,1.550539448009730092e-03,-9.990000000000000000e+02,-9.990000000000000000e+02,-9.990000000000000000e+02,-9.990000000000000000e+02,-5.273015026764776847e-03,-9.990000000000000000e+02,-9.990000000000000000e+02,-9.990000000000000000e+02,1.487925260723069187e-02,-7.196853842951725366e-03,-9.990000000000000000e+02,-2.085543404220874253e-03,2.744654600250057142e-04,-9.990000000000000000e+02,9.313233695428399517e-03
-6.442813961112445198e-03,-9.990000000000000000e+02,-1.000000000000000000e+03,1.139836869115148227e-02,-4.574787723156566177e-03,-7.657863829751046514e-03,-9.990000000000000000e+02,-1.420047847547345476e-03,5.223932854608412391e-03,-4.943777371148948274e-03,6.413879905366043355e-04,-9.990000000000000000e+02,-9.990000000000000000e+02,3.872215325416067389e-03,2.950901529616269808e-03,-1.000000000000000000e+03,-9.990000000000000000e+02,-4.232718298346413444e-04,-3.215632468077191108e-03,-9.990000000000000000e+02,-9.990000000000000000e+02
-9.990000000000000000e+02,-4.246134914063559584e-03,-6.647811174257348132e-03,-1.000000000000000000e+03,-9.990000000000000000e+02,-8.474565186649560267e-03,-9.990000000000000000e+02,-9.990000000000000000e+02,-9.990000000000000000e+02,-4.693758502334277605e-03,-6.001164412931039860e-03,-1.383706755231503549e-02,-3.027070002393494885e-04,-9.990000000000000000e+02,-3.001551970280763593e-03,9.019743910740854465e-03,-9.990000000000000000e+02,-1.258741834094251333e-02,-9.990000000000000000e+02,-9.990000000000000000e+02,-9.990000000000000000e+02
-9.990000000000000000e+02,2.312037602666208724e-02,-1.255625941378823475e-02,-1.000000000000000000e+03,-1.000000000000000000e+03,1.595290415867284262e-03,5.196372109771658226e-03,-9.990000000000000000e+02,3.527368406409998880e-03,-1.073578995986403106e-02,4.667220287619750635e-03,2.057258076506821021e-03,1.903415512185195613e-03,-9.990000000000000000e+02,7.526730922835324356e-03,5.336530186578689050e-03,-6.805492552709735410e-04,-9.990000000000000000e+02,7.071670684269225869e-03,4.406938731253966235e-03,9.495865227205080306e-03
-9.990000000000000000e+02,-9.990000000000000000e+02,-9.990000000000000000e+02,-9.990000000000000000e+02,-7.809460143373733731e-03,1.060095046121423135e-03,-1.000000000000000000e+03,1.674831856928446494e-03,-2.754533738855258207e-03,-9.990000000000000000e+02,-9.990000000000000000e+02,-9.990000000000000000e+02,-9.990000000000000000e+02,-1.000000000000000000e+03,-5.426552391044586754e-03,4.493099264731098552e-03,-9.990000000000000000e+02,-9.990000000000000000e+02,-9.990000000000000000e+02,-2.847646478715024077e-02,-3.916766006311217518e-03
3.265207982716636370e-03,-9.990000000000000000e+02,-1.000000000000000000e+03,7.009775011144846538e-03,-1.160771474293906258e-02,5.126385976594911506e-03,6.888564420828434398e-03,1.072675595479403998e-03,3.694030054921387807e-03,-2.162672935961049148e-03,5.147743696047868411e-04,-9.990000000000000000e+02,2.587606284928566092e-03,3.693044833729957829e-03,4.027922919666283852e-03,5.018263081276383430e-03,1.011467980865676797e-02,3.375781856758791957e-03,-9.647998416206745795e-03,-2.364939733879863060e-03,-9.205240885254456495e-03
-1.000000000000000000e+03,-9.990000000000000000e+02,-9.990000000000000000e+02,-9.990000000000000000e+02,-9.990000000000000000e+02,-9.390416574486804002e-04,-8.209814157469019769e-03,-8.184769636581670782e-03,2.329972370638090130e-03,-8.680122077844701356e-03,-9.990000000000000000e+02,-8.219952262565916046e-03,2.687086199876648207e-04,1.041357759543948269e-03,5.602770677033165614e-04,3.092136691698263440e-03,-9.990000000000000000e+02,-6.057064366909947761e-03,-1.153387078230826146e-02,-9.990000000000000000e+02,-9.990000000000000000e+02
-9.990000000000000000e+02,-1.000000000000000000e+03,-1.000000000000000000e+03,-9.990000000000000000e+02,1.507002145945901539e-03,-4.088958486706983919e-03,-1.076549052839542719e-02,-9.990000000000000000e+02,-2.363879770568760863e-03,1.159610147210110576e-03,-8.303016707155816412e-03,-6.425823292694796129e-03,-9.990000000000000000e+02,-9.990000000000000000e+02,-9.990000000000000000e+02,-9.990000000000000000e+02,-9.990000000000000000e+02,-6.996054843958071645e-03,-9.990000000000000000e+02,-9.990000000000000000e+02,-9.990000000000000000e+02
-1.000000000000000000e+03,-9.990000000000000000e+02,6.080934493657473051e-03,6.508587264420679502e-03,1.892390972476204469e-03,3.544191015850385595e-03,5.758474745988409471e-03,4.069297764253822919e-03,1.030069128194525951e-03,1.581644572405879745e-04,2.378058393368701062e-03,7.461010365977176206e-03,7.732040156782429841e-04,3.195340906598467812e-03,-4.727716775833057383e-04,4.043142406781091019e-03,3.576328127672727137e-03,2.829068694492863079e-03,1.810167480201115529e-03,-4.185878788305771869e-03,-9.990000000000000000e+02
-9.990000000000000000e+02,-9.990000000000000000e+02,5.950205983324720338e-04,3.106363128648825106e-03,3.639097951980071154e-03,-1.039591199014408551e-03,-1.000000000000000000e+03,1.550588555270106684e-03,3.777777464658828299e-03,4.959819063871077557e-03,2.346034143159810709e-03,1.085204568527977070e-03,-8.861696376894823146e-03,-1.000000000000000000e+03,1.276170513984395405e-02,8.239650114397173430e-03,7.434944262926095580e-03,2.013353691279514378e-03,-3.431418523032650492e-03,-1.365387545052255958e-02,-9.990000000000000000e+02
2.353773368526712595e-03,-6.081750288710718877e-03,-1.000000000000000000e+03,-6.983198206175267320e-03,1.228447592173430303e-02,6.916378832274028277e-04,1.951132831001178847e-03,-1.000000000000000000e+03,-9.990000000000000000e+02,-7.649372668595832980e-05,-4.195200114458286222e-03,-1.000000000000000000e+03,6.419650130533596788e-03,-2.692115879563201919e-02,-8.370341596863339895e-04,-1.973264078240166697e-03,-9.990000000000000000e+02,-1.875574346290889705e-03,-9.990000000000000000e+02,-9.990000000000000000e+02,3.714653536393941469e-03
-9.990000000000000000e+02,-1.117092246543955301e-02,-5.025012366259374100e-03,-9.628404446579516551e-03,-1.149095001398388327e-02,-4.320672357826571552e-03,-9.990000000000000000e+02,-5.114420171500922568e-03,-1.073046929849383845e-02,-9.588823463050781537e-03,-1.014127228673766291e-02,-1.461231450463553599e-02,-8.239168371328318627e-03,-9.990000000000000000e+02,-1.025797516436938173e-02,-1.000000000000000000e+03,1.997279721361186478e-02,-1.005040543977793466e-02,-1.193662141966599088e-02,-9.990000000000000000e+02,3.195260055142701283e-03
-9.990000000000000000e+02,3.844508149118776308e-03,-1.000000000000000000e+03,-9.990000000000000000e+02,-8.713615188141694140e-03,1.124041272165454686e-02,-1.000000000000000000e+03,-9.769784363975686503e-03,-9.990000000000000000e+02,-1.130885363179434666e-02,-9.990000000000000000e+02,-9.990000000000000000e+02,-9.990000000000000000e+02,-9.990000000000000000e+02,-7.137996793172181331e-03,-2.291838380544503062e-03,-9.990000000000000000e+02,-6.867828182692825578e-04,-6.117764301966796547e-03,-9.990000000000000000e+02,-9.990000000000000000e+02
1.656693758403937622e-04,-6.988448304669332700e-03,-9.990000000000000000e+02,-9.990000000000000000e+02,-9.990000000000000000e+02,-8.205278810318600291e-05,-4.523897410402460961e-03,-1.000000000000000000e+03,6.594160085196525134e-03,-9.990000000000000000e+02,-9.990000000000000000e+02,-6.233531481784990863e-04,-8.424766379425713270e-03,-1.000000000000000000e+03,-2.521927964713684134e-03,-1.000000000000000000e+03,-9.990000000000000000e+02,1.996980625140365451e-03,6.163113465903188870e-03,-5.310110642752774446e-04,-9.990000000000000000e+02
-9.990000000000000000e+02,-9.990000000000000000e+02,-9.990000000000000000e+02,9.968127416979236100e-03,6.533373636436620724e-03,-2.180674813655664179e-03,-9.990000000000000000e+02,-4.512362904932523677e-03,-8.450314175275225326e-04,-8.183612989668270776e-04,4.031930926477529653e-03,-4.996557511162583176e-03,1.147039588532225429e-03,-9.990000000000000000e+02,-9.990000000000000000e+02,-9.990000000000000000e+02,-5.021539845137534819e-04,5.671812815356863657e-03,6.002734564876793799e-04,-1.000000000000000000e+03,-1.000000000000000000e+03
5.858654687480945034e-03,-1.000000000000000000e+03,-1.363393894777220616e-02,6.159743201427064774e-03,-9.990000000000000000e+02,-9.990000000000000000e+02,-5.825767867074574391e-03,-1.519403504385208672e-02,-7.817124010583273788e-03,1.172361571715835934e-03,4.554658301303082801e-03,-3.833158411330493676e-03,-4.654391603233568042e-04,4.712527190161366897e-03,6.446292152888711408e-03,8.244178818970923639e-03,9.886054766424793444e-03,5.950921317449262699e-03,4.221743810818506110e-03,1.398069789627091192e-03,-9.990000000000000000e+02
-9.990000000000000000e+02,-9.990000000000000000e+02,-9.990000000000000000e+02,8.531970510544273356e-03,-1.000000000000000000e+03,-9.990000000000000000e+02,-9.343918765326725273e-04,-9.990000000000000000e+02,4.398610048193168920e-03,2.915630105610758638e-03,1.218332585861139905e-03,-9.990000000000000000e+02,-9.990000000000000000e+02,-9.990000000000000000e+02,-6.618334946141127273e-03,-1.109990356025200575e-03,-9.990000000000000000e+02,3.234501140028558930e-03,8.910217655818605809e-03,-9.990000000000000000e+02,2.521447871400156471e-03
4.860513712787117857e-03,-2.034877792951970965e-02,-1.000000000000000000e+03,-1.000000000000000000e+03,-9.990000000000000000e+02,-9.990000000000000000e+02,8.278804307745468716e-03,-9.556090757467661234e-05,-9.990000000000000000e+02,-9.990000000000000000e+02,-9.990000000000000000e+02,-9.990000000000000000e+02,-9.990000000000000000e+02,1.015078291433477858e-02,3.986678212823236561e-02,1.559172173688110757e-02,1.514215823487236046e-02,4.692227576891621482e-03,-9.990000000000000000e+02,-9.990000000000000000e+02,-1.000000000000000000e+03
5.796697824356905615e-03,-9.990000000000000000e+02,-4.277643353515214741e-04,-9.990000000000000000e+02,-9.990000000000000000e+02,1.504576125675133325e-02,4.703194629739088084e-03,-1.000000000000000000e+03,-9.990000000000000000e+02,-9.990000000000000000e+02,-1.000000000000000000e+03,-9.990000000000000000e+02,1.555238519220736304e-03,-8.748734939477365025e-03,1.787884252582624955e-03,-9.990000000000000000e+02,-1.258517894346616872e-02,4.649602912712103020e-03,6.734671011833656684e-03,-9.990000000000000000e+02,1.265337831157956061e-02
-9.990000000000000000e+02,-9.990000000000000000e+02,-1.000000000000000000e+03,-9.990000000000000000e+02,1.019113389616557730e-02,-1.252450473933713893e-03,-9.990000000000000000e+02,5.098402134369475758e-03,-9.990000000000000000e+02,-1.000000000000000000e+03,-1.000000000000000000e+03,1.239204674966894182e-02,-9.990000000000000000e+02,-1.000000000000000000e+03,7.712792035103194221e-04,5.144028521225779693e-04,-3.621695912621819557e-03,-9.990000000000000000e+02,-9.990000000000000000e+02,3.557412182361788244e-03,-9.990000000000000000e+02
-1.688909608231703441e-03,-9.990000000000000000e+02,-9.990000000000000000e+02,-1.000000000000000000e+03,5.475935021567006344e-04,1.404671484902322853e-03,2.950328506440599852e-03,-4.555896308333501343e-04,5.185054993194946130e-03,4.747694462096940793e-04,7.511874295230980270e-05,7.802832114604321689e-03,4.374634034937374683e-03,3.305923104344743457e-03,5.981173264462381900e-03,5.769115814165753919e-03,4.764285991841900325e-03,4.267350780883617800e-03,-2.118802236251857846e-03,1.086972558479079023e-03,-9.990000000000000000e+02
6.237084580904772579e-03,-9.990000000000000000e+02,-9.990000000000000000e+02,-9.990000000000000000e+02,4.462839803996879184e-03,-9.990000000000000000e+02,-9.990000000000000000e+02,-9.990000000000000000e+02,3.874847735731060117e-03,-4.188059543484876079e-03,2.841666516485000238e-03,-5.258687133016526349e-03,1.300664036918583455e-02,-9.990000000000000000e+02,-1.000000000000000000e+03,-2.558902431808118827e-03,1.501806855978005117e-03,-9.990000000000000000e+02,-9.990000000000000000e+02,-1.708508753074489128e-03,-9.990000000000000000e+02
-1.813925348830888740e-03,-1.329414666445927207e-03,3.643243658098066495e-03,-9.990000000000000000e+02,-9.990000000000000000e+02,-9.990000000000000000e+02,-2.316199029544746546e-03,2.470854475275438555e-04,3.559278478755648761e-03,-4.769561680929929048e-03,-8.522527980499697287e-03,-4.109784062659840864e-03,-9.990000000000000000e+02,-9.990000000000000000e+02,-1.000000000000000000e+03,2.017144191457750924e-03,-6.124740430660594037e-03,-5.008582493880545106e-03,-9.990000000000000000e+02,-9.990000000000000000e+02,-9.990000000000000000e+02
