3.050506685692368908e-03,8.359664015130592249e-03,0.000000000000000000e+00,8.449304477554592588e-03,3.928317059036949555e-03,2.204662421771958966e-03,0.000000000000000000e+00,6.431327251197846082e-03,5.089543493260885454e-03,4.758701868680807572e-03,0.000000000000000000e+00,7.570792458680664430e-03,1.849069498904187814e-02,7.806476232642191662e-03,9.040583661234304763e-03,4.218364672416758179e-03,7.384266080782315306e-03,7.012897922516339935e-03,2.135375599647169279e-03,5.177489937391943978e-03,5.059846232581987312e-03
0.000000000000000000e+00,1.613999115546942142e-02,2.626576370442522748e-02,3.321080754750853521e-03,2.160298819607798376e-02,2.006988842050087558e-03,3.998458659270727293e-03,0.000000000000000000e+00,7.408998143800546964e-03,1.992685292610597327e-03,2.041893765205672964e-02,0.000000000000000000e+00,3.324384532645130366e-03,0.000000000000000000e+00,3.049427462763079546e-03,7.990728002484343354e-03,6.929996576866019262e-03,7.339719389547589255e-03,6.185327418483290568e-03,5.162473255137969667e-03,2.384563195017739765e-02
9.289722861118423353e-03,0.000000000000000000e+00,6.185000207586753736e-03,3.434690066864801682e-03,2.723388434283966191e-03,1.900178271038909178e-03,1.744210945330035636e-02,5.999705700505546940e-03,8.044384474846715677e-03,5.423008428310157301e-03,5.053335865199303639e-03,3.211870554798769775e-03,3.104317189455908094e-02,6.567603631590058881e-03,7.591150091505256131e-03,0.000000000000000000e+00,7.597694666831053371e-04,1.178011584202838524e-03,1.200292770164067269e-02,3.927599330078805802e-03,1.240282161449087449e-02
1.004719279612419211e-03,0.000000000000000000e+00,0.000000000000000000e+00,3.267284270025714102e-03,9.570963776342072266e-03,3.179861490006221768e-03,2.721516235789179020e-02,7.021343290515652535e-03,4.687580162453931602e-03,0.000000000000000000e+00,6.730315062302908227e-03,9.605931534681434389e-03,7.133342161354645772e-03,0.000000000000000000e+00,4.608667037985428490e-03,7.377284395491232223e-03,1.099337738384959656e-02,2.639042581605479786e-03,2.892664774912779863e-03,5.565196704970271080e-03,5.611329640076133558e-03
2.243584437808914412e-03,3.716677642646131884e-03,1.792560434356383877e-03,6.755763686190523372e-03,5.990988467360434250e-03,1.098353532513396229e-02,3.930954014898044996e-03,0.000000000000000000e+00,8.262975450925049564e-03,5.773264302786095849e-03,1.988441018857333917e-02,9.624081674772333103e-03,5.421475648838714780e-03,0.000000000000000000e+00,4.146316691772156636e-03,0.000000000000000000e+00,6.654743531438502002e-03,4.295743764131019181e-03,5.111521347583097667e-03,5.496827119887692792e-03,4.086707888335478281e-03
0.000000000000000000e+00,0.000000000000000000e+00,4.732815860424645187e-03,0.000000000000000000e+00,5.846185450265689587e-03,7.084079008294456858e-02,1.289375158360309137e-02,0.000000000000000000e+00,7.613902122768916210e-03,9.008382122015578738e-03,8.735358635518030920e-03,1.961470412447197803e-03,9.529338972377532704e-03,5.916682172530700811e-04,1.646518752451957626e-02,5.508044177696202505e-03,1.984590013055370292e-02,4.558900574528603790e-03,7.132054359379319357e-03,1.182863481094929489e-02,1.592693931643149319e-02
0.000000000000000000e+00,0.000000000000000000e+00,6.279824181942466992e-03,1.917962456262130647e-02,3.086937456144734498e-02,1.210849508853563232e-02,1.288299834503356216e-02,3.296947100399575965e-03,1.607976484132074601e-03,7.858312976732039976e-03,6.396512670485797122e-03,1.017917229348901803e-02,7.298839986922796633e-03,0.000000000000000000e+00,7.525787893675419185e-03,7.006409928763259777e-03,1.011786396029034328e-02,7.447942095253013740e-03,2.086298465014770499e-03,1.524903567507698669e-02,1.821830566443611438e-02
0.000000000000000000e+00,5.797616865463960274e-03,0.000000000000000000e+00,2.212504257723911343e-03,3.215416478052166710e-02,1.479586666927766581e-02,0.000000000000000000e+00,7.082943223958620277e-03,2.682356591761721979e-03,0.000000000000000000e+00,3.725016490516189997e-03,0.000000000000000000e+00,0.000000000000000000e+00,0.000000000000000000e+00,3.601111535647272786e-03,2.407770048866015016e-03,1.653605563214801538e-02,4.031740484171879475e-03,4.429192504214624244e-03,0.000000000000000000e+00,2.289995508356982342e-03
0.000000000000000000e+00,0.000000000000000000e+00,1.303378827135171815e-02,6.448519905040209221e-02,6.356023437191011399e-03,1.039874403021475747e-02,6.435689450880651037e-03,2.489339602718860633e-03,4.919565850448200453e-03,4.225733747026767448e-03,3.072944398548296124e-03,1.409923373246309286e-02,9.516580962705312174e-02,0.000000000000000000e+00,8.953346463688392418e-03,1.010605593432665344e-02,7.464187895940448299e-03,4.273242140002415056e-03,1.226777526226240263e-02,0.000000000000000000e+00,6.949545587074327201e-03
0.000000000000000000e+00,9.026353022225873032e-03,7.329785283402015517e-03,8.111041886724835309e-03,3.812756977962111510e-03,7.427990953100481984e-03,0.000000000000000000e+00,6.364575713881802550e-03,8.850629354711342378e-03,5.112373521115264573e-03,3.644728236577699128e-03,0.000000000000000000e+00,0.000000000000000000e+00,1.272004260905433212e-02,6.598743388805486734e-03,1.254467790048405945e-02,9.451523183617731999e-03,0.000000000000000000e+00,6.798885894588524957e-03,0.000000000000000000e+00,0.000000000000000000e+00
1.292324542515690261e-02,1.448631294580003323e-03,0.000000000000000000e+00,9.043851417457797817e-03,7.483541545146023613e-03,5.217421124370977790e-03,0.000000000000000000e+00,6.636057058371002369e-03,4.026445745089999272e-03,3.838915198914234946e-03,1.248157611943303581e-02,9.817028630494094646e-03,0.000000000000000000e+00,8.949913543026773166e-03,3.947873770031948976e-03,3.397655916066630397e-03,7.316206448839533694e-03,3.677142623075043380e-03,1.148492734249792653e-02,2.620715016041122794e-02,0.000000000000000000e+00
2.452506473200444237e-03,1.229990994565708512e-02,0.000000000000000000e+00,0.000000000000000000e+00,8.351177258765954403e-03,5.992550922795651658e-03,0.000000000000000000e+00,0.000000000000000000e+00,0.000000000000000000e+00,3.118180219406342397e-03,8.632786075857682914e-03,1.092273068898597273e-02,6.192501023549333919e-03,1.354023143052005777e-03,0.000000000000000000e+00,1.187144619037541282e-03,2.311230656963324942e-02,0.000000000000000000e+00,8.894777551937561172e-03,0.000000000000000000e+00,0.000000000000000000e+00
5.464008996381784604e-03,0.000000000000000000e+00,3.139423461447608116e-03,4.444734270021955848e-03,2.011596031309122873e-03,6.785315387455323130e-03,9.612387086477431133e-03,0.000000000000000000e+00,0.000000000000000000e+00,6.197147418655652752e-03,0.000000000000000000e+00,5.845525795226940574e-03,8.388886691574691523e-03,0.000000000000000000e+00,0.000000000000000000e+00,4.049484313243910741e-03,2.997364083945640127e-03,0.000000000000000000e+00,7.529151638919202687e-03,0.000000000000000000e+00,0.000000000000000000e+00
1.019050947192682785e-02,0.000000000000000000e+00,0.000000000000000000e+00,0.000000000000000000e+00,0.000000000000000000e+00,7.123676392366030084e-03,0.000000000000000000e+00,0.000000000000000000e+00,1.012611466116433538e-02,6.188718927086342761e-03,0.000000000000000000e+00,3.570222940110394372e-02,2.975066949677110557e-03,0.000000000000000000e+00,3.397448302296577922e-03,1.242614975069254897e-02,2.788129770831637537e-03,1.095956262574895347e-02,5.578409355804046267e-03,0.000000000000000000e+00,0.000000000000000000e+00
8.996355378807486397e-03,0.000000000000000000e+00,1.317530476122705414e-02,4.378250935319049839e-03,9.690963366542531057e-03,0.000000000000000000e+00,1.953389501461518657e-02,0.000000000000000000e+00,6.566154718695593751e-03,6.569986038051534895e-03,8.999658362790340094e-03,1.831585566431928255e-02,9.566747328034964221e-03,8.037801673310321360e-03,3.966237744464181335e-03,3.676695356647531176e-03,4.345455277958567425e-03,8.715043229258687130e-03,7.790750241710561221e-03,0.000000000000000000e+00,0.000000000000000000e+00
5.941170351087599923e-03,9.842679119030951773e-03,0.000000000000000000e+00,1.757996099488977988e-03,6.169628761191718082e-03,3.671149879208756867e-03,0.000000000000000000e+00,8.758147647992018531e-03,9.431157114251851811e-03,4.667201540774331726e-03,0.000000000000000000e+00,6.218232071024447360e-03,5.535785542783610257e-03,1.490292514801843564e-03,1.131028154167143703e-02,8.333023005714217460e-03,4.787744567572554955e-03,5.560998556804088236e-03,2.814440642178313214e-03,4.834066526129895437e-03,1.790310653471478136e-03
5.004772669977728891e-03,9.289301742161918535e-03,0.000000000000000000e+00,0.000000000000000000e+00,0.000000000000000000e+00,9.368490728622249492e-03,0.000000000000000000e+00,0.000000000000000000e+00,3.826633398282123285e-03,4.627090641893497926e-03,0.000000000000000000e+00,8.909161264730802027e-03,9.469862261410654306e-03,0.000000000000000000e+00,0.000000000000000000e+00,4.499322474165830775e-03,5.817841444364801710e-03,3.231045349742590889e-03,2.573376599016118874e-03,0.000000000000000000e+00,1.260606956912410127e-02
9.188095954153130060e-03,2.794704348228511243e-02,0.000000000000000000e+00,4.830897042466452025e-03,2.656559603415728152e-03,6.615276253122123751e-03,0.000000000000000000e+00,0.000000000000000000e+00,3.441288637375376682e-03,1.233530033153370717e-02,7.096355566056159782e-03,0.000000000000000000e+00,0.000000000000000000e+00,3.862100452631442998e-03,8.409766982607322708e-03,1.126967295971031957e-02,0.000000000000000000e+00,3.660515809389133096e-02,0.000000000000000000e+00,0.000000000000000000e+00,1.271055502485422513e-03
0.000000000000000000e+00,8.058100955509159974e-03,0.000000000000000000e+00,8.695864786893900064e-03,2.784425074177115499e-03,5.518593163855521622e-03,0.000000000000000000e+00,4.086108265944937701e-03,9.506508162478530949e-03,5.154299894791759123e-03,8.082150076832723962e-03,6.755277608656848516e-03,0.000000000000000000e+00,0.000000000000000000e+00,7.928985090839444846e-03,7.556620037005321554e-03,7.616235685432893449e-03,3.098105465923943827e-03,3.544306102022507735e-03,6.316588749927080221e-03,2.718077033194714071e-03
6.400066861912879004e-03,0.000000000000000000e+00,0.000000000000000000e+00,8.838325871135898834e-03,0.000000000000000000e+00,3.944003815987122234e-03,0.000000000000000000e+00,7.037567950490939209e-03,0.000000000000000000e+00,6.520424752922987337e-03,0.000000000000000000e+00,3.765884806601445256e-02,0.000000000000000000e+00,8.367272201020237166e-03,7.577364654580693096e-03,6.869408845006730845e-03,1.033451021249069506e-02,0.000000000000000000e+00,5.964304720385051224e-03,1.020377507349629585e-02,1.671710008384894378e-02
0.000000000000000000e+00,0.000000000000000000e+00,5.454266867283399760e-03,0.000000000000000000e+00,0.000000000000000000e+00,9.598079799848101626e-03,7.228580173155525583e-03,0.000000000000000000e+00,8.110788107374703598e-03,2.089176070072979417e-03,1.287770963393201733e-02,2.946643823247607329e-03,0.000000000000000000e+00,6.076917768567333296e-03,3.736875052937730333e-03,9.051592632260510238e-03,4.260738167049657986e-03,8.120645058033851282e-03,2.004227203916972982e-02,5.313459285396534074e-03,8.130473558617675595e-03
1.178752476348821944e-02,0.000000000000000000e+00,0.000000000000000000e+00,0.000000000000000000e+00,1.356699073965455388e-02,1.789078115950027553e-02,6.596405566603702822e-03,0.000000000000000000e+00,0.000000000000000000e+00,1.300860023092796983e-02,3.867542454869186963e-02,1.071452395664699089e-02,3.428248667416265976e-03,0.000000000000000000e+00,1.310771967359028456e-02,0.000000000000000000e+00,2.628261970334784103e-03,0.000000000000000000e+00,0.000000000000000000e+00,0.000000000000000000e+00,0.000000000000000000e+00
1.538922694621579386e-02,0.000000000000000000e+00,0.000000000000000000e+00,8.752755874568599048e-03,6.741326560246055019e-03,5.216210862704124922e-03,0.000000000000000000e+00,1.379421741716702413e-02,5.928638199358155815e-03,5.240951969853575691e-03,4.223794315600215565e-03,0.000000000000000000e+00,1.779913882063408797e-03,0.000000000000000000e+00,4.025846191558975738e-03,4.939890449503144508e-03,3.708993218564270687e-03,1.032949120252806864e-02,7.625642243381643148e-03,0.000000000000000000e+00,0.000000000000000000e+00
5.299970821331870773e-03,0.000000000000000000e+00,0.000000000000000000e+00,0.000000000000000000e+00,0.000000000000000000e+00,7.726255513252820901e-03,8.127793634522496521e-03,0.000000000000000000e+00,7.578778826268726607e-03,0.000000000000000000e+00,7.648106610327015491e-03,5.663270829280067989e-03,8.588802333319837945e-02,0.000000000000000000e+00,6.023318862252265843e-03,6.772144557565348832e-03,0.000000000000000000e+00,7.716471744805495844e-03,0.000000000000000000e+00,0.000000000000000000e+00,3.841293102025453588e-03
3.491987120521545217e-03,0.000000000000000000e+00,1.559328138781090889e-02,0.000000000000000000e+00,0.000000000000000000e+00,9.132001007760978326e-03,0.000000000000000000e+00,0.000000000000000000e+00,8.431916104128793499e-03,9.645844933519033548e-03,1.225185966192923054e-02,0.000000000000000000e+00,0.000000000000000000e+00,1.016276863829877579e-02,4.736739598650061174e-03,4.292027888528463821e-03,7.130612961265421143e-03,1.729987239516065159e-02,6.141809810855037438e-03,0.000000000000000000e+00,1.024537749232055581e-02
0.000000000000000000e+00,5.491086850991104031e-03,7.111304757759027116e-03,6.594710864965842162e-03,0.000000000000000000e+00,4.360628718301880723e-03,0.000000000000000000e+00,0.000000000000000000e+00,0.000000000000000000e+00,5.991103780028980003e-03,1.589034246589381312e-03,0.000000000000000000e+00,0.000000000000000000e+00,3.895373645201065035e-03,5.544493273050762720e-03,2.708219997252243449e-03,4.216079230356629785e-03,9.852316034991707300e-03,0.000000000000000000e+00,9.010312361789044391e-03,6.602849747704536351e-03
8.551036371339188272e-03,3.127844348350153261e-03,0.000000000000000000e+00,3.127748823431689834e-02,5.670511901249648302e-03,1.714684416785014227e-04,4.917336072245433176e-03,0.000000000000000000e+00,9.041092672404965613e-03,5.648671176527592097e-03,6.042871832475110554e-03,1.862545637373961508e-03,1.038919105171098867e-02,6.667427963369422506e-03,8.859487518018110269e-03,5.468166231628725747e-03,4.674330299549588237e-03,4.783506062015413507e-03,7.040725177496877721e-03,0.000000000000000000e+00,8.208533063600380666e-03
0.000000000000000000e+00,9.135193466405157336e-03,0.000000000000000000e+00,4.740609507600524776e-03,5.723834402506053354e-03,4.926180457259847663e-03,0.000000000000000000e+00,0.000000000000000000e+00,0.000000000000000000e+00,0.000000000000000000e+00,2.456272908529854009e-03,6.913000042919513304e-03,0.000000000000000000e+00,1.125749493712450804e-03,7.331656360883735853e-03,1.143945458947552563e-02,1.736835083287008655e-02,1.043795491125940229e-02,8.361812114322028991e-03,6.084151234595304436e-03,7.882678610176104689e-03
0.000000000000000000e+00,0.000000000000000000e+00,0.000000000000000000e+00,1.398888994148733862e-02,6.115904863152121090e-03,8.858634369828122116e-04,7.400932750925051998e-03,0.000000000000000000e+00,0.000000000000000000e+00,4.966651931546086675e-03,2.141649490713750260e-03,2.971473922985784673e-03,1.406086274979223560e-02,9.954663309192650529e-04,6.514082224573542954e-03,6.033372788273757420e-03,7.338261965678267822e-03,2.737923705405003686e-03,0.000000000000000000e+00,7.424295729605415173e-03,0.000000000000000000e+00
1.029814239284192537e-02,0.000000000000000000e+00,6.485639979714612029e-03,0.000000000000000000e+00,3.147801580934937293e-03,5.949214799268245750e-03,9.642856252095372352e-03,5.402446133366846197e-03,0.000000000000000000e+00,5.899800887580422537e-03,0.000000000000000000e+00,7.903507867528167946e-03,7.058776159616329815e-03,3.757703074367333730e-03,6.311446153906496125e-03,3.203435119373114395e-03,1.306776273455778799e-02,0.000000000000000000e+00,0.000000000000000000e+00,5.695705736321826120e-03,0.000000000000000000e+00
6.871529121344224951e-03,0.000000000000000000e+00,0.000000000000000000e+00,1.047395697801197650e-02,0.000000000000000000e+00,7.600431409413648323e-03,1.504304229106395024e-02,7.461564316001144045e-03,6.139465325206761893e-03,5.826966257969233044e-03,9.024979485788292219e-03,0.000000000000000000e+00,5.742677562762735569e-03,3.583180790067807230e-03,1.540389946014764436e-03,6.435087030488142318e-03,2.098727140695977322e-02,1.238606257767633188e-02,3.886424637580047220e-03,1.489445618918193437e-02,2.821846610512589084e-03
0.000000000000000000e+00,0.000000000000000000e+00,1.394534993699444135e-02,8.414698032030740876e-03,0.000000000000000000e+00,7.868052353118744693e-03,0.000000000000000000e+00,1.027998853321904216e-02,0.000000000000000000e+00,2.131125792342505616e-03,8.986537254615725376e-03,0.000000000000000000e+00,0.000000000000000000e+00,0.000000000000000000e+00,4.736713888184580605e-03,1.102503992381034109e-02,2.047250178039060949e-03,1.280424605183704337e-02,1.073459340604715831e-02,0.000000000000000000e+00,4.541817042729801544e-03
7.223208493559898739e-03,3.934825618060126123e-02,4.123006856133241797e-03,1.217855370949704223e-03,2.555161127080119669e-03,2.977329115985586066e-03,0.000000000000000000e+00,6.088620252845680474e-03,2.429572751328063201e-03,6.416600751682878870e-03,8.514776061025696591e-03,0.000000000000000000e+00,9.828527907356908455e-03,1.062288364034062911e-02,0.000000000000000000e+00,3.259477446073248859e-03,3.853150212158182146e-03,6.441642529227159519e-03,3.891823052152889196e-03,7.730726540707120835e-03,1.184160295314389856e-02
1.865593906835657807e-03,5.633518605886777067e-03,9.647022104696284517e-03,8.331655586366483457e-03,0.000000000000000000e+00,3.765108527013645914e-03,1.165193378545764137e-02,1.216673083108554994e-02,5.735826334732406148e-03,4.026661364722756292e-03,2.286064361887190331e-03,0.000000000000000000e+00,0.000000000000000000e+00,5.097444190955430741e-03,5.692803816493444656e-03,3.225649583213872299e-03,0.000000000000000000e+00,4.280729038628100329e-03,8.879414737647988234e-03,0.000000000000000000e+00,6.123417232816223688e-03
8.755200494981470833e-04,4.518085994222665810e-03,7.114243302713294664e-03,6.612399236708532690e-03,0.000000000000000000e+00,3.112543599781164572e-03,6.752910978942800076e-03,0.000000000000000000e+00,5.096570292915835604e-03,8.683681653175880089e-03,7.075554028654687522e-03,0.000000000000000000e+00,0.000000000000000000e+00,6.904344709966321603e-03,9.580824509554022178e-03,1.169121959971441797e-02,0.000000000000000000e+00,7.801515721480344404e-03,0.000000000000000000e+00,0.000000000000000000e+00,0.000000000000000000e+00
5.222665331153219896e-03,0.000000000000000000e+00,6.181964666994727541e-03,0.000000000000000000e+00,9.543809451544869524e-03,3.312789599980138500e-03,0.000000000000000000e+00,0.000000000000000000e+00,6.686746119398537420e-03,0.000000000000000000e+00,3.174131220738695726e-03,4.376640988946157822e-03,0.000000000000000000e+00,5.860469355519720529e-03,7.011983648428509082e-03,6.016922108033621180e-03,0.000000000000000000e+00,2.434153553876118245e-03,4.066306269842058854e-03,8.731697095775736370e-03,1.547959654220032802e-02
5.071377696508289588e-03,2.895856592751595675e-03,4.335571506610776636e-03,2.667567555949441893e-03,1.324054595084757542e-02,8.602654125249664316e-03,6.503010801643973465e-03,1.665130846020549185e-02,2.811777235677717906e-03,5.109476936191865949e-04,3.802629852111227577e-03,0.000000000000000000e+00,1.593462182315488751e-02,6.821869960837678888e-03,5.791455026278204479e-03,2.344591227359309367e-03,5.680881684858029267e-03,8.340577302813827892e-03,1.061498131769770398e-02,7.109768596353831585e-03,1.710255669402572717e-02
0.000000000000000000e+00,0.000000000000000000e+00,1.300872681814550444e-02,8.600958347613211347e-03,6.689743686844906202e-03,1.200113103723669111e-02,7.370088641338998735e-03,0.000000000000000000e+00,0.000000000000000000e+00,5.609808807639482184e-03,7.654531938947434569e-03,0.000000000000000000e+00,1.375877053408332273e-02,7.281115979906871254e-03,0.000000000000000000e+00,2.323032292170527230e-02,1.094631187308219185e-02,8.343969482546309893e-03,0.000000000000000000e+00,1.607476844774300556e-02,1.716849433523953347e-02
0.000000000000000000e+00,0.000000000000000000e+00,0.000000000000000000e+00,1.276955775062738399e-02,8.192776673778878749e-03,1.147796872554563558e-02,7.590968505943182509e-02,6.775970685733308761e-03,7.339884747742985230e-03,9.519000306544513415e-03,0.000000000000000000e+00,1.173767853571711615e-02,0.000000000000000000e+00,4.579712005143858969e-03,7.003275250494042821e-03,8.733592239943641436e-03,3.363629711481475743e-02,0.000000000000000000e+00,1.003024799767810414e-02,1.374837321666780299e-03,0.000000000000000000e+00
0.000000000000000000e+00,1.289522890338294474e-02,1.104890977205531637e-02,0.000000000000000000e+00,4.750799347436017450e-03,8.492194385596257833e-03,0.000000000000000000e+00,3.535362401566458264e-03,5.967503862007146088e-03,3.306455720051084974e-03,4.112532596126182612e-03,8.408199552555110923e-03,0.000000000000000000e+00,5.655224952851604404e-03,8.142043289053055646e-03,4.121031105028285374e-03,1.855922001326656533e-03,0.000000000000000000e+00,6.797800737770478066e-03,0.000000000000000000e+00,6.567881871004533495e-03
0.000000000000000000e+00,5.699005607499580198e-03,0.000000000000000000e+00,7.451521651487279935e-03,1.014399341058339066e-02,0.000000000000000000e+00,1.095348808139032411e-02,0.000000000000000000e+00,1.553190887954400412e-02,1.957461722194840138e-03,4.763375325293106588e-02,0.000000000000000000e+00,0.000000000000000000e+00,0.000000000000000000e+00,5.737907616449815229e-03,4.047997963940052138e-03,5.716780821456854227e-03,2.156137911989194911e-03,5.864722657638972957e-03,1.398115943768575044e-02,1.233539049084921534e-02
5.044882039489433090e-03,0.000000000000000000e+00,0.000000000000000000e+00,2.233606383671805223e-03,0.000000000000000000e+00,2.836470291579301726e-03,0.000000000000000000e+00,0.000000000000000000e+00,4.994468216541917555e-02,4.785305492578492866e-03,0.000000000000000000e+00,0.000000000000000000e+00,0.000000000000000000e+00,0.000000000000000000e+00,2.989315607025381984e-03,1.643508813554224110e-02,9.972371810525657021e-02,0.000000000000000000e+00,4.040243394957421588e-03,0.000000000000000000e+00,1.436507220813732378e-03
0.000000000000000000e+00,0.000000000000000000e+00,7.928222397581517755e-02,0.000000000000000000e+00,0.000000000000000000e+00,0.000000000000000000e+00,1.091759586028266116e-01,0.000000000000000000e+00,2.732059759612538719e-02,9.778247265386562012e-03,6.943563997140508003e-03,0.000000000000000000e+00,0.000000000000000000e+00,0.000000000000000000e+00,0.000000000000000000e+00,5.406145472383506317e-02,0.000000000000000000e+00,3.242884306948149754e-03,2.701672373885712335e-03,0.000000000000000000e+00,0.000000000000000000e+00
5.217991594160774349e-03,0.000000000000000000e+00,0.000000000000000000e+00,6.577917514050281474e-03,5.198975522339366849e-03,3.925630567946095800e-03,0.000000000000000000e+00,0.000000000000000000e+00,4.840771909179618533e-03,1.052680720048586316e-02,0.000000000000000000e+00,0.000000000000000000e+00,4.706063004264949418e-03,3.033215894148342737e-03,0.000000000000000000e+00,5.726817074213474967e-02,0.000000000000000000e+00,2.239066227206160196e-03,0.000000000000000000e+00,0.000000000000000000e+00,0.000000000000000000e+00
5.025048767481309249e-03,0.000000000000000000e+00,6.703350345549302647e-02,2.072000962049056795e-03,3.476171395431593408e-03,2.066797762277050501e-03,0.000000000000000000e+00,0.000000000000000000e+00,2.933175723905023704e-03,1.043549288383426683e-03,0.000000000000000000e+00,1.228818075156252326e-03,4.927568773019343207e-03,0.000000000000000000e+00,7.366214325632352081e-03,4.682209914772633187e-03,0.000000000000000000e+00,0.000000000000000000e+00,8.084855659902441885e-03,1.144474832603318594e-02,0.000000000000000000e+00
6.746806177702265039e-02,4.239478012460547868e-03,0.000000000000000000e+00,2.147126624762584271e-02,8.152608345486865235e-03,6.988249725413381470e-03,0.000000000000000000e+00,0.000000000000000000e+00,6.749860281005838278e-03,5.338760147184255789e-03,0.000000000000000000e+00,0.000000000000000000e+00,0.000000000000000000e+00,0.000000000000000000e+00,3.042541443606469002e-03,4.745157115732828029e-02,0.000000000000000000e+00,0.000000000000000000e+00,7.863197196069399153e-03,0.000000000000000000e+00,0.000000000000000000e+00
0.000000000000000000e+00,2.936838403373883896e-02,0.000000000000000000e+00,1.226660530441518390e-02,0.000000000000000000e+00,2.833285258075667664e-03,3.827161837085671543e-03,0.000000000000000000e+00,3.476447935168685242e-03,9.000383426678672250e-03,5.358623110021856067e-03,0.000000000000000000e+00,0.000000000000000000e+00,4.645168601383604240e-03,4.383051304923628669e-03,6.282008275750687425e-03,1.877523061737655652e-02,3.981145775157486980e-03,0.000000000000000000e+00,0.000000000000000000e+00,0.000000000000000000e+00
4.967228296656172465e-03,2.664784220306416242e-03,0.000000000000000000e+00,0.000000000000000000e+00,0.000000000000000000e+00,2.800104689030951961e-03,0.000000000000000000e+00,3.977497092315086975e-03,5.800583916279772323e-03,0.000000000000000000e+00,3.007301336660876678e-03,5.801101179124713673e-03,0.000000000000000000e+00,0.000000000000000000e+00,0.000000000000000000e+00,8.063128473695080041e-04,3.501546185225765193e-03,2.140615975307843828e-03,0.000000000000000000e+00,0.000000000000000000e+00,1.188158623388445648e-02
6.563842171589871939e-03,3.836067272053941130e-02,0.000000000000000000e+00,2.523124262753403957e-03,1.871293211619111038e-02,3.062800727754575424e-03,0.000000000000000000e+00,0.000000000000000000e+00,3.390803725146271114e-03,1.357210026790174606e-02,0.000000000000000000e+00,0.000000000000000000e+00,0.000000000000000000e+00,0.000000000000000000e+00,4.700557383458798741e-03,0.000000000000000000e+00,3.716478657764267154e-03,2.819776360821465554e-03,0.000000000000000000e+00,1.583959851762528365e-03,0.000000000000000000e+00
1.077819768410568854e-02,0.000000000000000000e+00,1.200194177337465112e-02,6.947431163688380998e-03,7.763025971791200075e-02,5.633548755460165286e-03,0.000000000000000000e+00,0.000000000000000000e+00,1.571728060822424194e-02,3.269705992311653341e-03,0.000000000000000000e+00,0.000000000000000000e+00,0.000000000000000000e+00,0.000000000000000000e+00,2.216881193479114647e-03,2.044807576737786223e-02,1.225627080330888262e-02,4.209409251845531302e-03,0.000000000000000000e+00,0.000000000000000000e+00,6.620096753320145640e-03
1.295848546759435088e-03,4.000041017042333009e-03,4.571029156214166493e-03,0.000000000000000000e+00,2.250519032955451172e-03,0.000000000000000000e+00,3.466641895583037324e-03,7.805534702230233421e-03,0.000000000000000000e+00,1.610546103655053317e-03,3.546191477625660563e-03,5.343432256827025315e-03,0.000000000000000000e+00,0.000000000000000000e+00,4.640997812942618608e-03,3.652295339397604052e-03,4.176893794646478059e-03,1.025173998778975554e-02,5.098117783079243910e-03,0.000000000000000000e+00,0.000000000000000000e+00
5.099762550407890144e-03,3.753363347240564873e-03,0.000000000000000000e+00,5.829838498087960147e-03,0.000000000000000000e+00,5.826088677965142459e-03,3.288464778145843391e-03,0.000000000000000000e+00,2.995854726197132428e-03,0.000000000000000000e+00,0.000000000000000000e+00,5.816698864067815049e-03,3.015707368232925772e-03,2.693926173650000328e-03,0.000000000000000000e+00,1.178298741079334723e-02,5.556506611483611260e-03,4.704544675976588680e-03,4.047879287703495463e-03,0.000000000000000000e+00,0.000000000000000000e+00
2.369276637996996834e-03,8.929795599214692542e-03,0.000000000000000000e+00,0.000000000000000000e+00,0.000000000000000000e+00,0.000000000000000000e+00,1.118744778659677176e-02,6.356252550788556860e-03,0.000000000000000000e+00,4.805100464630761466e-03,0.000000000000000000e+00,5.142532153692380877e-03,0.000000000000000000e+00,0.000000000000000000e+00,4.802387490279122831e-03,1.161401574166790948e-02,3.418549339708501673e-03,3.287178276060650009e-03,1.232393839041873163e-02,1.876190694223283870e-02,4.732051443635706435e-03
0.000000000000000000e+00,0.000000000000000000e+00,0.000000000000000000e+00,5.367193869925473808e-03,0.000000000000000000e+00,1.226242007691055215e-02,0.000000000000000000e+00,0.000000000000000000e+00,4.029149726996995688e-03,0.000000000000000000e+00,0.000000000000000000e+00,0.000000000000000000e+00,0.000000000000000000e+00,9.504278929876829735e-03,0.000000000000000000e+00,2.147792653412126419e-03,1.593565374477493848e-03,0.000000000000000000e+00,4.923121290131730887e-02,1.897863470572514616e-02,0.000000000000000000e+00
1.755174318626262281e-03,1.503743056235392738e-03,0.000000000000000000e+00,0.000000000000000000e+00,0.000000000000000000e+00,4.763009902623911718e-03,2.912298369749802187e-03,0.000000000000000000e+00,8.321504285602333850e-03,8.419784050932539255e-04,6.756131444665555534e-03,0.000000000000000000e+00,0.000000000000000000e+00,8.650607493832196100e-04,1.981087397601082132e-03,3.823241663744005731e-03,6.875161296118021889e-04,0.000000000000000000e+00,0.000000000000000000e+00,0.000000000000000000e+00,0.000000000000000000e+00
3.708922518580922909e-03,0.000000000000000000e+00,0.000000000000000000e+00,3.528997299794351099e-03,2.303670325096983471e-03,0.000000000000000000e+00,0.000000000000000000e+00,0.000000000000000000e+00,0.000000000000000000e+00,3.025512448213867230e-03,5.237092035278677164e-03,0.000000000000000000e+00,1.413662065249456611e-02,1.025395628705727015e-02,5.178311404926547916e-04,0.000000000000000000e+00,0.000000000000000000e+00,4.115273864433547334e-03,5.604668739232587620e-03,0.000000000000000000e+00,0.000000000000000000e+00
0.000000000000000000e+00,1.003718939898741273e-02,0.000000000000000000e+00,0.000000000000000000e+00,1.313244574491032220e-02,1.377016581363243834e-02,0.000000000000000000e+00,0.000000000000000000e+00,0.000000000000000000e+00,5.185759118474695187e-03,0.000000000000000000e+00,0.000000000000000000e+00,0.000000000000000000e+00,0.000000000000000000e+00,0.000000000000000000e+00,9.450917646545613574e-03,0.000000000000000000e+00,0.000000000000000000e+00,4.110162269351571966e-03,0.000000000000000000e+00,0.000000000000000000e+00
4.593438810041263268e-03,0.000000000000000000e+00,0.000000000000000000e+00,0.000000000000000000e+00,2.878665246776654536e-03,1.212555442522511226e-02,0.000000000000000000e+00,0.000000000000000000e+00,0.000000000000000000e+00,3.147180639478822182e-03,0.000000000000000000e+00,0.000000000000000000e+00,5.907919672540983165e-03,0.000000000000000000e+00,3.582280987678755375e-03,8.247116775047445142e-03,0.000000000000000000e+00,1.998503722987543529e-03,0.000000000000000000e+00,0.000000000000000000e+00,0.000000000000000000e+00
0.000000000000000000e+00,9.037431121044006699e-03,0.000000000000000000e+00,1.844404846298016917e-03,0.000000000000000000e+00,6.319573954279209677e-03,2.426890211058387731e-02,6.643806680905826878e-03,6.761839166289181080e-02,1.121208021263258789e-02,3.019359473998158103e-03,0.000000000000000000e+00,7.311670328815332749e-03,1.074284745847076637e-02,7.069021300944566127e-03,4.930755753580803868e-03,4.342132763840753085e-03,0.000000000000000000e+00,0.000000000000000000e+00,4.844932697623838616e-03,4.418010961358743473e-03
9.393427033489229819e-03,2.507116373129818047e-03,0.000000000000000000e+00,6.472955801038120238e-03,3.486972076818381505e-02,4.462468556541379638e-03,0.000000000000000000e+00,0.000000000000000000e+00,2.792406190221884132e-03,3.424402590140464275e-03,0.000000000000000000e+00,0.000000000000000000e+00,1.833980132786813821e-02,2.087520657060109273e-03,2.113245560485710502e-03,6.828216793667827439e-03,5.994151379123561834e-04,7.949125108545845517e-03,6.764604067706105929e-03,0.000000000000000000e+00,0.000000000000000000e+00
5.223497250438831688e-03,0.000000000000000000e+00,0.000000000000000000e+00,0.000000000000000000e+00,0.000000000000000000e+00,7.120338480654870216e-04,0.000000000000000000e+00,0.000000000000000000e+00,4.683477653838018576e-03,1.208853927258937179e-02,0.000000000000000000e+00,0.000000000000000000e+00,2.382096464695449695e-02,7.592621327904461315e-03,9.659313849840756028e-03,2.918139107819779296e-03,7.226161752162639507e-03,3.051817784617960085e-03,0.000000000000000000e+00,4.697884566919151642e-03,0.000000000000000000e+00
0.000000000000000000e+00,0.000000000000000000e+00,0.000000000000000000e+00,3.365813046553368416e-03,0.000000000000000000e+00,5.290045207607359853e-04,0.000000000000000000e+00,0.000000000000000000e+00,7.099072497356228792e-03,0.000000000000000000e+00,0.000000000000000000e+00,0.000000000000000000e+00,0.000000000000000000e+00,0.000000000000000000e+00,1.105916052022785402e-02,0.000000000000000000e+00,0.000000000000000000e+00,0.000000000000000000e+00,2.073623047233301604e-03,0.000000000000000000e+00,2.546999384734477748e-02
6.546350162742199316e-03,4.680598989727763337e-02,0.000000000000000000e+00,0.000000000000000000e+00,1.128644347354570802e-02,2.330367199865667708e-03,0.000000000000000000e+00,0.000000000000000000e+00,1.643675348728748827e-03,4.254814357387964700e-03,1.145334574853675014e-02,6.224628653323023564e-02,1.089661627521472907e-02,0.000000000000000000e+00,0.000000000000000000e+00,0.000000000000000000e+00,0.000000000000000000e+00,5.852516175427082031e-03,8.074943149069637935e-03,0.000000000000000000e+00,0.000000000000000000e+00
3.872468246866363727e-03,0.000000000000000000e+00,8.328334663775062213e-04,4.553803866239179710e-03,0.000000000000000000e+00,2.695381323652811748e-03,0.000000000000000000e+00,0.000000000000000000e+00,2.653502696240091913e-03,4.139436058709342753e-03,2.240909659134357034e-03,0.000000000000000000e+00,0.000000000000000000e+00,3.908735289740499809e-03,5.553222933604497549e-03,0.000000000000000000e+00,2.463949836481349465e-03,1.537536007916116138e-02,3.785995998679866133e-03,7.995162878268426837e-03,6.081220314312633241e-03
0.000000000000000000e+00,0.000000000000000000e+00,0.000000000000000000e+00,0.000000000000000000e+00,0.000000000000000000e+00,2.880451955516526597e-03,0.000000000000000000e+00,0.000000000000000000e+00,3.755054628548379434e-03,3.033810762689690115e-03,0.000000000000000000e+00,1.392804018752711497e-03,1.073217622412024966e-02,0.000000000000000000e+00,4.902311314254593176e-03,0.000000000000000000e+00,0.000000000000000000e+00,1.832946001555514843e-03,0.000000000000000000e+00,5.742847583173964557e-03,0.000000000000000000e+00
3.638104751857748880e-03,0.000000000000000000e+00,0.000000000000000000e+00,3.842242091538262700e-03,0.000000000000000000e+00,1.894339902779774206e-03,1.755679976811387859e-03,0.000000000000000000e+00,1.997100341553926552e-03,2.090007568113069671e-03,2.664936344521264943e-03,0.000000000000000000e+00,0.000000000000000000e+00,0.000000000000000000e+00,2.817661604300768230e-03,0.000000000000000000e+00,2.736774560839274305e-03,4.201327460882078521e-03,6.352014205360174623e-03,0.000000000000000000e+00,3.359148870859141479e-03
3.586609965853415193e-03,0.000000000000000000e+00,0.000000000000000000e+00,3.678947609375590039e-03,0.000000000000000000e+00,0.000000000000000000e+00,0.000000000000000000e+00,0.000000000000000000e+00,2.857733335840552304e-03,6.638794303710063988e-03,0.000000000000000000e+00,3.684508822958422729e-03,0.000000000000000000e+00,0.000000000000000000e+00,1.963309799626920555e-03,0.000000000000000000e+00,0.000000000000000000e+00,8.544743358920137144e-03,3.715352214797270139e-03,0.000000000000000000e+00,1.205983022077268020e-02
2.335462034317497583e-03,5.299861182764003913e-03,0.000000000000000000e+00,1.000938312397860359e-02,3.418798786039775606e-03,2.932254547340359691e-03,0.000000000000000000e+00,4.291766113754112710e-03,0.000000000000000000e+00,3.962596013313419464e-03,5.685425129221539746e-03,2.829108972145485523e-03,4.420606234910237631e-03,4.050859288725687860e-03,2.457575718404993517e-03,2.835700317203103220e-03,0.000000000000000000e+00,2.626028960345742035e-03,1.674148875854740382e-03,0.000000000000000000e+00,0.000000000000000000e+00
6.213479495318716649e-03,0.000000000000000000e+00,0.000000000000000000e+00,0.000000000000000000e+00,4.908643555523874158e-03,3.314410695298020387e-03,5.578797542612661323e-03,0.000000000000000000e+00,4.070081101758122460e-03,1.810624327117260407e-03,5.672894490826155267e-03,8.154296068311025136e-04,6.005985304929691015e-03,6.490618212836642489e-03,6.061221676400360518e-03,1.579584593952174315e-03,4.728128174406294806e-03,1.751687632117850070e-03,0.000000000000000000e+00,6.568446968654291507e-02,0.000000000000000000e+00
0.000000000000000000e+00,6.817535803408865912e-03,0.000000000000000000e+00,0.000000000000000000e+00,1.070361409194856700e-01,1.484169481305198631e-03,2.420825636005461117e-03,0.000000000000000000e+00,1.714523229171135759e-03,2.390339218011994747e-03,2.158798284887194097e-03,1.890186748108151462e-03,9.782825283857288570e-03,2.675105583672771677e-03,1.986536879153536547e-03,1.417142035757212220e-03,0.000000000000000000e+00,1.766547712298320192e-03,5.188767944601298601e-03,0.000000000000000000e+00,4.387208311248818465e-03
0.000000000000000000e+00,0.000000000000000000e+00,0.000000000000000000e+00,3.836181917290955139e-03,8.959331467762437357e-03,3.405156350553179261e-03,2.503739282838160062e-03,0.000000000000000000e+00,0.000000000000000000e+00,3.495122715081481254e-03,0.000000000000000000e+00,3.189144555945731818e-03,5.906789050234329680e-03,2.789650471062599373e-03,0.000000000000000000e+00,9.672372141969454683e-04,0.000000000000000000e+00,4.577912929122679789e-03,5.416657632792097436e-03,0.000000000000000000e+00,1.418815958766194395e-03
0.000000000000000000e+00,6.130811846807178098e-03,5.657746096078321470e-03,0.000000000000000000e+00,0.000000000000000000e+00,5.415556429913074947e-03,0.000000000000000000e+00,6.389559413442220948e-03,2.651080368991374451e-03,4.951423676590726956e-03,0.000000000000000000e+00,0.000000000000000000e+00,0.000000000000000000e+00,0.000000000000000000e+00,0.000000000000000000e+00,0.000000000000000000e+00,0.000000000000000000e+00,0.000000000000000000e+00,3.458763627531761913e-03,0.000000000000000000e+00,0.000000000000000000e+00
7.258596467162071152e-03,0.000000000000000000e+00,0.000000000000000000e+00,7.075345002884868804e-03,0.000000000000000000e+00,2.612100362789824236e-03,0.000000000000000000e+00,1.592951876819956661e-02,1.244868000659046054e-03,2.036403253563601103e-03,7.504338035154666225e-04,1.785744787222611233e-03,0.000000000000000000e+00,0.000000000000000000e+00,2.078517735039096207e-03,2.550484627256823303e-03,0.000000000000000000e+00,3.022015195289373072e-03,2.861610586978910898e-03,3.023690582253195196e-03,0.000000000000000000e+00
1.567421839188883146e-03,0.000000000000000000e+00,7.702753145087520674e-03,0.000000000000000000e+00,1.518972496481746717e-03,2.792630015327590264e-03,0.000000000000000000e+00,1.561378645105866714e-03,0.000000000000000000e+00,2.376507705600557074e-03,2.575391571429822956e-03,6.011273578954644779e-03,2.774953322037022625e-03,1.585450819867255043e-02,1.358306175289295675e-02,4.309387002117559193e-03,2.089097584061111804e-03,2.844866440219707190e-03,0.000000000000000000e+00,6.639203384616368039e-03,6.552400368301102007e-02
0.000000000000000000e+00,4.570232222980774063e-03,0.000000000000000000e+00,0.000000000000000000e+00,0.000000000000000000e+00,5.103977509300752606e-03,0.000000000000000000e+00,0.000000000000000000e+00,5.512063145116842360e-03,1.711263267550819644e-01,0.000000000000000000e+00,7.036490218837303592e-03,0.000000000000000000e+00,0.000000000000000000e+00,2.905712119581058453e-04,2.930372567198054681e-03,3.806950419654204533e-03,0.000000000000000000e+00,6.286830785934163432e-03,0.000000000000000000e+00,1.751792590915389469e-02
2.556213455492290041e-03,0.000000000000000000e+00,6.577396537800127459e-03,2.301069311102403158e-03,3.479259463795350386e-03,1.785096695652004873e-03,1.546667252503703977e-03,0.000000000000000000e+00,0.000000000000000000e+00,2.242042498919562862e-03,0.000000000000000000e+00,2.610226416793945490e-03,3.716761286194059620e-03,0.000000000000000000e+00,4.142091225602826006e-03,2.269944266468196768e-03,2.159665752405220008e-03,2.158841320662244039e-03,9.427633127054906026e-03,0.000000000000000000e+00,0.000000000000000000e+00
3.586348892530127550e-03,2.302816528665684644e-03,0.000000000000000000e+00,3.910506426985179210e-03,5.349970679626853826e-03,2.734329329395610367e-03,0.000000000000000000e+00,0.000000000000000000e+00,4.196199106666656693e-03,5.695305989426095034e-02,0.000000000000000000e+00,0.000000000000000000e+00,6.123749278062087797e-02,1.201104419347473126e-02,8.555710815063233277e-03,0.000000000000000000e+00,5.202518628306038867e-03,1.422339468257644577e-03,0.000000000000000000e+00,0.000000000000000000e+00,0.000000000000000000e+00
3.185180989150036314e-03,0.000000000000000000e+00,0.000000000000000000e+00,0.000000000000000000e+00,0.000000000000000000e+00,6.440697864225349706e-03,0.000000000000000000e+00,7.617401275403671429e-03,2.117406483635868829e-03,0.000000000000000000e+00,1.625629519692141280e-03,0.000000000000000000e+00,3.071422104016537438e-03,3.687257588760768211e-03,6.709578443761094607e-03,3.889746628463951368e-03,9.464637550447621214e-03,0.000000000000000000e+00,3.579050611695906020e-03,0.000000000000000000e+00,0.000000000000000000e+00
3.065269957252382202e-03,0.000000000000000000e+00,0.000000000000000000e+00,1.812089099483281006e-03,5.324690862100967849e-03,2.151309894576952132e-03,5.277910927616047583e-03,0.000000000000000000e+00,0.000000000000000000e+00,2.298389820253572344e-02,1.217575616779882196e-03,0.000000000000000000e+00,0.000000000000000000e+00,1.602622059604573608e-03,0.000000000000000000e+00,0.000000000000000000e+00,0.000000000000000000e+00,3.493266677978366236e-03,0.000000000000000000e+00,6.157597532849483184e-03,9.936390094492321759e-03
0.000000000000000000e+00,0.000000000000000000e+00,1.163775525954660389e-03,0.000000000000000000e+00,6.904853657584957699e-03,3.021314791121572536e-03,0.000000000000000000e+00,3.499754437463795977e-03,4.634846003017420273e-03,1.720516161368399171e-03,0.000000000000000000e+00,0.000000000000000000e+00,0.000000000000000000e+00,0.000000000000000000e+00,2.683532262078600766e-03,2.687725005766656433e-03,7.437591556810616185e-03,2.090124734849356861e-02,6.001189314067092301e-03,0.000000000000000000e+00,0.000000000000000000e+00
0.000000000000000000e+00,9.329003129029123098e-03,0.000000000000000000e+00,1.110893673785962737e-02,2.022954656081957302e-04,9.322878823195960771e-03,0.000000000000000000e+00,1.077561190503089489e-02,1.150550352357268373e-02,3.892734072967588693e-03,0.000000000000000000e+00,0.000000000000000000e+00,1.685295372240912248e-02,5.901393284233589359e-02,1.080857826127489853e-02,1.192029559690103990e-02,7.355195715787269869e-03,1.272277815256822424e-02,1.384873622592545754e-02,5.566192042790065950e-03,0.000000000000000000e+00
1.458967228682684671e-02,0.000000000000000000e+00,0.000000000000000000e+00,0.000000000000000000e+00,0.000000000000000000e+00,5.488129517067816959e-03,1.571971239696083947e-02,0.000000000000000000e+00,5.920958590536054555e-03,4.561392256123087199e-03,1.736906583231502543e-02,3.551888520015989911e-03,2.083770299366138543e-02,0.000000000000000000e+00,8.828017944176626275e-03,5.927268696522229076e-03,6.678441581002093896e-03,6.975086317761444027e-03,5.692905988797257455e-03,1.177929205049274911e-02,5.049740069268091741e-03
0.000000000000000000e+00,0.000000000000000000e+00,4.923728202630687015e-03,4.359852958367429684e-03,3.550177006178865859e-03,5.723900082744095945e-03,0.000000000000000000e+00,1.008113134750398751e-02,5.692756277011074874e-03,4.414835737120275175e-03,1.101968224279819934e-02,4.710443603461150763e-03,0.000000000000000000e+00,3.257090770174191595e-03,7.339525177676639416e-03,7.902476137589956647e-04,4.123355535815515643e-03,4.016449338858119576e-03,4.913011332999935032e-03,0.000000000000000000e+00,1.994707621475960008e-02
0.000000000000000000e+00,0.000000000000000000e+00,1.098440447973579419e-02,7.885276031853778386e-03,9.125137488289226939e-03,1.264135173051686954e-02,0.000000000000000000e+00,4.178885297092631984e-03,7.109185677108536411e-03,9.320279544072244612e-03,5.749706822992040230e-03,9.574356150065089707e-03,1.829266175716719872e-02,5.111579661383323751e-03,4.450361954339632393e-03,4.351376015881669793e-03,5.870519492801060633e-03,4.318869724064078146e-03,0.000000000000000000e+00,8.261733890858614579e-03,1.241470907129880660e-02
3.091530595901283932e-03,0.000000000000000000e+00,0.000000000000000000e+00,0.000000000000000000e+00,0.000000000000000000e+00,4.278794576155279562e-03,0.000000000000000000e+00,0.000000000000000000e+00,0.000000000000000000e+00,0.000000000000000000e+00,0.000000000000000000e+00,3.358715064335876521e-02,8.553017473319731931e-03,0.000000000000000000e+00,1.041358170039585751e-02,7.715221799021364235e-03,0.000000000000000000e+00,0.000000000000000000e+00,0.000000000000000000e+00,0.000000000000000000e+00,0.000000000000000000e+00
5.292597177756018685e-03,2.128065646934511768e-03,0.000000000000000000e+00,8.012532761982778251e-03,5.629845618965843151e-02,0.000000000000000000e+00,9.648294999578324593e-03,7.596423025055787023e-03,5.087355625643268965e-03,6.254118131396679478e-03,9.572981545593571562e-03,7.670409379613630889e-03,8.847144001889134177e-03,1.902639475400282054e-02,7.303832788386852883e-03,5.150774516150311184e-03,0.000000000000000000e+00,8.687348150449710968e-03,0.000000000000000000e+00,0.000000000000000000e+00,0.000000000000000000e+00
3.355842939621535032e-03,1.935839383452090572e-03,0.000000000000000000e+00,4.750716368915580690e-03,7.844490573941063916e-03,5.808711477697865028e-03,2.205476788611740631e-03,5.524694775800786592e-03,6.354053242533806538e-03,4.908090961397958141e-03,0.000000000000000000e+00,3.532499170464106081e-03,2.669124242550129002e-03,0.000000000000000000e+00,2.926334903111501434e-03,5.118553117150705448e-03,3.329627691425852704e-03,5.845076676197013578e-03,3.779748074849647622e-03,0.000000000000000000e+00,0.000000000000000000e+00
4.228290296011762844e-03,0.000000000000000000e+00,0.000000000000000000e+00,1.057339350713735505e-02,1.000313537562117286e-02,1.070085788297309333e-02,0.000000000000000000e+00,0.000000000000000000e+00,7.016315736673169913e-03,1.183685097948434899e-02,5.692129175259097798e-03,2.777352307646574741e-03,4.875548413569110763e-03,1.428543010082377294e-02,5.666465076721772035e-03,6.298827390091024485e-03,2.990625240409898380e-03,0.000000000000000000e+00,2.007647718511911678e-02,0.000000000000000000e+00,0.000000000000000000e+00
4.611408743355006022e-03,0.000000000000000000e+00,3.434439920408028941e-03,0.000000000000000000e+00,0.000000000000000000e+00,2.235210294953985516e-02,1.249054346940772862e-03,1.458794518123369445e-02,6.132674877247863178e-03,7.914441331093924337e-03,0.000000000000000000e+00,9.511017359929423154e-03,0.000000000000000000e+00,0.000000000000000000e+00,9.075937204145616277e-03,1.224452057319060962e-02,3.825061886507022130e-03,7.920014802665161294e-03,0.000000000000000000e+00,0.000000000000000000e+00,8.943024330881991016e-03
4.237515646782366238e-03,0.000000000000000000e+00,0.000000000000000000e+00,0.000000000000000000e+00,0.000000000000000000e+00,6.290109094513154572e-03,0.000000000000000000e+00,0.000000000000000000e+00,1.551400821774704362e-02,0.000000000000000000e+00,0.000000000000000000e+00,0.000000000000000000e+00,0.000000000000000000e+00,3.380822975434800981e-02,1.038365482379517285e-01,0.000000000000000000e+00,6.201977442389659638e-03,7.292593460374537963e-03,3.590247484141691984e-03,5.500622230149029325e-03,3.015355074827384338e-02
5.789272901048621821e-03,0.000000000000000000e+00,0.000000000000000000e+00,2.267172457237792010e-02,0.000000000000000000e+00,4.510923585875427182e-03,0.000000000000000000e+00,0.000000000000000000e+00,5.956950967017573574e-03,1.345823161767753344e-02,0.000000000000000000e+00,0.000000000000000000e+00,2.225451303943676643e-02,0.000000000000000000e+00,8.001226375660325935e-03,6.524618681629597641e-03,0.000000000000000000e+00,1.622397914864729188e-02,0.000000000000000000e+00,0.000000000000000000e+00,7.253279679234234459e-03
0.000000000000000000e+00,2.342168432595040026e-02,7.509832573031996993e-03,0.000000000000000000e+00,4.562787056014673374e-03,6.511671628425111553e-03,0.000000000000000000e+00,0.000000000000000000e+00,0.000000000000000000e+00,7.286281474167485145e-03,0.000000000000000000e+00,0.000000000000000000e+00,0.000000000000000000e+00,0.000000000000000000e+00,0.000000000000000000e+00,4.471442698581831222e-03,1.250821517365311927e-02,1.019304221079785772e-02,0.000000000000000000e+00,0.000000000000000000e+00,0.000000000000000000e+00
4.452721852446401424e-03,1.669756961566976061e-02,0.000000000000000000e+00,0.000000000000000000e+00,6.486205785329550617e-03,5.156522708372000136e-03,1.042284080051060144e-02,5.828955303616427386e-03,0.000000000000000000e+00,1.655831986248283358e-02,0.000000000000000000e+00,0.000000000000000000e+00,0.000000000000000000e+00,0.000000000000000000e+00,1.920988682155711684e-03,1.224991686244552083e-02,3.029156472720028609e-02,0.000000000000000000e+00,9.782779973739998483e-04,1.515378208895897666e-02,0.000000000000000000e+00
2.485057775770163103e-03,0.000000000000000000e+00,0.000000000000000000e+00,1.853985432532796393e-02,6.514814898821597727e-03,0.000000000000000000e+00,0.000000000000000000e+00,0.000000000000000000e+00,9.033482376524374843e-03,1.008250277682244851e-02,9.667202565284689457e-04,0.000000000000000000e+00,0.000000000000000000e+00,0.000000000000000000e+00,6.201469500683830585e-03,6.469144415964428463e-02,0.000000000000000000e+00,4.128342186293937864e-03,0.000000000000000000e+00,0.000000000000000000e+00,5.636525297956933300e-03
0.000000000000000000e+00,0.000000000000000000e+00,0.000000000000000000e+00,1.208952037610127803e-02,3.887385558896944843e-02,0.000000000000000000e+00,0.000000000000000000e+00,0.000000000000000000e+00,1.668135614338678990e-02,1.104440325487542930e-02,0.000000000000000000e+00,0.000000000000000000e+00,9.779914507775700622e-03,0.000000000000000000e+00,5.646184348931700646e-03,9.439194984230294197e-03,0.000000000000000000e+00,1.926306076650015700e-02,7.308315528825018621e-03,0.000000000000000000e+00,1.058938107205213003e-02
1.244392694906907085e-02,0.000000000000000000e+00,0.000000000000000000e+00,0.000000000000000000e+00,1.548029611649111119e-02,0.000000000000000000e+00,0.000000000000000000e+00,0.000000000000000000e+00,6.202816119191613062e-03,8.068277146760687024e-02,0.000000000000000000e+00,0.000000000000000000e+00,3.872103214083421566e-03,0.000000000000000000e+00,4.512806046772567005e-03,2.052536629922582616e-03,0.000000000000000000e+00,3.955107080393099536e-03,4.360721747598415160e-03,1.775462743582056913e-02,9.889999204214012032e-03
6.533380579315115934e-03,6.447265119961213820e-02,0.000000000000000000e+00,2.907715361056868383e-03,2.688651534295000839e-02,0.000000000000000000e+00,2.349654881996496650e-02,0.000000000000000000e+00,0.000000000000000000e+00,8.321168279120482250e-03,4.166490107708952645e-02,1.099571717903773983e-02,8.319652565499742816e-03,0.000000000000000000e+00,1.465119172284685134e-01,6.267918303056150414e-03,0.000000000000000000e+00,2.237326397333670291e-03,0.000000000000000000e+00,1.089688386993712711e-02,0.000000000000000000e+00
0.000000000000000000e+00,1.381711689196932474e-03,0.000000000000000000e+00,7.042355881571720280e-03,0.000000000000000000e+00,0.000000000000000000e+00,6.959857173183084909e-03,4.010287724687023464e-03,1.853127068982699747e-03,6.508843536366212996e-03,3.303054711857132415e-03,2.272847853767098834e-03,1.539908275368855328e-01,2.959002568849002264e-03,0.000000000000000000e+00,1.076795974260391078e-03,2.301661208621434349e-03,7.187335350406822039e-03,1.058283102456596125e-02,1.448166949502322116e-02,0.000000000000000000e+00
0.000000000000000000e+00,5.322209950629258612e-02,8.346776747759307793e-03,7.551401382003396917e-03,1.779763615243129884e-02,9.055287580087010083e-03,0.000000000000000000e+00,2.706058169236425122e-03,5.243785107059967601e-03,1.832162332002187227e-02,0.000000000000000000e+00,0.000000000000000000e+00,2.339130948479783631e-02,0.000000000000000000e+00,1.047872420477821524e-02,0.000000000000000000e+00,1.913724005559898009e-02,0.000000000000000000e+00,0.000000000000000000e+00,1.440237184841388317e-02,0.000000000000000000e+00
0.000000000000000000e+00,5.880345091942818306e-03,0.000000000000000000e+00,5.923927202459416258e-03,4.778065848120587392e-03,3.124718879763674090e-03,0.000000000000000000e+00,6.859499711007033262e-02,8.594998626123557042e-03,7.234084737402117667e-03,0.000000000000000000e+00,0.000000000000000000e+00,1.172969327164764992e-02,5.111546835614900336e-02,6.818020401047631893e-03,4.786428540249284234e-03,0.000000000000000000e+00,7.928082152358191526e-03,1.533158366182516170e-02,0.000000000000000000e+00,0.000000000000000000e+00
5.981892192187959929e-03,0.000000000000000000e+00,0.000000000000000000e+00,0.000000000000000000e+00,0.000000000000000000e+00,8.970101081231748180e-03,3.708809708660017884e-02,0.000000000000000000e+00,1.089924536992305584e-02,9.227582748414973890e-03,0.000000000000000000e+00,0.000000000000000000e+00,0.000000000000000000e+00,6.257573202663254015e-03,2.743594118110680852e-02,1.059917555972242353e-02,6.975816137085127239e-03,1.904928403242825419e-02,0.000000000000000000e+00,1.042164355877918391e-02,1.476462580553915618e-02
5.980760371950336746e-03,6.941698348705432897e-02,0.000000000000000000e+00,0.000000000000000000e+00,4.697260732634427928e-03,1.463418592407071325e-02,0.000000000000000000e+00,0.000000000000000000e+00,0.000000000000000000e+00,3.914154559469288155e-03,0.000000000000000000e+00,7.121980845416908332e-03,7.509018886718396742e-03,0.000000000000000000e+00,6.251169728433371778e-03,0.000000000000000000e+00,0.000000000000000000e+00,0.000000000000000000e+00,0.000000000000000000e+00,0.000000000000000000e+00,0.000000000000000000e+00
4.468281101024383466e-03,0.000000000000000000e+00,0.000000000000000000e+00,0.000000000000000000e+00,0.000000000000000000e+00,2.855422238237902317e-03,0.000000000000000000e+00,0.000000000000000000e+00,3.345417022311007477e-03,4.644625462328482238e-03,1.289217383357641432e-02,4.473327770858629565e-02,0.000000000000000000e+00,0.000000000000000000e+00,1.252484498512401907e-02,2.310531313619413468e-02,0.000000000000000000e+00,9.574227696917543898e-03,2.954823549497655796e-03,0.000000000000000000e+00,7.663347811164471571e-03
1.515688455169141892e-02,0.000000000000000000e+00,0.000000000000000000e+00,7.160269640730152450e-03,0.000000000000000000e+00,4.337973620588934584e-03,0.000000000000000000e+00,0.000000000000000000e+00,1.085972983772334755e-02,0.000000000000000000e+00,7.177608056821169549e-03,0.000000000000000000e+00,0.000000000000000000e+00,0.000000000000000000e+00,1.234215606151580977e-02,1.607884838111033748e-02,8.811865089369637014e-03,1.126011676391131672e-02,0.000000000000000000e+00,0.000000000000000000e+00,0.000000000000000000e+00
7.966142936095672172e-03,1.383565676556434455e-02,0.000000000000000000e+00,0.000000000000000000e+00,0.000000000000000000e+00,1.001948861073914156e-02,8.026503145107720047e-03,1.092696120793119723e-02,8.447005451373328089e-03,2.535036444780801226e-03,0.000000000000000000e+00,0.000000000000000000e+00,0.000000000000000000e+00,4.414081200703756820e-03,1.145730564820166344e-02,2.123686938246433648e-02,8.914003122307011945e-03,8.499605907228070800e-03,7.566544946120964260e-03,0.000000000000000000e+00,0.000000000000000000e+00
0.000000000000000000e+00,0.000000000000000000e+00,0.000000000000000000e+00,1.003279186701205687e-02,3.717700824546512663e-03,1.097422914483031468e-02,0.000000000000000000e+00,1.555898945390782155e-03,0.000000000000000000e+00,2.508847764319247463e-03,1.453894667056063010e-03,0.000000000000000000e+00,1.727302159560810749e-02,5.452772612532364935e-03,2.839227437197614206e-03,7.694278646305152333e-03,3.189333519159268798e-02,4.560592332204326145e-03,1.901039714376003692e-02,4.274619451636907895e-03,7.893215586646948334e-03
0.000000000000000000e+00,4.775186270018620151e-03,2.990476749864578662e-02,0.000000000000000000e+00,1.765552446458925479e-02,1.503141493031351708e-02,0.000000000000000000e+00,2.384579318777371379e-02,0.000000000000000000e+00,1.287427326495665762e-02,2.955492067248513197e-02,4.084408931118947012e-02,8.643437426019860356e-03,0.000000000000000000e+00,1.015828000408207366e-02,1.732416797245509704e-02,1.903483432648091700e-03,5.274625863595423271e-03,1.583450287119137195e-03,7.190407349533222033e-03,3.484243554651456076e-02
6.206597235929030981e-03,1.458036984693277319e-02,0.000000000000000000e+00,0.000000000000000000e+00,0.000000000000000000e+00,7.200990796287442229e-03,6.004289587631465516e-03,0.000000000000000000e+00,4.847922691638190465e-03,6.910101191476294112e-03,4.134339703646709371e-03,1.935381676834426303e-03,4.396781376683904334e-03,0.000000000000000000e+00,4.542797905059878932e-03,5.863834474723804598e-03,2.310950282325288565e-03,1.108159521986639556e-02,0.000000000000000000e+00,6.787991662764644718e-02,0.000000000000000000e+00
1.153238977493464303e-02,0.000000000000000000e+00,0.000000000000000000e+00,0.000000000000000000e+00,6.728908789529645246e-03,1.474674482626993528e-02,1.964668930849507167e-02,2.013492837825944445e-02,0.000000000000000000e+00,6.214337378132107556e-03,2.133362492463053775e-02,0.000000000000000000e+00,4.964743195091260615e-03,0.000000000000000000e+00,2.272437174999379118e-03,7.043194830405038152e-03,1.744670357738818331e-02,7.933789281675015029e-03,0.000000000000000000e+00,5.505464526601368258e-03,0.000000000000000000e+00
0.000000000000000000e+00,1.397130897014582478e-02,7.708274809035573980e-03,0.000000000000000000e+00,0.000000000000000000e+00,1.329088364442307379e-02,2.678748226232652990e-02,7.315660310946956423e-03,1.272621037114175790e-02,0.000000000000000000e+00,4.780899323599282699e-03,0.000000000000000000e+00,2.098277764289214337e-03,0.000000000000000000e+00,6.049691265745167461e-03,9.062179389628456302e-03,6.282419886361080043e-03,1.727579625546364281e-02,2.533830734845590738e-02,1.150442732395409728e-02,0.000000000000000000e+00
9.806324512885699132e-03,6.206650207338632562e-03,5.567119429087823146e-03,7.169488585342716908e-03,4.505465099607716337e-03,1.138364481339041064e-02,2.098757751327272672e-02,0.000000000000000000e+00,5.707036677694140789e-03,7.604796567580324358e-03,0.000000000000000000e+00,1.311319748422757172e-03,4.005420007842323132e-03,0.000000000000000000e+00,0.000000000000000000e+00,5.908325482641758886e-03,2.705376473827675234e-03,6.856869437096014576e-03,7.940785459736865448e-03,0.000000000000000000e+00,0.000000000000000000e+00
0.000000000000000000e+00,0.000000000000000000e+00,0.000000000000000000e+00,0.000000000000000000e+00,7.198154803108067039e-03,3.865445513419404552e-03,0.000000000000000000e+00,0.000000000000000000e+00,2.362097608770348002e-03,0.000000000000000000e+00,0.000000000000000000e+00,4.765191171567893791e-03,6.836070234190475686e-03,0.000000000000000000e+00,1.864886662215981331e-02,4.004626166696499331e-03,1.848335486352551543e-02,9.469806234206082363e-03,1.230179915947313823e-02,0.000000000000000000e+00,1.303454244803510347e-02
9.355225067012777271e-03,1.241715851155365813e-02,0.000000000000000000e+00,1.728475985064841305e-02,0.000000000000000000e+00,6.063747497671683785e-03,1.533639278047540036e-02,0.000000000000000000e+00,0.000000000000000000e+00,7.938039329110729153e-03,0.000000000000000000e+00,1.124608851665284768e-03,5.768310961415321937e-03,4.843081297917822131e-02,0.000000000000000000e+00,1.045988411605224683e-02,0.000000000000000000e+00,5.400348511408547582e-03,1.032098283505854079e-02,6.081568705403551413e-03,2.598297633573871598e-02
0.000000000000000000e+00,0.000000000000000000e+00,4.236103153758693889e-03,0.000000000000000000e+00,0.000000000000000000e+00,0.000000000000000000e+00,0.000000000000000000e+00,0.000000000000000000e+00,3.884556135882821001e-03,9.637632265635687201e-03,0.000000000000000000e+00,0.000000000000000000e+00,0.000000000000000000e+00,0.000000000000000000e+00,7.118791913299019926e-03,0.000000000000000000e+00,0.000000000000000000e+00,0.000000000000000000e+00,4.526643135849143899e-03,0.000000000000000000e+00,7.671191736610336910e-03
5.164338823911900599e-03,1.118974878454031228e-02,0.000000000000000000e+00,0.000000000000000000e+00,0.000000000000000000e+00,0.000000000000000000e+00,3.060758661207333559e-02,0.000000000000000000e+00,1.251201903881555069e-02,6.154739825031915398e-03,0.000000000000000000e+00,0.000000000000000000e+00,3.530940506927594726e-03,9.781287501284102390e-03,0.000000000000000000e+00,1.891325646224012794e-02,4.069836021538497835e-03,2.391386924876750392e-03,0.000000000000000000e+00,0.000000000000000000e+00,0.000000000000000000e+00
3.430663797104143570e-03,3.191568565728014010e-03,0.000000000000000000e+00,1.017464482761537975e-01,9.579068352169396771e-04,5.102224698458681122e-04,2.122722938104331693e-03,1.916255201339631554e-03,4.172542780314491412e-03,8.476650312605027437e-03,1.612243182043775853e-03,5.297149151232821533e-03,1.036715002135414274e-02,5.817279224108770457e-03,2.848305725143003130e-03,8.943179883026973259e-04,3.268772245157812537e-03,3.581166562732986721e-03,2.979558803449048818e-03,3.666282109527390070e-03,0.000000000000000000e+00
0.000000000000000000e+00,2.171581960760561938e-03,2.283301650274807693e-02,9.138656381077065946e-03,4.296528692361398227e-03,4.645794709550852934e-03,7.495643575453797211e-03,1.863980972395801790e-03,2.698966059587122688e-03,1.819553950952376752e-03,2.832403697874517987e-03,1.115262938015161576e-02,5.596910978239126935e-03,0.000000000000000000e+00,2.495226248345785471e-03,3.909130189733588459e-03,3.587848725803284913e-03,2.585413870215487291e-03,1.489751863023663914e-03,3.018794570383106623e-03,1.957930654660406389e-01
3.983690428201922505e-03,2.070674866777971659e-03,1.437984877040993873e-03,0.000000000000000000e+00,3.936329653519981750e-03,3.609820475582693582e-03,6.562930693174120339e-03,5.779036647300133181e-03,4.107250208437617975e-04,6.856788986498277977e-03,3.783940856476487782e-03,2.885799890938316268e-03,2.589784572879129040e-03,2.538751219628980916e-03,3.381491619260454905e-03,4.283749858399202304e-03,3.698183208208260814e-03,7.110375281211692329e-03,0.000000000000000000e+00,2.449140577841957701e-03,0.000000000000000000e+00
6.909044505099093229e-03,2.300994834061643318e-03,0.000000000000000000e+00,0.000000000000000000e+00,5.286578786756032829e-03,5.560853245129409109e-03,5.280788869664466111e-03,5.007316178134608130e-03,3.926241722898355345e-03,3.779187777090885821e-03,0.000000000000000000e+00,3.650414449484266476e-03,9.601647007800788274e-04,1.139090527880766944e-02,1.668950047604309808e-03,4.226479461074358381e-03,3.572008736852687587e-03,0.000000000000000000e+00,6.794148374620204503e-03,5.980198553239820213e-03,3.752590928563951517e-02
1.598911934025592065e-03,0.000000000000000000e+00,1.145241182646379976e-03,0.000000000000000000e+00,3.648488020946825082e-03,1.641033545137910799e-03,1.691726200015861896e-03,6.363720737443862713e-03,1.386743572956082061e-03,3.754217246037372564e-03,5.318832353540308040e-03,6.655063849426761692e-03,9.832914768304621203e-04,3.448964100475225905e-03,3.009349644240994891e-03,3.130557746578048472e-03,2.508503428437348134e-03,3.118882429370983984e-03,2.082534724879418677e-03,5.025265579983289807e-03,1.749670460518342255e-02
1.063934878354421201e-03,4.420299414537345872e-02,2.194645277890673249e-02,5.070805611346910005e-03,7.074076099646356593e-03,0.000000000000000000e+00,2.033090980969010433e-03,4.439330540533693338e-03,2.213516643201783943e-03,2.687250202134917280e-03,1.345749306097837779e-02,5.129062325784633633e-04,3.573447307744860840e-03,1.539993508389349806e-02,1.299153131141152998e-03,1.433110844431597156e-03,1.506640846660434099e-03,8.002195337229069247e-04,3.180269839737726294e-03,9.076665003707079168e-03,3.619199072490044376e-03
4.956837076907993390e-03,2.020942800469677919e-03,0.000000000000000000e+00,3.962375606190199351e-03,2.522327947254525676e-03,4.323007057571329886e-03,2.062769327517137864e-03,6.244893189085064071e-03,1.775057838468941220e-03,6.275857331194329911e-03,5.682607918372058415e-04,3.911267704317989194e-04,4.091657280075117892e-03,4.665780402373721596e-03,3.091976063951884773e-03,6.773192582630148048e-03,2.499685293645117091e-03,3.816309020330119466e-03,3.324170038690590218e-03,9.325739047951305677e-03,1.122264787582344207e-02
2.677565556768237223e-03,3.621775585441963825e-03,0.000000000000000000e+00,1.555671167413605685e-02,5.624046979289589257e-03,1.407630019085857886e-02,1.539656530323000282e-02,6.496802954731146877e-03,6.258764763780221355e-03,5.144344670003716917e-03,5.121018068179833925e-03,0.000000000000000000e+00,4.984779146730575899e-02,1.193075648107091123e-02,5.091224831451410422e-03,5.429406620439523878e-03,0.000000000000000000e+00,4.130867410371316661e-03,4.008317565413184978e-03,0.000000000000000000e+00,0.000000000000000000e+00
9.595835830565212568e-03,6.355536007536984229e-03,2.415140177860271298e-03,3.635604926654425681e-03,5.226095327867203919e-03,0.000000000000000000e+00,0.000000000000000000e+00,4.643303336078512776e-03,1.970409570756358631e-03,6.545286513612127641e-03,4.227138525294229197e-03,5.978696183902965262e-03,6.472927282401228985e-03,1.005960709138268606e-02,3.876969055610620350e-03,1.574441792126276760e-02,3.281825870979514226e-02,3.381401780861533878e-03,6.405949183224436683e-03,6.705460833682335732e-03,4.231637727624335682e-03
5.276186660614913884e-03,0.000000000000000000e+00,8.515114676912830319e-03,0.000000000000000000e+00,0.000000000000000000e+00,3.367204304766730459e-03,1.288091459466651073e-02,0.000000000000000000e+00,1.028735823922594973e-02,1.798576450624066875e-02,1.798873328018059034e-02,3.462822150833332318e-03,6.298941660714884455e-03,0.000000000000000000e+00,8.055020303912677551e-03,4.758710610131550514e-03,2.719396115067713397e-03,3.133050338310569734e-03,3.186168179668985925e-03,0.000000000000000000e+00,9.923295713017777145e-03
7.127784840015899404e-02,1.489221183926948966e-02,1.785461227556674581e-03,2.334717285533539563e-02,4.095963265252670731e-03,3.149907306134172233e-03,3.528636937338879617e-03,1.280660278553211358e-02,9.352733210629664978e-03,1.373412057108946115e-02,7.972281843343495197e-03,4.832609693905736553e-03,0.000000000000000000e+00,0.000000000000000000e+00,4.754895819235831385e-03,0.000000000000000000e+00,3.070876850809485092e-03,1.574933567771605314e-02,1.169194194198524758e-02,9.905605053762100293e-03,7.436871408238408636e-03
5.912158877241157143e-03,5.868613020167261045e-03,0.000000000000000000e+00,7.099129979099920960e-03,5.051936410636783184e-03,3.308159644482711742e-03,3.666476529109382286e-03,4.115916953920037424e-03,2.148959171819057445e-03,5.278901951348884992e-03,2.702111386245667490e-03,4.462874315703148007e-03,5.942623352723576217e-03,6.659760068748940380e-03,6.074733529261479824e-03,4.259650008038449488e-03,1.194702361691549501e-03,3.107493451161721064e-03,3.670090713755467474e-03,4.543254849020582180e-03,3.898566712157395999e-03
0.000000000000000000e+00,2.030751840177015197e-02,0.000000000000000000e+00,0.000000000000000000e+00,2.017231226975716839e-03,1.360246951719987912e-02,0.000000000000000000e+00,5.241562022971711296e-03,2.818072820343996317e-03,3.208823646863938252e-03,4.286882481887524347e-03,0.000000000000000000e+00,1.006624811194086790e-02,6.230210581051670235e-03,0.000000000000000000e+00,1.280380226873372058e-02,5.046601002702182613e-03,6.604429483147897760e-03,3.667066943109009800e-03,0.000000000000000000e+00,0.000000000000000000e+00
0.000000000000000000e+00,1.296427023484176579e-03,0.000000000000000000e+00,0.000000000000000000e+00,1.620583872122187061e-03,0.000000000000000000e+00,8.268090205300580864e-03,1.293524499042738099e-02,1.228945850143434160e-02,1.066516085969689172e-02,0.000000000000000000e+00,3.854498959319178387e-03,7.707407087963424192e-03,0.000000000000000000e+00,6.097512142680541238e-03,4.241511738152351635e-03,7.105523151491354057e-03,8.067181668215793119e-03,0.000000000000000000e+00,0.000000000000000000e+00,0.000000000000000000e+00
3.970821871148455702e-03,9.121158006102053628e-03,6.366134076092080409e-03,1.013193996565840520e-02,8.414565528288064922e-03,3.844713620583905481e-03,3.886581967172245133e-03,7.024343019781995219e-03,4.134547951178083047e-03,8.378521053791549225e-03,9.314767847087446900e-03,1.384914868369486454e-03,0.000000000000000000e+00,7.998589924187164690e-03,4.018915383953591651e-03,3.467091831696579498e-03,6.037690846268271676e-03,6.067385176865324262e-03,5.297995122653398510e-03,3.986455239774022545e-03,1.608977396303780047e-02
8.214328587537286092e-03,4.112129952202822625e-03,0.000000000000000000e+00,1.797080402417780467e-03,5.492863556629804488e-03,4.805710970797370807e-03,8.404482154993793419e-04,1.125456115645994716e-02,6.878876414754373121e-03,3.464907502210782652e-03,0.000000000000000000e+00,6.091920942914343627e-03,3.519604157442352520e-03,5.007571921993350314e-03,2.277626711384290927e-03,2.880312992965485767e-03,5.021687510479475904e-03,2.060358098010969981e-03,7.715348181180203997e-03,7.391512081730240886e-03,0.000000000000000000e+00
5.385036136543400014e-03,0.000000000000000000e+00,0.000000000000000000e+00,3.064309130444516603e-03,1.358846784885060300e-03,5.252621367199808607e-03,2.662843937172840875e-03,4.174604640568744043e-03,4.272429836004679876e-03,9.574911477340662842e-04,8.006524373494652846e-03,8.437095076620713605e-03,8.146013100820926819e-03,5.630379362600277521e-03,4.098319734132582423e-03,3.082142383943162374e-03,5.129983716515407188e-03,7.040094206939426962e-04,0.000000000000000000e+00,1.331955268256145193e-02,0.000000000000000000e+00
3.109727176993978565e-03,2.991393193939119802e-02,8.261877605206406627e-03,0.000000000000000000e+00,4.478764085545973613e-03,3.955467667975188367e-02,9.963046005826365140e-03,1.536826916908562955e-02,2.555830423386226940e-03,5.001287077291610705e-03,1.528008096782986110e-02,3.128203299698965271e-03,6.083523950177519533e-03,1.569688767198138338e-02,1.992706466911309954e-02,9.158838074089131406e-03,3.213414363237418817e-03,5.053126823511461946e-03,0.000000000000000000e+00,1.049291078198679762e-02,0.000000000000000000e+00
5.872199790548076476e-03,0.000000000000000000e+00,4.316978383344573060e-03,0.000000000000000000e+00,7.684035845576981348e-03,3.285817425670601102e-03,8.667930064940709833e-03,1.067377243665377194e-02,3.231851492306620378e-03,3.985521044554349475e-03,5.305657505632607046e-03,6.438380569772920309e-03,3.011842672459909189e-03,2.312901814682904924e-03,5.953557813087966694e-03,1.667964672470112443e-03,5.614843435421432855e-03,5.252383634345587568e-03,9.412719772203217983e-03,5.130393644755150764e-03,6.745073974572610848e-03
3.809203421828161532e-03,4.704342545412893914e-03,1.901888846443143544e-02,1.183862887529163466e-02,1.079316666151965663e-02,1.848589906032822427e-03,1.606683991565394792e-02,4.914711817434472968e-03,4.366324574687181943e-03,3.925220813732081815e-03,4.419551984395847684e-03,4.694002496301794003e-03,5.714100605589294592e-03,7.214235682514989235e-03,6.315531051792788036e-03,0.000000000000000000e+00,1.610705175659983557e-03,5.601046900923265827e-03,5.818239622743999473e-02,2.146548968576308600e-02,6.375804507695770340e-02
4.423816296332905816e-03,8.410572885267921309e-03,3.226317092310127237e-03,1.469191246734114289e-02,7.949292498034601570e-03,1.249019051262636147e-03,2.594506176084827170e-03,5.628474448573721201e-03,5.761273283820428880e-03,4.016133814622293956e-03,7.137436194872728672e-03,6.671380822107588794e-03,0.000000000000000000e+00,1.276961167747036642e-02,8.506867557599022064e-03,6.242885269281163441e-03,4.555333739425979599e-03,0.000000000000000000e+00,0.000000000000000000e+00,2.044859528712899849e-03,4.206226278188701651e-03
1.227449647051965555e-02,0.000000000000000000e+00,0.000000000000000000e+00,0.000000000000000000e+00,0.000000000000000000e+00,8.272515615313778478e-03,0.000000000000000000e+00,0.000000000000000000e+00,4.935608968956599167e-03,9.372920480126740311e-03,6.628244436922954780e-04,1.560882463771483437e-02,3.350389016391402183e-03,0.000000000000000000e+00,1.674112154973602870e-02,2.449726548247380380e-03,7.307866242785266385e-03,9.254637094817007997e-03,2.670324020497828223e-03,3.276470030641139702e-02,4.664078067734763432e-03
3.359519787737129479e-03,2.155839520455778840e-02,0.000000000000000000e+00,2.841181330015260693e-03,3.896601005983747323e-03,3.579931189810253191e-03,0.000000000000000000e+00,9.121153250956227920e-03,2.107767188180634244e-03,1.079302706774275039e-03,7.157327205715915443e-03,2.415610853129172148e-02,6.421314008392409178e-03,8.029308067243695612e-03,4.674304546505347706e-03,0.000000000000000000e+00,0.000000000000000000e+00,6.444608061004795940e-03,7.574546522189523970e-03,0.000000000000000000e+00,0.000000000000000000e+00
0.000000000000000000e+00,1.979883681442654031e-03,2.818457655794280592e-02,0.000000000000000000e+00,0.000000000000000000e+00,1.160923394175616963e-02,0.000000000000000000e+00,0.000000000000000000e+00,2.188513052627660913e-03,4.903799560075336288e-03,2.393592430028358350e-03,2.441588892460944734e-03,2.364445815139003780e-03,0.000000000000000000e+00,2.584143770095955004e-03,7.694768611502208512e-03,2.310671386355826404e-02,6.193214670895138760e-03,0.000000000000000000e+00,4.218871923482276666e-03,0.000000000000000000e+00
0.000000000000000000e+00,7.864465768680497029e-03,6.067927022543918858e-03,0.000000000000000000e+00,0.000000000000000000e+00,2.009655473342307572e-03,3.749138430548437564e-03,2.192099447673824877e-02,1.848839309806303349e-03,4.785245125794415936e-04,5.631389444347154223e-03,2.567794264956893644e-03,2.049993164928264142e-03,0.000000000000000000e+00,6.222246151375448488e-03,3.083958131605061843e-03,1.058885004076670980e-02,2.241794228770993547e-03,3.001001103136646461e-03,3.220970155589692255e-03,8.172665298289581368e-03
0.000000000000000000e+00,0.000000000000000000e+00,0.000000000000000000e+00,0.000000000000000000e+00,1.406209357853857762e-02,2.792011990758611929e-03,0.000000000000000000e+00,1.761013352910362206e-02,6.450287042926396673e-03,1.662909837285044337e-02,2.624313393222478877e-02,1.709154430020879412e-01,0.000000000000000000e+00,0.000000000000000000e+00,2.720347932160390673e-03,5.646781853647122630e-03,5.457254975322334972e-03,7.476641027465522928e-03,0.000000000000000000e+00,1.788039742562711355e-03,5.186448595037178137e-03
6.353881142300432314e-03,0.000000000000000000e+00,0.000000000000000000e+00,1.361828386947458273e-03,7.741254521815486150e-03,5.603412660326162996e-03,4.061567425602040024e-03,6.504258740486731569e-03,7.385428008576316178e-03,7.464885903736988987e-03,2.687690523273641389e-03,6.656451315248749492e-04,3.908596013526185672e-03,5.281236699059911437e-03,4.820409236432131143e-03,4.540302709748923228e-03,4.068888076092801870e-03,5.826381086533145501e-03,7.421632329357866556e-03,6.278912597997305528e-03,3.529480265527687715e-03
0.000000000000000000e+00,0.000000000000000000e+00,1.567702671260596051e-02,0.000000000000000000e+00,3.392862214188975978e-03,4.140226419441332684e-03,3.372899120379811103e-03,7.889560999369960373e-03,6.186602024438215587e-03,4.164378167790996205e-03,0.000000000000000000e+00,7.814733899786149157e-04,6.709377324502824660e-03,6.518261828977753650e-03,4.887413415622621563e-03,2.910791849491475240e-03,3.583882170176962839e-03,7.350209257973405567e-03,2.420602718905317217e-03,0.000000000000000000e+00,3.063698524164868223e-02
0.000000000000000000e+00,0.000000000000000000e+00,0.000000000000000000e+00,1.865377441040554432e-02,8.197664948210258914e-03,3.510406783382773351e-03,2.123883218515279850e-02,0.000000000000000000e+00,5.088594685707784060e-03,2.035178039387903429e-03,8.676367750272475157e-03,5.135907427384812755e-03,1.696555124987653672e-03,3.063337665772992990e-02,5.614566960643605116e-03,1.116502266140831715e-02,5.580165880262165021e-03,7.516525845787220238e-03,2.549479129144101297e-02,0.000000000000000000e+00,9.809938427782759554e-03
0.000000000000000000e+00,8.936712529353948997e-03,5.304104590567344617e-03,4.696213304580957107e-03,1.247102395926472530e-03,3.910059389491139445e-03,5.849925537832099780e-03,6.463285933038196221e-03,6.081257165841516370e-03,7.940349634793248540e-03,4.747106863421857517e-03,5.213330515693588053e-03,6.244480296839245194e-03,3.427065586060948008e-03,5.601275070100769984e-03,4.500436037737112933e-03,4.083219065997132149e-03,4.717852146123161124e-03,8.034971992543339311e-03,5.942065009758339816e-03,1.812348968057980042e-02
0.000000000000000000e+00,0.000000000000000000e+00,7.461753108980399146e-03,6.042868091569829694e-03,6.899655528658918055e-03,5.509777956856250908e-03,0.000000000000000000e+00,5.543429712134763376e-03,4.573638742912855895e-03,3.554654928154436962e-03,4.214515112012756984e-03,8.758047015081706424e-03,5.443176139385930840e-03,0.000000000000000000e+00,6.491731261697152380e-03,5.950855967747266557e-03,4.578433164970404333e-03,6.235958647125188284e-03,9.378485099759525934e-03,1.187303406891007489e-02,5.952979778929265442e-02
4.654699187924256874e-03,2.769674578765881755e-03,0.000000000000000000e+00,7.178131048300296193e-04,1.359874925489123164e-02,5.102700180797438596e-03,4.511146982406432845e-03,0.000000000000000000e+00,1.498684545498981668e-01,7.322170815282362695e-03,8.159876638406990401e-03,0.000000000000000000e+00,3.854104980705602354e-03,9.127775872458861531e-03,3.615905165035460979e-03,6.282662727103251795e-04,6.910845811874444938e-03,9.169701003131530345e-03,0.000000000000000000e+00,0.000000000000000000e+00,6.525060966935733800e-03
9.187776714664358871e-03,9.337771769257598511e-03,9.579808688652841769e-03,1.559116646944106507e-03,9.543170413208876962e-03,4.448353520481035384e-03,7.172728637682837700e-03,6.432107802391792174e-03,7.075508391857213662e-03,8.014518332165005560e-03,9.776789704901990216e-03,1.083874293891743529e-02,4.730083309617158678e-03,0.000000000000000000e+00,9.462742166989349113e-03,0.000000000000000000e+00,7.437036905542242053e-03,8.503005916484888960e-03,1.046909456079270218e-02,0.000000000000000000e+00,9.290761750981590961e-03
0.000000000000000000e+00,1.108689596063344718e-02,0.000000000000000000e+00,0.000000000000000000e+00,5.754034621579499562e-03,1.067010603810649057e-02,0.000000000000000000e+00,3.714245206347349063e-03,7.418977449295620016e-03,1.066936076637134238e-02,0.000000000000000000e+00,7.494163952898760805e-02,1.509128997494047289e-02,3.029402804011635184e-02,7.574127415780697141e-03,4.147796032067408985e-04,1.666362346709652359e-02,5.593398003573183709e-03,5.348708125735612655e-03,6.251389484878138933e-03,7.770376771292468107e-03
5.431101759810309099e-03,2.579782511071795209e-03,0.000000000000000000e+00,0.000000000000000000e+00,2.239350756176782409e-03,5.904873458289672424e-03,1.003806308251553288e-03,0.000000000000000000e+00,7.417600963534042371e-03,8.305326847506263113e-03,1.339951012749852205e-02,6.812013254794432524e-03,5.348034711066704423e-03,0.000000000000000000e+00,1.083662752669407696e-02,0.000000000000000000e+00,6.433211325677946728e-03,2.518564770201169815e-03,1.028860429228747528e-02,1.857466625133206636e-02,0.000000000000000000e+00
0.000000000000000000e+00,0.000000000000000000e+00,0.000000000000000000e+00,1.387317921336597183e-02,1.337853101455439928e-03,4.709101621980764894e-03,0.000000000000000000e+00,5.418376387302471266e-03,2.691556689152151474e-03,7.332959342239765178e-03,8.540302262415042436e-03,5.301063406915741509e-03,7.214215384673563353e-03,0.000000000000000000e+00,1.261228270770255004e-02,9.388594351264193186e-03,6.238971386766938194e-03,7.697893465561115624e-03,4.080268687699814371e-03,0.000000000000000000e+00,0.000000000000000000e+00
9.092802084263339885e-03,0.000000000000000000e+00,2.384908789466408732e-03,5.214036176777231760e-03,1.416404445195650619e-01,4.283335538111681176e-03,4.380866253799204496e-03,2.795822523521614405e-03,1.440029432215773723e-02,4.962623662010175185e-03,7.072872933214782373e-03,5.028645342666764745e-03,4.052091647577485412e-03,4.331256667453756669e-03,5.004872401471425168e-03,5.833156146212925379e-03,5.041946077636723714e-03,1.888180283198429271e-03,6.891893628552569866e-03,1.044633384897981215e-02,0.000000000000000000e+00
0.000000000000000000e+00,0.000000000000000000e+00,0.000000000000000000e+00,1.448698517782221612e-02,0.000000000000000000e+00,3.947348814730106993e-03,1.023834531698206672e-03,0.000000000000000000e+00,4.698200373850150956e-03,5.729385163389116506e-03,4.046116137970649437e-03,1.306767220521101551e-02,2.420724566435106598e-02,0.000000000000000000e+00,7.878059706711234428e-03,8.942476221104148429e-03,1.470090366097815023e-02,5.955912597274611552e-03,8.826477353735552242e-03,3.174217328591015519e-02,9.852442176861741716e-03
3.530884357571387189e-03,1.221886921765394374e-02,0.000000000000000000e+00,0.000000000000000000e+00,0.000000000000000000e+00,7.554428152268857430e-03,9.471251505862211470e-03,1.585439520688121037e-02,6.449956320007889377e-02,6.412144170010397951e-03,0.000000000000000000e+00,1.429113293617454913e-02,1.933322136806104111e-03,9.319843024997255532e-03,4.968078666326632663e-03,6.773031710451857604e-03,8.821345190598704755e-03,1.261036544296002641e-02,0.000000000000000000e+00,0.000000000000000000e+00,0.000000000000000000e+00
9.725517148024016151e-03,0.000000000000000000e+00,3.641258091505643855e-03,4.719688756315197631e-03,0.000000000000000000e+00,5.322098844495288736e-04,2.166857742485787594e-03,0.000000000000000000e+00,0.000000000000000000e+00,4.646819710241839249e-03,0.000000000000000000e+00,7.298020211712242036e-03,1.924517720828679669e-03,7.691784678157116521e-03,5.918533315538467877e-03,3.219195708426251384e-02,4.085510718048726043e-03,3.695009815781245040e-03,6.945860634835160016e-03,0.000000000000000000e+00,1.340005411601235749e-02
7.412849381238984826e-03,7.499701405700725729e-03,0.000000000000000000e+00,0.000000000000000000e+00,5.338459735249751967e-03,1.573833412841843180e-02,4.700072044375488110e-03,1.510118590471767365e-03,8.057386012706583764e-03,0.000000000000000000e+00,0.000000000000000000e+00,1.028807726204595749e-02,5.849319856243923380e-03,0.000000000000000000e+00,1.621054884316831812e-03,7.385979290292413353e-03,2.631907727934500174e-03,5.290907633128307669e-02,0.000000000000000000e+00,8.355485089320971795e-03,0.000000000000000000e+00
5.566478914316257826e-03,0.000000000000000000e+00,6.672729493625595421e-02,0.000000000000000000e+00,6.850122068477628237e-03,2.255324685976796970e-04,8.428211663133273676e-03,8.201623529336204976e-03,5.405794835636312974e-03,8.135266313590633000e-03,7.509793460647215535e-03,3.927781225151273474e-03,1.157640026508096991e-02,3.725452322064087395e-03,5.702317858493602745e-03,4.530095079676613005e-03,6.100813262619117494e-03,2.525443258670074121e-03,7.135047810037684762e-03,2.912380236006304780e-03,0.000000000000000000e+00
3.553902233920339972e-03,4.321164713282455577e-02,0.000000000000000000e+00,0.000000000000000000e+00,2.643423470189977011e-03,7.238385285317200379e-02,0.000000000000000000e+00,0.000000000000000000e+00,5.130021355648358219e-03,2.182483460807994012e-03,3.537376987351944623e-03,2.070093397803845266e-03,2.918360713069478515e-03,0.000000000000000000e+00,0.000000000000000000e+00,3.745225664748213969e-03,1.086079288027278281e-02,6.847409845296566731e-03,0.000000000000000000e+00,2.915161813081146996e-03,0.000000000000000000e+00
9.162414696302701930e-03,3.650249810733451668e-03,1.335543699334374064e-02,0.000000000000000000e+00,9.317146151633079465e-03,2.780489693799809148e-02,4.014458102172519839e-03,1.146824281981025095e-02,8.184933254234614403e-03,1.122610402566267054e-02,5.029335592366398350e-03,5.189250621956961913e-03,1.131410514306435558e-03,0.000000000000000000e+00,0.000000000000000000e+00,3.101126207321459102e-03,2.549097568009610001e-03,6.766992041424483087e-03,2.620142735654014746e-02,2.656811711567210951e-02,0.000000000000000000e+00
