7.454436116860239415e-03,4.916150962923194513e-03,-9.990000000000000000e+02,-5.653178987437982445e-02,-4.274499639866132655e-02,-1.122114570579449550e-01,-9.990000000000000000e+02,-5.277216514283891713e-02,1.873735375794583977e-02,7.216428645935264903e-03,-1.000000000000000000e+03,-1.673095138254351300e-01,-1.074169658445951053e-01,3.315624037100032423e-02,6.248936172964762031e-02,-5.346891081528756112e-02,-6.716382105517119255e-04,-5.512563527659550440e-03,-8.989049282716758682e-02,4.535764832120642992e-02,-1.985963589839559174e-01
-9.990000000000000000e+02,-1.097604531525869787e-01,-1.440400954148878254e-01,-1.387834763189914333e-01,-3.046093194275767413e-01,-1.660764548212082803e-01,-1.980322567336802175e-01,-1.000000000000000000e+03,-8.041637175875245014e-02,-1.382586773313238537e-01,-2.637329213518346815e-01,-9.990000000000000000e+02,-1.533126798377579536e-01,-1.000000000000000000e+03,-1.602808050160507702e-01,-1.441792891758126582e-01,-1.072539586936261252e-01,-6.696620375589777685e-02,-1.541060911081935658e-01,-6.772357632265678384e-02,-1.164729776784173970e-01
-5.993850374197228631e-02,-9.990000000000000000e+02,-1.757816857869761717e-01,-1.752983802970212723e-01,-1.002371766566318989e-01,-1.282152406089991925e-01,-1.335887203872836715e-01,-7.965118080143346324e-02,-1.314666358185241080e-01,-1.528504171065053763e-01,-1.140783655177081551e-01,-1.386253356331512698e-01,-1.767239037885645347e-01,-2.001080687563693283e-01,-1.230919217226683071e-01,-1.000000000000000000e+03,-1.127306344264184662e-01,-1.565611702375183656e-01,-1.572917358839646673e-01,-1.571770731043715674e-01,-9.544708280556905844e-02
-9.467681894651236441e-02,-9.990000000000000000e+02,-9.990000000000000000e+02,-1.660262107839755863e-01,-1.846217080582820136e-01,-9.269146335565318917e-02,-1.101957086122874879e-01,-5.482000124718292705e-02,-1.074455224073863485e-01,-1.000000000000000000e+03,1.167672162477959158e-01,-1.263106932279131900e-01,-1.256964445891908810e-01,-9.990000000000000000e+02,-1.276707912672766232e-01,-1.559139057079181601e-01,-1.482599102902563415e-01,-1.266921252208885740e-02,-1.486679680451711005e-01,-1.287469355151230899e-01,-1.590031593757958994e-01
-1.919806022499256359e-01,-9.391434198036106851e-02,-1.036511834079552608e-01,-8.353940229826141428e-02,-8.678065093091358317e-02,-1.554321681784348042e-01,-1.648027492919606762e-01,-1.000000000000000000e+03,-1.401903977887588859e-01,-1.094170520686274517e-01,-3.560737718733256174e-01,-9.846000498906137821e-02,-1.927799016506281660e-01,-9.990000000000000000e+02,-1.411778243775427821e-01,-9.990000000000000000e+02,-1.218877061134708839e-01,-8.899288036289672299e-02,-1.828820244596514322e-01,-1.368040120750577127e-01,-1.581780166950842448e-01
-1.000000000000000000e+03,-9.990000000000000000e+02,-1.339350293741358167e-01,-9.990000000000000000e+02,-1.575519195070727851e-01,-2.767209969015573257e-01,-8.879966211992940117e-02,-9.990000000000000000e+02,-2.048080329176318048e-01,-1.345973609616905320e-01,-1.461844350351793609e-01,-1.689487123058737994e-01,-1.760332078342364548e-01,-1.546839400174410128e-01,-2.641562573700173000e-01,-1.668785297585702043e-01,-2.036831586073466760e-01,-1.297126608393376068e-01,-9.921670136998554657e-02,-6.751455873572131949e-02,-9.320283186066434522e-02
-1.000000000000000000e+03,-1.000000000000000000e+03,-1.992361296705457974e-01,-2.856788438867925994e-01,-1.070146474558858057e-01,-1.927898034226188939e-01,-5.924449533907721194e-02,-1.048106570780857200e-01,-1.563206204602376748e-01,-1.073747090644970453e-01,-1.088553477358789739e-01,-1.846212050233100310e-01,-7.276344356624916965e-02,-9.990000000000000000e+02,-7.957553755303810317e-02,-7.552295358322223817e-02,-8.526570464721479337e-02,-1.246440619969602787e-01,-1.074774713130884907e-01,-1.522191941811980864e-01,-2.136741508081588525e-01
-1.000000000000000000e+03,-5.798640558371877946e-02,-9.990000000000000000e+02,-1.496539554177697962e-01,-1.432341135074121086e-01,-9.979927495694847217e-02,-1.000000000000000000e+03,-1.009653408040506184e-02,-1.642110209438001622e-01,-1.000000000000000000e+03,-9.358958432488707901e-02,-1.000000000000000000e+03,-1.000000000000000000e+03,-1.000000000000000000e+03,-1.693544300872466268e-01,-1.758630236535540237e-01,-1.008942195614330739e-01,-1.436726248992944432e-01,-1.405174568466018015e-01,-9.990000000000000000e+02,-1.876109335000959444e-01
-1.000000000000000000e+03,-1.000000000000000000e+03,5.441502005346349896e-02,-4.676892500476901304e-01,-2.094615984736726902e-02,2.213733168052901476e-02,-7.653177931192439720e-02,-9.874934917009571544e-02,-4.411185577392588014e-02,-4.751017944101598722e-02,-1.030594863967781993e-01,1.361340431707342147e-01,-5.582158546945915623e-01,-9.990000000000000000e+02,7.488758445221628535e-02,6.342916685682159494e-02,6.652905626056854205e-02,-1.914921930228152824e-01,-4.459693042156617770e-02,-9.990000000000000000e+02,-1.941566139189404849e-01
-9.990000000000000000e+02,1.041648191663602230e-01,9.785604919090683598e-03,6.603869194704455048e-02,-1.135722459810926260e-02,8.354565649258810511e-02,-9.990000000000000000e+02,6.350478287411913392e-02,5.604345984331892544e-02,1.506324089867367745e-02,-1.076849384138784810e-01,-9.990000000000000000e+02,-1.000000000000000000e+03,2.833297822985629544e-02,-5.130064761030972420e-02,1.216067858964479803e-01,9.138403206383290123e-02,-1.000000000000000000e+03,-2.527192838634223157e-02,-9.990000000000000000e+02,-9.990000000000000000e+02
-1.449618235611803974e-01,-1.160597542363575735e-01,-1.000000000000000000e+03,-6.378371913659169889e-02,-1.379586189078603475e-01,-1.123701190063635530e-02,-9.990000000000000000e+02,-1.790407204128357244e-01,-2.578594644226573154e-02,-1.875642719565822070e-01,-1.031601523583629970e-01,5.362818593371132536e-02,-1.000000000000000000e+03,-5.064846757165045871e-02,2.471770500565397335e-02,-8.459621137605222163e-02,-1.779229032252902798e-01,-1.635122218166943087e-01,-1.476346425839784038e-01,-1.488194660571922623e-01,-9.990000000000000000e+02
-6.318568448495724688e-02,-2.217616860552739377e-01,-9.990000000000000000e+02,-9.990000000000000000e+02,-2.208609316436146441e-01,-7.314302297502145445e-02,-1.000000000000000000e+03,-1.000000000000000000e+03,-9.990000000000000000e+02,-1.553170195473132509e-01,-1.121174905843793507e-01,-1.689229694482851929e-01,-1.622489071239794911e-01,-1.579811039936614425e-01,-1.000000000000000000e+03,-3.805612815392048903e-02,-1.833801665036740303e-01,-9.990000000000000000e+02,-7.473901777532367119e-02,-9.990000000000000000e+02,-9.990000000000000000e+02
-1.639190969765874917e-01,-1.000000000000000000e+03,-1.737124523897250750e-01,-1.230995168762455266e-01,-1.577040844152054200e-01,-1.550134691779521401e-01,-5.739720683125566075e-02,-9.990000000000000000e+02,-9.990000000000000000e+02,-5.189753007437025029e-02,-9.990000000000000000e+02,-1.470906305562629524e-01,-5.892612141333194303e-02,-9.990000000000000000e+02,-9.990000000000000000e+02,-1.528539268134514184e-01,-1.427805827938075089e-01,-1.000000000000000000e+03,-1.075257854999355639e-01,-9.990000000000000000e+02,-9.990000000000000000e+02
-1.765433257442865222e-01,-9.990000000000000000e+02,-9.990000000000000000e+02,-9.990000000000000000e+02,-9.990000000000000000e+02,-6.346662794582265399e-02,-9.990000000000000000e+02,-1.000000000000000000e+03,-9.515260896219347730e-02,-1.865770282622431220e-01,-9.990000000000000000e+02,-3.563421868716799001e-01,-1.478159413038850623e-01,-9.990000000000000000e+02,-1.393586788967202394e-01,-6.703944512583910609e-02,-8.744507791815168962e-02,-6.004183596589218741e-02,-8.662352096241676680e-02,-9.990000000000000000e+02,-9.990000000000000000e+02
-1.124470051443541840e-01,-1.000000000000000000e+03,-2.745132981865139876e-01,-1.311172449025546360e-01,-1.116282084038692918e-01,-1.000000000000000000e+03,-9.189239334069383702e-02,-9.990000000000000000e+02,-1.433064182444099555e-01,-8.596196885866036475e-02,-6.572697213542134931e-02,-2.413920419927513272e-01,-1.583352072761249618e-01,-2.086544993877332554e-01,-1.950892888889619037e-01,-1.638288095906852704e-01,-6.576988202197087130e-02,-1.062982920819603855e-01,-7.978468265400291692e-02,-1.000000000000000000e+03,-9.990000000000000000e+02
4.798425973128228605e-02,8.934443410493497079e-03,-9.990000000000000000e+02,-1.190155696649594641e-01,-7.173221173290030006e-02,-1.306622294095046433e-01,-9.990000000000000000e+02,2.208952989374451600e-02,3.277798898521474408e-02,2.450955909632165919e-02,-1.000000000000000000e+03,5.194951780956096749e-02,-7.917969223024755310e-02,-8.234340792161125300e-02,8.373785339050628107e-02,1.849245532529356431e-02,-1.905182209924966008e-02,1.903412245435443656e-02,-7.964161314110086709e-02,-2.276875873274417095e-02,-1.784873257071498409e-01
-1.717413672595640151e-01,8.872071300650019587e-02,-1.000000000000000000e+03,-1.000000000000000000e+03,-9.990000000000000000e+02,7.548619751574014991e-02,-9.990000000000000000e+02,-9.990000000000000000e+02,1.028014839116550821e-03,-9.915951142515540273e-02,-9.990000000000000000e+02,6.751606139233014281e-02,-2.267978991717563286e-01,-9.990000000000000000e+02,-9.990000000000000000e+02,-1.193148663264817916e-01,-1.096586824750099831e-01,-1.428219295898115193e-01,-7.248145593051025237e-02,-9.990000000000000000e+02,-1.312180020081350207e-01
-7.963369689156724052e-02,-1.510265678446157944e-01,-1.000000000000000000e+03,-9.622618069151393783e-02,-6.058385008917482190e-02,2.927339268999812685e-02,-1.000000000000000000e+03,-1.000000000000000000e+03,-1.494565585591978996e-01,-1.007426843181686849e-01,1.298574946828718983e-02,-1.000000000000000000e+03,-1.000000000000000000e+03,-1.698270829135503368e-01,-2.805721101778447038e-02,-1.545067888921969335e-01,-1.000000000000000000e+03,-2.000165721901639992e-01,-9.990000000000000000e+02,-9.990000000000000000e+02,-1.815232359955858132e-01
-1.000000000000000000e+03,4.656530461213995165e-02,-9.990000000000000000e+02,3.420254386876530467e-02,-2.439870287889521136e-02,1.385089610753078258e-02,-9.990000000000000000e+02,-6.382327866979281561e-02,-3.936016001479895714e-03,-1.549084581339953415e-01,2.243918962498858694e-02,3.050181733347325300e-02,-9.990000000000000000e+02,-9.990000000000000000e+02,7.654403514712171917e-03,8.873468675737572475e-02,6.987340791981416777e-02,-6.910490734879153052e-02,-1.243847939439117617e-01,7.594551253110671044e-04,-8.531688927037699155e-02
-1.450633870522834989e-01,-1.000000000000000000e+03,-9.990000000000000000e+02,-1.045157253290016214e-01,-9.990000000000000000e+02,-1.377216652794315543e-01,-1.000000000000000000e+03,1.170379065402517710e-01,-9.990000000000000000e+02,7.916390508372358678e-03,-1.000000000000000000e+03,-1.744147621813602334e-01,-9.990000000000000000e+02,-1.000137113475558087e-01,-1.718065816096754628e-01,-6.152345163129374628e-02,-2.671741164310020844e-02,-9.990000000000000000e+02,-8.182155643866635686e-02,-1.401962995590837757e-01,-1.002973955649929111e-01
-9.990000000000000000e+02,-9.990000000000000000e+02,-1.427602842931295635e-01,-9.990000000000000000e+02,-9.990000000000000000e+02,-1.703921881131860161e-01,-9.222589365162181529e-02,-1.000000000000000000e+03,-6.783425967919104460e-02,-7.142523692462801610e-02,-1.376163214628226272e-01,-1.800130888602870793e-01,-1.000000000000000000e+03,-3.033602755448345234e-01,-1.575787528707293661e-01,-1.430074553152567429e-01,-1.480384414340198962e-01,-1.617865237720349791e-01,-2.254984848799081731e-01,-1.790979005946266300e-01,-1.362738153834550381e-01
-1.189177253806978918e-01,-9.990000000000000000e+02,-9.990000000000000000e+02,-9.990000000000000000e+02,-1.552710168250001632e-01,-2.009177809456604846e-01,-1.256564634634983468e-01,-9.990000000000000000e+02,-9.990000000000000000e+02,-8.298191015156740347e-02,-1.299005106677756372e-01,-7.615243239458308055e-02,-1.824213099927463888e-01,-9.990000000000000000e+02,-1.179078678146073672e-01,-9.990000000000000000e+02,-1.347632732463384109e-01,-9.990000000000000000e+02,-1.000000000000000000e+03,-9.990000000000000000e+02,-1.000000000000000000e+03
-8.004568024914519853e-02,-9.990000000000000000e+02,-1.000000000000000000e+03,2.104725416200661781e-02,1.834890596121884973e-02,-1.356815113092389169e-01,-1.000000000000000000e+03,-1.980352724047807281e-02,-1.435089712610565504e-02,-8.411296000622858759e-02,-8.043501800686149450e-02,-1.000000000000000000e+03,-1.092104200327231739e-01,-9.990000000000000000e+02,-1.658254373537696238e-02,4.284949171543509655e-02,1.184670966029201938e-02,2.563385452909675011e-02,-4.991473006895572745e-02,-1.000000000000000000e+03,-9.990000000000000000e+02
-7.736184047502490946e-02,-9.990000000000000000e+02,-9.990000000000000000e+02,-9.990000000000000000e+02,-9.990000000000000000e+02,-7.330891232432641680e-02,-9.263598254435988222e-02,-9.990000000000000000e+02,-9.471743816803400440e-02,-1.000000000000000000e+03,8.654417181168128081e-02,-1.488287076927004571e-01,-2.636464053038424793e-01,-9.990000000000000000e+02,-1.053944868830978959e-01,-9.206272458029947370e-02,-9.990000000000000000e+02,5.267513444923707655e-02,-9.990000000000000000e+02,-1.000000000000000000e+03,-1.836789544765642379e-01
-7.988416136985339311e-02,-9.990000000000000000e+02,-1.281636219628778661e-01,-9.990000000000000000e+02,-1.000000000000000000e+03,-1.758546049432853919e-01,-9.990000000000000000e+02,-9.990000000000000000e+02,1.463100684881497859e-02,-7.096884915912295144e-02,-9.559602001877738620e-02,-9.990000000000000000e+02,-1.000000000000000000e+03,-2.566616763002008139e-02,-3.101336295779273319e-02,-9.260974231771811060e-02,-2.011237065043729524e-02,-9.807732807187725943e-02,-1.263447973050444428e-01,-1.000000000000000000e+03,-9.390540142864321760e-02
-1.000000000000000000e+03,-5.021029798151083190e-02,-1.292680634068891499e-01,-3.832182379285647977e-02,-1.000000000000000000e+03,-9.368466331474707698e-03,-9.990000000000000000e+02,-9.990000000000000000e+02,-1.000000000000000000e+03,-5.924966248594500801e-02,-9.907854014607613002e-02,-9.990000000000000000e+02,-9.990000000000000000e+02,-4.557381700358598131e-02,-8.357693477850704211e-02,-1.060685033954586326e-01,-6.445612054330478180e-02,-2.328040578473534461e-01,-9.990000000000000000e+02,-1.385969604027546265e-01,-1.887743042306408991e-01
-5.208953763242671342e-02,-1.846646238502732962e-01,-1.000000000000000000e+03,-3.511427062159819257e-01,-1.321186481614510799e-01,-1.371149666103313181e-01,-1.283994328493446302e-01,-9.990000000000000000e+02,-1.625136991970257128e-01,-6.603153109340081928e-02,-9.968066359625889217e-02,-1.329377359157733751e-01,-1.501257843984409035e-01,-1.685900297483285681e-01,-1.721154081503381006e-01,-1.870346080547810319e-01,-7.248289177493770497e-02,-1.407803532103627242e-01,-1.055673794036363078e-01,-9.990000000000000000e+02,-9.843754022635670120e-02
-9.990000000000000000e+02,-5.712719938348496257e-02,-9.990000000000000000e+02,-1.426963338813185544e-01,-8.925555347399573292e-02,-5.563602009708214918e-02,-1.000000000000000000e+03,-1.000000000000000000e+03,-9.990000000000000000e+02,-1.000000000000000000e+03,9.790436693536455279e-03,-1.321797940003159033e-01,-9.990000000000000000e+02,-1.191283437660664440e-01,-4.036473373800138903e-02,-1.786595513246670708e-01,-1.120026112096094845e-01,-2.321511750335523150e-01,-6.198022218357174262e-02,-9.002254668317111186e-02,-4.680225548785373751e-02
-1.000000000000000000e+03,-9.990000000000000000e+02,-9.990000000000000000e+02,3.752715581658066374e-02,-1.683244320614685485e-01,-1.133368928531978820e-01,-1.701381814742137025e-02,-9.990000000000000000e+02,-9.990000000000000000e+02,-1.696566166552354940e-02,-1.110598215350053070e-01,-7.867289881705054333e-02,-2.703957092683810237e-01,-9.344180688112997679e-02,-3.554374461506997623e-02,5.176416316229950215e-02,-3.315127347483624171e-02,-1.437737491844025273e-01,-1.000000000000000000e+03,-1.694561030910973487e-01,-9.990000000000000000e+02
-1.245776988933776502e-01,-1.000000000000000000e+03,-1.055547879442853415e-01,-9.990000000000000000e+02,-7.660266874116182512e-02,-1.693231876169510874e-01,-1.253209797402331516e-01,-2.141290845523282915e-01,-9.990000000000000000e+02,-1.193616906846484138e-01,-9.990000000000000000e+02,-9.957018409564651062e-02,-9.024263827580614183e-02,-1.480504314605142202e-01,-2.280982055275400933e-01,-1.618117754184590362e-01,-1.824750361728684489e-01,-9.990000000000000000e+02,-1.000000000000000000e+03,-1.645155122210004706e-01,-1.000000000000000000e+03
-5.471010793118655929e-02,-9.990000000000000000e+02,-9.990000000000000000e+02,-2.390592030148782354e-01,-1.000000000000000000e+03,-9.413448353020993642e-02,-1.752350943221463730e-01,-1.498786485730080609e-01,-9.723851041298181563e-02,-8.715345242543509618e-02,-1.329864555192454001e-01,-9.990000000000000000e+02,-1.884163136920953274e-01,-2.019958375535627626e-01,-1.828434333427798875e-01,-1.271504548311847005e-01,-1.038391141564212056e-01,-7.911250367045132015e-02,-6.475705192613145922e-02,-1.120081346314319021e-01,-1.340390712855042132e-01
-9.990000000000000000e+02,-1.000000000000000000e+03,-1.318817386321342877e-01,-1.680338141060335744e-01,-9.990000000000000000e+02,-1.490332344600961700e-01,-1.000000000000000000e+03,-5.826900552872810168e-02,-1.000000000000000000e+03,-6.630229704034373839e-02,-5.169285890796742472e-02,-1.000000000000000000e+03,-9.990000000000000000e+02,-1.000000000000000000e+03,-3.930043622493409328e-02,-1.367524629029737149e-01,-1.598007117014391132e-01,-1.201400884973910094e-01,-9.393167877905021779e-02,-1.000000000000000000e+03,-6.015053457327170644e-02
8.350111634058353383e-02,-5.094481883005758105e-02,-2.123314531449658690e-02,-1.189835088816991321e-01,-1.090557016621879205e-02,-9.141355441695571404e-02,-1.000000000000000000e+03,-2.331935847199013631e-02,3.352921161073802586e-02,-2.323781042981454270e-02,6.980960702700772513e-02,-9.990000000000000000e+02,-1.214788338588014688e-01,5.178010990830777399e-02,-1.000000000000000000e+03,1.376089906421055185e-02,2.626074374577891390e-02,1.615609345008740469e-02,-3.584120802524008026e-02,4.268488591145402911e-02,-5.637157272166349459e-02
-7.166257671523436346e-02,4.856555508278474070e-02,-9.414705583705386405e-02,-1.063294372145695554e-01,-9.990000000000000000e+02,-1.267812962259931286e-01,1.250997797220450847e-01,-1.805901110192653924e-01,3.475382461493723568e-02,-7.585305741603735885e-02,-6.328169243734686755e-02,-1.000000000000000000e+03,-9.990000000000000000e+02,-1.882235929532365126e-02,-3.315574329695318567e-02,-7.393089759093417201e-02,-9.990000000000000000e+02,-4.036528642267201393e-03,6.571868795479600400e-02,-1.000000000000000000e+03,-9.766304435415036622e-02
-1.213149475704675545e-01,-1.822547517086635649e-01,-7.910282413681830882e-02,-1.358256167920100788e-01,-9.990000000000000000e+02,-1.345376878306756285e-01,-1.633532634726733435e-01,-9.990000000000000000e+02,-1.109105494658639696e-01,-1.025340347957286874e-01,-6.016592430042663753e-02,-9.990000000000000000e+02,-1.000000000000000000e+03,-1.464499013820995676e-01,-6.359752068588693519e-02,-2.639893068857558922e-01,-1.000000000000000000e+03,-8.465159699531078774e-02,-9.990000000000000000e+02,-9.990000000000000000e+02,-9.990000000000000000e+02
-3.986541541199153937e-02,-1.000000000000000000e+03,-1.658398403795671161e-01,-9.990000000000000000e+02,-2.259662125957781140e-02,-1.393361202571599400e-01,-9.990000000000000000e+02,-9.990000000000000000e+02,-4.689810862136465502e-02,-1.000000000000000000e+03,-5.809324423482856853e-02,-4.554622292635305408e-02,-9.990000000000000000e+02,-3.136554283726035453e-02,-5.353325254218319756e-02,-7.694794118040722275e-02,-9.990000000000000000e+02,-1.185049866911610517e-01,-7.558923120119361017e-02,1.399319709506620900e-02,-1.211288476659386354e-01
2.436848830485408013e-02,2.256629406298067686e-02,3.366237810160375293e-02,-4.454324301359243593e-02,-1.075727785499473038e-01,9.817132847058351874e-02,1.239488391181817195e-02,-9.311135390413667612e-02,-4.547135221136619325e-03,-3.232886950089397526e-02,-7.849043380470054065e-02,-1.000000000000000000e+03,-1.784785417676107988e-01,3.778111173402923934e-02,-1.520176887065012583e-02,2.739962334390357284e-03,2.193845165083846416e-02,-1.553836160308916248e-01,-1.679119024632673429e-01,5.829730968230400351e-02,-1.274174665502503245e-01
-1.000000000000000000e+03,-9.990000000000000000e+02,-1.683915559886615398e-01,-4.977172056219966723e-02,-1.999953721608832835e-01,-5.442838727295064988e-02,-1.032185434349669612e-01,-9.990000000000000000e+02,-1.000000000000000000e+03,-9.111625579545119813e-02,-2.124501280422361471e-01,-1.000000000000000000e+03,-9.492360630504241559e-02,-2.138684356049046220e-01,-9.990000000000000000e+02,-1.314588088801469934e-01,-1.897045390397829046e-01,-8.997340103335078887e-02,-1.000000000000000000e+03,-7.424463081608087545e-02,-1.652158125388581145e-01
-1.000000000000000000e+03,-9.990000000000000000e+02,-9.990000000000000000e+02,-1.770563913390580668e-01,-1.858378961999901102e-01,-6.165268786963332831e-02,-3.196417734253440002e-01,-1.733990896294156092e-01,-6.271006226421570184e-02,-1.532351875432607091e-01,-9.990000000000000000e+02,-1.079999468960587405e-01,-1.000000000000000000e+03,-1.910083664321113872e-01,-2.218400972102952673e-01,-2.043100930247292446e-01,-2.864418168426741129e-01,-9.990000000000000000e+02,-8.800460905125757904e-02,-1.456239155492007331e-01,-9.990000000000000000e+02
-9.990000000000000000e+02,6.021506009868644177e-02,-7.135416423204284098e-02,-9.990000000000000000e+02,-4.924896370425171227e-02,-9.523520616901788582e-02,-9.990000000000000000e+02,-2.531325346787845557e-02,-2.062609059677266987e-01,-1.240374629159788104e-03,1.404683107933961915e-02,-1.650457772590788186e-01,-9.990000000000000000e+02,-1.615158502664032769e-01,-1.148807783071982835e-01,-1.591806743752497699e-01,-7.216841208925939277e-02,-1.000000000000000000e+03,-1.138527554300848427e-01,-9.990000000000000000e+02,-6.172205781218070841e-02
-9.990000000000000000e+02,-1.082069307840114319e-01,-9.990000000000000000e+02,-1.257941212832597022e-01,-9.175041337585480850e-02,-9.990000000000000000e+02,-1.429063830239472865e-01,-1.000000000000000000e+03,-1.996090752438636484e-01,-1.232109319379660617e-01,-5.510109043432347420e-01,-1.000000000000000000e+03,-9.990000000000000000e+02,-9.990000000000000000e+02,-1.418037415879941088e-01,-1.684343331884609329e-01,-1.885769481635010125e-01,-6.972030462800048178e-02,-1.646751299666079360e-01,-2.417131731656576576e-01,-1.612847980689663951e-01
-2.524972001746328409e-02,-9.990000000000000000e+02,-9.990000000000000000e+02,-1.820657920146109554e-01,-1.000000000000000000e+03,-1.145377845993901106e-01,-9.990000000000000000e+02,-1.000000000000000000e+03,-2.577124735860997773e-01,-1.271016967414508869e-01,-1.000000000000000000e+03,-9.990000000000000000e+02,-9.990000000000000000e+02,-9.990000000000000000e+02,-2.031761863978722438e-01,-1.341327057366304698e-01,-3.855105040031710506e-01,-9.990000000000000000e+02,-1.826043084208256173e-01,-9.990000000000000000e+02,-1.103735475698551655e-01
-9.990000000000000000e+02,-1.000000000000000000e+03,-3.347210649827387363e-01,-9.990000000000000000e+02,-9.990000000000000000e+02,-1.000000000000000000e+03,-3.494769866679659498e-01,-1.000000000000000000e+03,-1.539553776458131018e-01,-1.351447713370461656e-01,-1.780098790965806976e-01,-9.990000000000000000e+02,-9.990000000000000000e+02,-1.000000000000000000e+03,-9.990000000000000000e+02,-2.148316941578291839e-01,-9.990000000000000000e+02,-9.376600360433617887e-02,-1.809109737813849872e-01,-9.990000000000000000e+02,-9.990000000000000000e+02
-8.309321078508859204e-02,-1.000000000000000000e+03,-9.990000000000000000e+02,-1.574872556043223903e-01,-1.841991818822076021e-01,-2.390344444671767266e-01,-9.990000000000000000e+02,-9.990000000000000000e+02,-1.503209664816838320e-01,-1.303863492741317021e-01,-9.990000000000000000e+02,-9.990000000000000000e+02,-1.840271504422904547e-01,-1.804913691828186895e-01,-1.000000000000000000e+03,-5.364151467540863027e-01,-9.990000000000000000e+02,-1.247864224797966964e-01,-9.990000000000000000e+02,-9.990000000000000000e+02,-9.990000000000000000e+02
4.858008136591404624e-02,-9.990000000000000000e+02,-1.651175031209536903e-01,-5.994936514021976387e-02,7.356061051059080425e-02,-4.576881932210147969e-02,-1.000000000000000000e+03,-9.990000000000000000e+02,1.220660682982585010e-01,9.389671580455689892e-02,-1.000000000000000000e+03,5.593362027489975907e-02,-9.712457068838369068e-02,-1.000000000000000000e+03,-3.361868086053738242e-02,-3.137645187982865402e-02,-9.990000000000000000e+02,-9.990000000000000000e+02,-4.205115531424793301e-02,-4.590839982371431455e-02,-9.990000000000000000e+02
-2.930608844344502750e-01,-1.544018024160988822e-01,-1.000000000000000000e+03,-2.474505962034910522e-01,-1.256749691242341205e-01,-1.222422744555094337e-01,-1.000000000000000000e+03,-1.000000000000000000e+03,-1.878774804652775521e-01,-1.783270791088767682e-01,-9.990000000000000000e+02,-1.000000000000000000e+03,-1.000000000000000000e+03,-1.000000000000000000e+03,-1.346462670590914124e-01,-2.644961314247989415e-01,-1.000000000000000000e+03,-9.990000000000000000e+02,-1.637049247760717641e-01,-9.990000000000000000e+02,-1.000000000000000000e+03
-9.990000000000000000e+02,-2.492909576485888845e-01,-1.000000000000000000e+03,-1.034508564698672500e-01,-9.990000000000000000e+02,-2.374166409272654710e-01,-1.032647038844044379e-02,-9.990000000000000000e+02,-1.188016183954704735e-01,-2.047130067554328303e-01,-6.288676438640825039e-02,-1.000000000000000000e+03,-9.990000000000000000e+02,-1.820678976844133379e-01,-1.912758013871414253e-01,-1.781169328445585676e-01,-1.143767979286294673e-01,-1.132486437575058041e-01,-1.000000000000000000e+03,-9.990000000000000000e+02,-1.000000000000000000e+03
8.133226482021016501e-02,6.067520725859989333e-02,-1.000000000000000000e+03,-1.000000000000000000e+03,-9.990000000000000000e+02,-1.234692758471218621e-01,-9.990000000000000000e+02,5.675071071431377762e-02,-1.510018902124554419e-01,-9.990000000000000000e+02,-2.297722887816572579e-01,-4.031680387702582871e-03,-1.000000000000000000e+03,-9.990000000000000000e+02,-9.990000000000000000e+02,2.883890554441616294e-02,-5.898094392771971450e-02,-5.893387109329578655e-02,-1.000000000000000000e+03,-9.990000000000000000e+02,-8.998028690545008257e-02
-3.657096741959219716e-02,-2.553355871720396908e-01,-9.990000000000000000e+02,-5.455580431328824892e-02,-1.695448048117772777e-01,-3.139444229746442272e-02,-1.000000000000000000e+03,-1.000000000000000000e+03,-1.331324606999807203e-01,-2.039647429163919667e-01,-9.990000000000000000e+02,-9.990000000000000000e+02,-9.990000000000000000e+02,-9.990000000000000000e+02,-1.768337638527329447e-01,-1.000000000000000000e+03,-1.185626565857426408e-02,-8.190982748848392447e-02,-1.000000000000000000e+03,-1.593852938295881871e-01,-9.990000000000000000e+02
-1.005539440197876083e-01,-9.990000000000000000e+02,-1.126731728098944868e-01,-1.248717483021282854e-01,-3.136035530622636736e-01,-1.832988190558462183e-01,-1.000000000000000000e+03,-1.000000000000000000e+03,-8.723457377464120810e-02,-1.241692699296439856e-01,-1.000000000000000000e+03,-1.000000000000000000e+03,-9.990000000000000000e+02,-9.990000000000000000e+02,-1.180700362499069317e-01,-1.450002681372428992e-01,-9.215747629115471351e-02,-1.548367047502671179e-01,-9.990000000000000000e+02,-1.000000000000000000e+03,-1.369172416332367914e-01
3.793637451215581269e-02,-3.462343315638945901e-02,-8.968808516945885045e-02,-9.990000000000000000e+02,-1.523626465734608526e-01,-1.000000000000000000e+03,-8.150398713322205835e-02,-1.021089208037524454e-01,-9.990000000000000000e+02,-7.920660405904000889e-02,-3.669026117324791780e-02,-1.717921220757022763e-02,-9.990000000000000000e+02,-1.000000000000000000e+03,-1.832448822577754585e-04,3.505682170128507358e-02,-1.564693601268242196e-01,-7.481564712551976026e-02,-9.500874028870265331e-02,-1.000000000000000000e+03,-9.990000000000000000e+02
6.219225685405666004e-02,-9.628460876185438583e-03,-9.990000000000000000e+02,-4.475443342837653882e-02,-9.990000000000000000e+02,4.439534189326767993e-02,-3.759214680949406976e-03,-9.990000000000000000e+02,7.484948671619041927e-02,-9.990000000000000000e+02,-9.990000000000000000e+02,-1.849948226897102019e-02,-1.264774571806484005e-01,5.200738465587373405e-02,-1.000000000000000000e+03,1.423331163492494444e-02,-5.289536597499229628e-04,-1.030617666318582593e-02,-3.744730894831521661e-02,-9.990000000000000000e+02,-9.990000000000000000e+02
-4.729568106840592590e-02,-8.842442532185519621e-02,-9.990000000000000000e+02,-9.990000000000000000e+02,-9.990000000000000000e+02,-9.990000000000000000e+02,-1.280528124691401592e-01,-5.655034516672444861e-02,-9.990000000000000000e+02,-9.740110957795522495e-02,-9.990000000000000000e+02,-6.175267899858633003e-02,-1.000000000000000000e+03,-9.990000000000000000e+02,-7.420494872571059553e-02,-6.068700927587607902e-02,-1.582700374130851795e-01,-2.639600059648168542e-03,-1.721070741610368771e-01,-1.479139730770551164e-01,-1.935289156218643614e-01
-9.990000000000000000e+02,-9.990000000000000000e+02,-9.990000000000000000e+02,-9.931983483184886330e-02,-9.990000000000000000e+02,-1.651940494035152585e-01,-1.000000000000000000e+03,-1.000000000000000000e+03,-1.222380205461919972e-01,-1.000000000000000000e+03,-1.000000000000000000e+03,-9.990000000000000000e+02,-9.990000000000000000e+02,-1.720755328740353474e-01,-9.990000000000000000e+02,-1.915986763514173907e-01,-1.810952277530727128e-01,-9.990000000000000000e+02,-3.372585983789654906e-01,-1.025852492797777876e-01,-9.990000000000000000e+02
2.353994769527281358e-02,7.835484450470549256e-02,-1.000000000000000000e+03,-9.990000000000000000e+02,-9.990000000000000000e+02,-1.361015606962892033e-01,-1.080336587369792739e-01,-9.990000000000000000e+02,-1.628869269685541687e-01,-1.395740089082794511e-01,-1.230938001572738916e-01,-1.000000000000000000e+03,-1.000000000000000000e+03,5.156703166451596237e-02,-7.246242335774577548e-02,2.010900717968458137e-02,8.267588240536584421e-02,-9.990000000000000000e+02,-9.990000000000000000e+02,-1.000000000000000000e+03,-9.990000000000000000e+02
3.658006405865816407e-02,-9.990000000000000000e+02,-9.990000000000000000e+02,1.604451057059746305e-02,-9.171761854424663463e-03,-1.000000000000000000e+03,-1.000000000000000000e+03,-9.990000000000000000e+02,-9.990000000000000000e+02,1.089497296271605721e-02,3.295611360938762585e-02,-1.000000000000000000e+03,-1.294941535133039001e-01,-9.064303838358478416e-02,3.430827589576430914e-02,-9.990000000000000000e+02,-1.000000000000000000e+03,-6.124432925754730306e-02,6.223412269311130035e-05,-9.990000000000000000e+02,-9.990000000000000000e+02
-9.990000000000000000e+02,-2.014799057884197886e-01,-1.000000000000000000e+03,-1.000000000000000000e+03,-1.457478041481085895e-01,-1.337574120546038137e-01,-1.000000000000000000e+03,-9.990000000000000000e+02,-1.000000000000000000e+03,-1.650478449933723835e-01,-9.990000000000000000e+02,-1.000000000000000000e+03,-9.990000000000000000e+02,-9.990000000000000000e+02,-1.000000000000000000e+03,-1.277057817722939137e-01,-1.000000000000000000e+03,-9.990000000000000000e+02,-1.051521582064556953e-01,-1.000000000000000000e+03,-9.990000000000000000e+02
-1.991772470753456689e-02,-9.990000000000000000e+02,-9.990000000000000000e+02,-9.990000000000000000e+02,4.055889589880734558e-02,-4.839968940830946531e-02,-9.990000000000000000e+02,-9.990000000000000000e+02,-1.000000000000000000e+03,-1.255495454792101839e-01,-1.000000000000000000e+03,-1.000000000000000000e+03,3.051120261609841303e-02,-1.000000000000000000e+03,4.847551948357008839e-02,-1.588173300852575298e-01,-9.990000000000000000e+02,2.001781872664384117e-03,-9.990000000000000000e+02,-9.990000000000000000e+02,-1.000000000000000000e+03
-9.990000000000000000e+02,-1.604078506023474959e-01,-9.990000000000000000e+02,-1.258212307250584916e-01,-9.990000000000000000e+02,-1.229449675463232944e-01,-2.166002505852067106e-01,-1.241516804838589949e-01,-3.687070642239246854e-01,-1.127063257570330573e-01,2.057273970881938474e-02,-1.000000000000000000e+03,-1.211418623848942305e-01,-9.635945608725833555e-02,-1.429957069369959255e-01,-3.654842025099527131e-02,-9.005538599046658543e-02,-9.990000000000000000e+02,-1.000000000000000000e+03,-1.274404176425844859e-01,-1.836477926332819033e-01
-1.239669061349836648e-01,-1.447352995004536624e-01,-9.990000000000000000e+02,-1.004115985355332613e-01,-1.547562520270197584e-01,-1.629417075658393388e-01,-9.990000000000000000e+02,-1.000000000000000000e+03,-1.536846641210866393e-01,-2.812292508689836698e-02,-9.990000000000000000e+02,-9.990000000000000000e+02,-1.466270642079099407e-01,-1.743182757276796335e-01,-1.779859329855852657e-01,-1.853552686749549705e-01,-1.082085935094404955e-01,-2.673276344945034813e-02,-1.146241409747118106e-01,-9.990000000000000000e+02,-9.990000000000000000e+02
-3.330217637757187932e-02,-9.990000000000000000e+02,-1.000000000000000000e+03,-9.990000000000000000e+02,-1.000000000000000000e+03,-1.580351675826305591e-01,-1.000000000000000000e+03,-1.000000000000000000e+03,-1.773763289903943774e-01,-2.506411588382366773e-01,-1.000000000000000000e+03,-1.000000000000000000e+03,-2.702249876867208189e-01,-1.379001055217901894e-01,-1.548837898538576729e-01,-1.575211234942359984e-01,-7.500020140330949936e-02,-1.596908404888958480e-03,-9.990000000000000000e+02,-1.233618962706573008e-01,-9.990000000000000000e+02
-9.990000000000000000e+02,-9.990000000000000000e+02,-1.000000000000000000e+03,-1.193919333277373568e-01,-9.990000000000000000e+02,-1.685399922087834346e-01,-1.000000000000000000e+03,-1.000000000000000000e+03,-1.065111538106569139e-01,-1.000000000000000000e+03,-1.000000000000000000e+03,-1.000000000000000000e+03,-1.000000000000000000e+03,-1.000000000000000000e+03,-1.411586360249405814e-01,-9.990000000000000000e+02,-9.990000000000000000e+02,-9.990000000000000000e+02,-1.448764510615664081e-01,-1.000000000000000000e+03,-1.697015010110090039e-01
-1.271054410408742341e-02,-2.898325847928983623e-01,-9.990000000000000000e+02,-1.000000000000000000e+03,-1.267932454658293462e-01,-1.220862192890786319e-01,-1.000000000000000000e+03,-9.990000000000000000e+02,-1.827748784940768922e-01,-1.353912802529163018e-01,-9.114802327810804516e-02,-2.275936276590320995e-01,-1.712272119211341870e-01,-9.990000000000000000e+02,-9.990000000000000000e+02,-1.000000000000000000e+03,-9.990000000000000000e+02,-1.463131140503888539e-01,-1.215441514372103543e-01,-1.000000000000000000e+03,-9.990000000000000000e+02
-8.020976384098732481e-02,-1.000000000000000000e+03,-1.518985314831054201e-01,-9.616515069098663382e-02,-9.990000000000000000e+02,-5.017056733781847383e-02,-1.000000000000000000e+03,-1.000000000000000000e+03,-7.651364053373053975e-02,-2.641188812558150148e-02,-1.197039930444500494e-01,-1.000000000000000000e+03,-1.000000000000000000e+03,-1.587346543302861901e-01,1.030134244839715357e-01,-1.000000000000000000e+03,5.278308283381005772e-02,-1.257848254272133648e-01,-1.521993379813268710e-01,-7.324287119407311974e-02,-1.639923702148330109e-01
-9.990000000000000000e+02,-9.990000000000000000e+02,-1.000000000000000000e+03,-9.990000000000000000e+02,-9.990000000000000000e+02,8.614323736586337876e-02,-1.000000000000000000e+03,-9.990000000000000000e+02,6.197809105743388308e-02,6.340837215692182727e-02,-1.000000000000000000e+03,7.439834155137496630e-02,-1.772041883429834319e-01,-1.000000000000000000e+03,-1.590537658556466505e-01,-9.990000000000000000e+02,-9.990000000000000000e+02,1.666203917294512352e-02,-9.990000000000000000e+02,-3.991407870229252142e-02,-9.990000000000000000e+02
1.173443861743990735e-01,-9.990000000000000000e+02,-1.000000000000000000e+03,-1.277230011788130781e-01,-1.000000000000000000e+03,-1.006289993134538291e-02,1.993447559254849996e-02,-1.000000000000000000e+03,6.899554251161671425e-02,-4.101032201673550370e-03,1.730651389193857415e-02,-9.990000000000000000e+02,-1.000000000000000000e+03,-1.000000000000000000e+03,9.544258338390930463e-02,-1.000000000000000000e+03,3.207242597212743573e-02,-1.163852409714867253e-01,5.767441009730461983e-03,-9.990000000000000000e+02,-1.693738315560479324e-01
3.387726713463876799e-02,-1.000000000000000000e+03,-9.990000000000000000e+02,-1.294384032717022792e-01,-9.990000000000000000e+02,-1.000000000000000000e+03,-9.990000000000000000e+02,-9.990000000000000000e+02,3.229681205632337852e-03,-6.023692171167240733e-03,-9.990000000000000000e+02,6.504609066426390862e-02,-9.990000000000000000e+02,-1.000000000000000000e+03,5.784100842863992148e-02,-9.990000000000000000e+02,-9.990000000000000000e+02,-5.048742454920731454e-02,-9.875125160624656159e-03,-9.990000000000000000e+02,-2.374419932651523624e-01
8.476032763962013106e-03,6.383228536880097836e-02,-9.990000000000000000e+02,-6.579416471841442737e-02,-1.684850794978014488e-01,1.753438210087932035e-03,-9.990000000000000000e+02,-6.110925573794143834e-03,-1.000000000000000000e+03,-1.544421294556773128e-01,1.066976420158460698e-01,6.832552769981298235e-02,5.221270088472723669e-02,9.184142375837560379e-02,4.107293684653864213e-02,-6.597659712150885647e-02,-1.000000000000000000e+03,-5.579029863856985877e-02,7.948966655486935581e-03,-9.990000000000000000e+02,-9.990000000000000000e+02
-1.623618472965831713e-02,-9.990000000000000000e+02,-1.000000000000000000e+03,-1.000000000000000000e+03,-1.568349298602882691e-01,-3.979973023157615253e-02,-1.937776683718883328e-02,-9.990000000000000000e+02,-1.241961853772923785e-01,-6.539627476314073540e-02,5.667540601685440611e-03,-1.088419543981723747e-02,-4.628590141482905734e-02,-4.810487845679722180e-02,-5.981643514105191434e-02,-7.601044236031917478e-03,-1.039429054867755803e-01,-1.147042702998295333e-01,-9.990000000000000000e+02,-2.593883286023384582e-01,-9.990000000000000000e+02
-9.990000000000000000e+02,-1.493742757480728545e-01,-1.000000000000000000e+03,-1.000000000000000000e+03,-2.620163825488793230e-01,3.830136794498092685e-04,4.563945192814627266e-02,-9.990000000000000000e+02,-1.566987971820424028e-02,-1.079624606334768540e-02,2.902968471465600109e-02,-5.231021754484192071e-02,-1.108475174467345448e-01,4.035816377475059252e-02,-2.474672763805093115e-02,7.985386628639187800e-02,-9.990000000000000000e+02,-7.265184710595731614e-03,3.685505652928242754e-02,-9.990000000000000000e+02,-1.440530921538898668e-01
-9.990000000000000000e+02,-1.000000000000000000e+03,-1.000000000000000000e+03,1.245037273313699157e-02,-4.525120974459349160e-02,7.703407169895019890e-02,5.274882241254575527e-02,-9.990000000000000000e+02,-9.990000000000000000e+02,2.616972615864959772e-02,-9.990000000000000000e+02,-8.829181249083216040e-03,-1.455231752822813418e-01,1.108645758919659524e-02,-1.000000000000000000e+03,5.735761689782076320e-05,-9.990000000000000000e+02,-1.109453478045939641e-02,-4.216316629984783598e-02,-9.990000000000000000e+02,-1.675603519714067291e-01
-9.990000000000000000e+02,-1.477055628423194246e-02,-1.731348157815873201e-01,-9.990000000000000000e+02,-1.000000000000000000e+03,2.825321235701935482e-02,-1.000000000000000000e+03,4.596889035548909486e-02,-1.192464692341317911e-01,1.607751729078452096e-02,-9.990000000000000000e+02,-9.990000000000000000e+02,-1.000000000000000000e+03,-9.990000000000000000e+02,-9.990000000000000000e+02,-9.990000000000000000e+02,-9.990000000000000000e+02,-1.000000000000000000e+03,-9.567430645691273050e-02,-9.990000000000000000e+02,-9.990000000000000000e+02
-6.186557832341096214e-02,-9.990000000000000000e+02,-9.990000000000000000e+02,-5.193282265780437695e-02,-9.990000000000000000e+02,-4.957885869291452779e-02,-1.000000000000000000e+03,-1.427701731493709325e-01,1.310244938543329019e-01,3.226754187138957536e-02,5.599294738948019240e-02,5.034364781851302650e-02,-9.990000000000000000e+02,-9.990000000000000000e+02,6.525397950976158379e-02,-5.342109911155377283e-02,-1.000000000000000000e+03,4.149480860261934440e-02,2.763748702693534162e-02,1.024739772179962122e-01,-9.990000000000000000e+02
-1.445908661113541882e-01,-1.000000000000000000e+03,-1.109730257228838113e-01,-9.990000000000000000e+02,3.090740077242535785e-02,-1.300987856468714954e-01,-9.990000000000000000e+02,-6.743580525486420063e-02,-1.000000000000000000e+03,-1.429553528856291889e-01,-1.337037917747505578e-01,-1.436522915971120418e-01,-1.498290665877722305e-01,-1.459344542395548672e-01,-2.342104887828863335e-01,-1.874992835797908430e-01,-8.343965216358562031e-02,-1.137989229061156932e-01,-1.000000000000000000e+03,-3.538098318329583464e-02,-2.684289764226680530e-01
-1.000000000000000000e+03,7.136331630031841683e-04,-1.000000000000000000e+03,-1.000000000000000000e+03,-9.990000000000000000e+02,-1.298844367894119722e-01,-1.000000000000000000e+03,-9.990000000000000000e+02,-1.512490324722793045e-01,-5.511715803524417367e-01,-1.000000000000000000e+03,-1.689153702125893719e-01,-9.990000000000000000e+02,-9.990000000000000000e+02,-6.584349134051452335e-02,-3.595768021346837373e-02,-1.675277081595400938e-02,-1.000000000000000000e+03,-1.546884295038585544e-01,-9.990000000000000000e+02,-1.435288935058899595e-01
5.753394495600986508e-02,-9.990000000000000000e+02,-1.389489615913311500e-02,8.472228448861553879e-03,-2.722228095617377705e-02,8.370160921390684683e-02,1.133748584623732875e-01,-9.990000000000000000e+02,-1.000000000000000000e+03,-9.239191475094160610e-02,-1.000000000000000000e+03,8.693636873099186424e-02,3.908103127322215542e-02,-9.990000000000000000e+02,-4.164708250886945372e-03,7.099759102739060246e-02,1.495106549155316052e-02,-9.367554387010031125e-02,-8.741426103848388973e-02,-9.990000000000000000e+02,-9.990000000000000000e+02
-6.671122221272828001e-03,2.749734684397062492e-02,-9.990000000000000000e+02,-4.231681559725562064e-02,-9.645759324442608473e-02,7.769977614054257575e-02,-1.000000000000000000e+03,-9.990000000000000000e+02,-6.981561274701277020e-02,-1.856939189020058445e-01,-9.990000000000000000e+02,-1.000000000000000000e+03,-2.642419252437227528e-01,-6.003084525004644817e-02,-1.421533121822526613e-01,-1.000000000000000000e+03,1.860521227897612637e-02,-1.506360344843342969e-01,-1.000000000000000000e+03,-9.990000000000000000e+02,-1.000000000000000000e+03
-2.867106284301020394e-02,-9.990000000000000000e+02,-9.990000000000000000e+02,-1.000000000000000000e+03,-9.990000000000000000e+02,-1.629350971239382495e-01,-1.000000000000000000e+03,-9.085443841204880744e-02,-8.874905844353397910e-02,-9.990000000000000000e+02,1.308296391037677697e-02,-9.990000000000000000e+02,4.452311231899627048e-02,-1.469543023108779989e-01,-1.387951749444579497e-01,-1.524810102826234387e-02,-1.560294727471284448e-01,-1.000000000000000000e+03,-1.650238027632644211e-01,-9.990000000000000000e+02,-9.990000000000000000e+02
9.048321840160082619e-02,-9.990000000000000000e+02,-1.000000000000000000e+03,4.720563437250852035e-02,-6.006676324482140145e-02,-5.824698220416502786e-02,3.249562563347918598e-02,-9.990000000000000000e+02,-9.990000000000000000e+02,-1.278058759705277547e-01,-1.020149231746568241e-01,-9.990000000000000000e+02,-9.990000000000000000e+02,3.398391510354367012e-02,-9.990000000000000000e+02,-9.990000000000000000e+02,-9.990000000000000000e+02,-1.446704813304211697e-02,-9.990000000000000000e+02,6.600517695513701509e-03,-1.416861702869479933e-01
-9.990000000000000000e+02,-9.990000000000000000e+02,4.781960397968992166e-02,-1.000000000000000000e+03,-8.897619428749954651e-02,4.012020570070562453e-02,-1.000000000000000000e+03,-4.194164214717648748e-02,-2.332165152131181196e-02,6.129458833996702383e-03,-9.990000000000000000e+02,-9.990000000000000000e+02,-9.990000000000000000e+02,-1.000000000000000000e+03,-1.217686984120246452e-01,6.886668579316830574e-02,-6.333951310411811697e-02,-8.926635750160039073e-02,-1.828438038265536025e-01,-1.000000000000000000e+03,-9.990000000000000000e+02
-1.000000000000000000e+03,-1.011025322833686291e-01,-9.990000000000000000e+02,-1.000383079659771246e-01,-8.598296250228459892e-02,-1.229575021745739072e-01,-1.000000000000000000e+03,-1.412511006844639760e-01,-7.038609151208409520e-02,-9.622549407740521588e-02,-9.990000000000000000e+02,-9.990000000000000000e+02,-8.980907890937449289e-02,-3.292786690495916879e-01,-1.154498518684141800e-01,-1.138247274899351069e-01,-7.352705812562514154e-02,-7.614697859997142382e-02,-9.449723257509683172e-02,-8.377770837741976839e-02,-1.000000000000000000e+03
-1.194662993507950716e-01,-9.990000000000000000e+02,-9.990000000000000000e+02,-9.990000000000000000e+02,-9.990000000000000000e+02,-8.967851566231511973e-02,-1.174955751158853062e-01,-1.000000000000000000e+03,-1.966797050294366578e-01,-4.971770175580089018e-02,-1.758955345346324417e-01,-1.193179451746966269e-01,-2.116828445046789742e-01,-9.990000000000000000e+02,-1.896467263636762157e-01,-7.085630860505863493e-02,-8.907979988743081057e-02,-6.127426796876698362e-02,-1.051861573542083317e-01,-1.765909038326162195e-01,-7.866494414754003628e-02
-1.000000000000000000e+03,-9.990000000000000000e+02,-1.320159881103851775e-02,-1.643133599461474650e-02,2.657157415870385619e-02,-6.100117684591758321e-02,-9.990000000000000000e+02,-8.943986584315603838e-02,-4.925395445081531126e-02,-3.294307397165646689e-02,-1.415484772150487902e-01,-5.209778640670802846e-02,-1.000000000000000000e+03,-2.002665610498223850e-03,-7.334131206211692844e-02,-4.140447123935347279e-02,-3.825556931086337986e-02,-3.325295854430803527e-02,-1.142564710064261635e-02,-9.990000000000000000e+02,-1.105354002520306800e-01
-1.000000000000000000e+03,-1.000000000000000000e+03,-1.892765754258937394e-01,-1.019944562397691185e-01,-6.030127273906765728e-02,-1.424881017563696395e-01,-9.990000000000000000e+02,-2.806906379705388990e-02,-8.663097838003093465e-02,-7.768705094613111151e-02,-1.056654446564203043e-01,-5.815470915418629455e-02,-2.023565638471742645e-01,-1.791594628369161044e-02,-4.355771324633245928e-02,-2.227986289378225404e-02,-5.761020477219504915e-02,-1.828718548877440730e-02,-9.990000000000000000e+02,-7.745616749268807721e-02,-7.514648049974297084e-02
1.692918206144051682e-02,-1.000000000000000000e+03,-9.990000000000000000e+02,-9.990000000000000000e+02,-9.990000000000000000e+02,-3.894628604659517573e-02,-9.990000000000000000e+02,-9.990000000000000000e+02,-9.990000000000000000e+02,-9.990000000000000000e+02,-9.990000000000000000e+02,-2.728149173628597324e-01,-1.317583091083454894e-01,-1.000000000000000000e+03,-1.296496675173976210e-01,-7.881781063108052321e-02,-9.990000000000000000e+02,-9.990000000000000000e+02,-1.000000000000000000e+03,-9.990000000000000000e+02,-9.990000000000000000e+02
-5.240471714599845982e-02,-4.965272263874506709e-02,-9.990000000000000000e+02,-4.328630484992646021e-02,-3.230004342677084694e-01,-1.000000000000000000e+03,-1.201972277220475505e-01,-2.065798997752529287e-01,-7.221184183579520965e-02,-1.168160146505025504e-01,-9.253943338879262737e-02,-1.238529378628913241e-01,-9.103731142906890117e-02,-2.768178140404288778e-01,-1.033635672428334512e-01,-8.036298419740144083e-02,-9.990000000000000000e+02,-1.546889465130313057e-01,-9.990000000000000000e+02,-9.990000000000000000e+02,-9.990000000000000000e+02
4.539792722885654074e-03,-4.588410567320042738e-02,-1.000000000000000000e+03,1.613052545516753880e-02,-6.835158390639316239e-02,-4.895972953887644391e-02,2.494587741161292949e-02,-5.555859632444007379e-02,-5.778646610502710668e-02,-1.046090385359694369e-02,-9.990000000000000000e+02,1.100321562130777107e-02,1.194624428052203265e-02,-9.990000000000000000e+02,1.387702720865621742e-02,-3.807026621138914074e-02,1.130733781844762455e-02,-4.385805678691984816e-02,-2.105608200272026179e-02,-1.000000000000000000e+03,-1.000000000000000000e+03
-2.531941208110334920e-02,-9.990000000000000000e+02,-9.990000000000000000e+02,-1.224259442707624629e-01,4.156991799189046349e-02,-1.424733987334519392e-01,-1.000000000000000000e+03,-9.990000000000000000e+02,-1.158283549096710829e-01,-1.113914148961324679e-01,-9.749198941210114600e-02,-1.638342787088157559e-01,-1.085317767605642053e-01,-1.297845243225635714e-01,-9.109492661070263397e-02,-1.122328095067453430e-01,-5.559674420992521959e-02,-1.000000000000000000e+03,-1.208998452667684048e-01,-9.990000000000000000e+02,-1.000000000000000000e+03
-4.461606359314049947e-02,-9.990000000000000000e+02,-1.095797885867491606e-02,-9.990000000000000000e+02,-9.990000000000000000e+02,-1.300996029038840873e-01,-1.252122785474978350e-01,-5.551365680313196521e-02,-6.322318840995401479e-02,-7.582913412842463841e-02,-9.990000000000000000e+02,-8.006253248420973356e-02,-1.000000000000000000e+03,-9.990000000000000000e+02,-4.973884976594798030e-02,-1.330834902996436420e-01,-2.080332363331932263e-02,-3.523529426326766495e-02,-1.000000000000000000e+03,-9.990000000000000000e+02,-7.305950214199255499e-02
-7.388213768064211262e-02,-9.990000000000000000e+02,-9.990000000000000000e+02,-1.000000000000000000e+03,-9.990000000000000000e+02,-8.843566488057086339e-02,-1.000000000000000000e+03,-9.990000000000000000e+02,-1.365289702040145270e-01,-9.990000000000000000e+02,-9.990000000000000000e+02,-9.990000000000000000e+02,-1.000000000000000000e+03,-1.816093825857846566e-01,-3.160800756977270032e-01,-9.990000000000000000e+02,-7.351175559812467286e-02,-9.608543282974363331e-02,-1.222005082002221021e-01,-9.364536686230735818e-02,-8.150397294657085734e-02
-8.859819090616778692e-02,-9.990000000000000000e+02,-9.990000000000000000e+02,-1.252958137821933160e-01,-1.000000000000000000e+03,-1.201150069545292992e-01,-9.990000000000000000e+02,-1.000000000000000000e+03,-1.657756001159181036e-01,-2.224080053973500892e-01,-1.000000000000000000e+03,-1.000000000000000000e+03,-1.450980018071980626e-01,-9.990000000000000000e+02,-1.045323664074802178e-01,-7.850949173933219338e-02,-9.990000000000000000e+02,-1.982564226308833055e-01,-9.990000000000000000e+02,-9.990000000000000000e+02,-1.292906625248481933e-01
-9.990000000000000000e+02,-1.627920277674441141e-01,-1.262537970683690614e-01,-9.990000000000000000e+02,-1.470449212906604075e-01,-9.069775247470136803e-02,-9.990000000000000000e+02,-1.000000000000000000e+03,-9.990000000000000000e+02,-1.273593872372910107e-01,-1.000000000000000000e+03,-9.990000000000000000e+02,-9.990000000000000000e+02,-9.990000000000000000e+02,-9.990000000000000000e+02,-1.937130023452009464e-01,-6.278753013188770327e-02,-1.003025679281801946e-01,-9.990000000000000000e+02,-9.990000000000000000e+02,-9.990000000000000000e+02
-9.226296582880784414e-02,-9.188647738004913912e-02,-1.000000000000000000e+03,-9.990000000000000000e+02,-1.709954928838087473e-01,-1.149213417682006799e-01,-6.164543114667248025e-02,-1.174878123633261821e-02,-9.990000000000000000e+02,-1.589320421447024956e-01,-1.000000000000000000e+03,-9.990000000000000000e+02,-9.990000000000000000e+02,-9.990000000000000000e+02,-5.882795828384011078e-02,-1.372764877749346468e-01,-2.773878596822089704e-01,-1.000000000000000000e+03,-1.130365559299787298e-01,-4.774630051854999307e-02,-9.990000000000000000e+02
-9.167314636757651139e-03,-9.990000000000000000e+02,-9.990000000000000000e+02,-8.530523093394441758e-02,-1.128122469193592464e-01,-9.990000000000000000e+02,-9.990000000000000000e+02,-1.000000000000000000e+03,-1.227281640038107718e-01,-9.691977516340895271e-02,-1.922863029128748791e-01,-9.990000000000000000e+02,-9.990000000000000000e+02,-9.990000000000000000e+02,-7.718437401813006693e-02,-2.904833791902157736e-01,-9.990000000000000000e+02,-2.054400591928404879e-02,-9.990000000000000000e+02,-9.990000000000000000e+02,-9.307238358708665171e-02
-9.990000000000000000e+02,-1.000000000000000000e+03,-1.000000000000000000e+03,-1.028706179503912077e-01,-1.736402548505126264e-01,-1.000000000000000000e+03,-1.000000000000000000e+03,-1.000000000000000000e+03,-1.284526743963697315e-01,-1.317143853185323288e-01,-1.000000000000000000e+03,-1.000000000000000000e+03,-1.214709471694016968e-01,-9.990000000000000000e+02,-8.150686887038272044e-02,-1.180160015176587307e-01,-9.990000000000000000e+02,-7.590837745742257114e-02,-8.079056838440128174e-02,-9.990000000000000000e+02,-6.755238139694540178e-02
-4.641300801092090172e-02,-9.990000000000000000e+02,-9.990000000000000000e+02,-9.990000000000000000e+02,-2.488040001031310844e-01,-1.000000000000000000e+03,-9.990000000000000000e+02,-1.000000000000000000e+03,-4.041712032177521147e-02,-2.589750061300525874e-01,-9.990000000000000000e+02,-9.990000000000000000e+02,-7.864902872869983241e-02,-9.990000000000000000e+02,-9.158614618016491793e-02,-7.665996243054802595e-02,-9.990000000000000000e+02,-1.520847470588538031e-01,-5.975956443577080252e-02,-2.645502853593508785e-01,-6.407608594589801754e-02
-2.504568852371621968e-01,-2.847201354297685394e-01,-1.000000000000000000e+03,2.692556952044922961e-03,-2.070867336981043749e-01,-1.000000000000000000e+03,-1.663518649709779806e-01,-9.990000000000000000e+02,-9.990000000000000000e+02,-1.040935647830905780e-01,-2.349878800464973161e-01,-8.762072349749312761e-02,-7.712099092045616999e-02,-9.990000000000000000e+02,-3.345619446979893330e-01,-1.056918338579356936e-01,-9.990000000000000000e+02,-8.536352033500184400e-02,-1.000000000000000000e+03,-9.996445867894208914e-02,-9.990000000000000000e+02
-9.990000000000000000e+02,2.459485542001174641e-02,-9.990000000000000000e+02,-3.824194994141340287e-02,-9.990000000000000000e+02,-9.990000000000000000e+02,-5.811653075567411314e-02,3.956710586341351948e-02,6.403788232170680439e-02,5.899512206563437694e-02,3.460973529033217755e-02,6.004694029736684646e-02,-5.124925569834759553e-01,5.898117998442201776e-02,-1.000000000000000000e+03,3.401260196065114538e-02,6.221945089043110638e-02,-1.309275464120876753e-01,-1.124316762004318182e-01,-1.183104929851281906e-01,-9.990000000000000000e+02
-9.990000000000000000e+02,-2.877013900490175136e-01,-6.830152067434330787e-02,-9.988680897433999117e-02,-7.744717780702529975e-02,-1.138486792164599554e-01,-9.990000000000000000e+02,-1.068421826868449082e-01,-7.695327075695802821e-02,-1.715220469894855049e-01,-9.990000000000000000e+02,-9.990000000000000000e+02,-9.006041593986909011e-02,-9.990000000000000000e+02,-7.376241945815133205e-02,-9.990000000000000000e+02,-1.515880023318288139e-01,-1.000000000000000000e+03,-9.990000000000000000e+02,-9.130510389091824053e-02,-9.990000000000000000e+02
-9.990000000000000000e+02,-1.083910132354588413e-01,-9.990000000000000000e+02,-9.103758548784446347e-02,-5.335237305156633608e-02,-8.471501323003342854e-02,-9.990000000000000000e+02,-2.388518547272806269e-01,-8.008191315941944055e-02,-1.309832528830847942e-01,-9.990000000000000000e+02,-9.990000000000000000e+02,-6.212093174969521986e-02,-1.818442163389334676e-01,-1.300037857943899533e-01,-7.108896440241245507e-02,-9.990000000000000000e+02,-2.117344629933664846e-01,-7.436814147275050413e-02,-1.000000000000000000e+03,-1.000000000000000000e+03
-1.359253332921704083e-01,-9.990000000000000000e+02,-1.000000000000000000e+03,-1.000000000000000000e+03,-9.990000000000000000e+02,-8.948232476116857459e-02,-1.949891316508786943e-01,-1.000000000000000000e+03,-1.109719172776418156e-01,-8.340847645665729060e-02,-9.990000000000000000e+02,-9.990000000000000000e+02,-9.990000000000000000e+02,-1.201787383816275701e-01,-1.531798988509909809e-01,-6.756344321671509112e-02,-6.718098681613433876e-02,-1.910026976334799065e-01,-1.000000000000000000e+03,-1.195305543444364349e-01,-1.175185877719054223e-01
-1.119935896211680798e-01,-3.292742410378804441e-01,-9.990000000000000000e+02,-1.000000000000000000e+03,-4.902633544611331717e-02,-1.031779230293774635e-01,-1.000000000000000000e+03,-9.990000000000000000e+02,-1.000000000000000000e+03,-1.688691183003696028e-02,-9.990000000000000000e+02,-9.615534381858158175e-02,-8.726251841571407153e-02,-1.000000000000000000e+03,-9.398069236329009701e-02,-9.990000000000000000e+02,-9.990000000000000000e+02,-9.990000000000000000e+02,-9.990000000000000000e+02,-9.990000000000000000e+02,-1.000000000000000000e+03
-9.556450524348318598e-02,-1.000000000000000000e+03,-9.990000000000000000e+02,-9.990000000000000000e+02,-1.000000000000000000e+03,-1.294356491927038944e-01,-9.990000000000000000e+02,-1.000000000000000000e+03,-6.785313841950495195e-02,-1.607476498720534497e-01,-8.771021873813966696e-02,-2.342372895431066582e-01,-9.990000000000000000e+02,-9.990000000000000000e+02,-1.007690084544415193e-01,-9.293992190958801081e-02,-9.990000000000000000e+02,-9.729440071262712708e-02,-6.084926081739121945e-02,-1.000000000000000000e+03,-5.484163439237545873e-02
-8.670456825898824327e-02,-9.990000000000000000e+02,-1.000000000000000000e+03,-6.058282926943855951e-02,-9.990000000000000000e+02,-5.216680672573867361e-02,-9.990000000000000000e+02,-9.990000000000000000e+02,-6.841082325366089345e-02,-1.000000000000000000e+03,-6.999514638873938210e-02,-9.990000000000000000e+02,-9.990000000000000000e+02,-9.990000000000000000e+02,-7.690872750027855087e-02,-6.756893035392740055e-02,-7.291603660241345597e-02,-7.832452376248322246e-02,-9.990000000000000000e+02,-9.990000000000000000e+02,-1.000000000000000000e+03
-8.966849019174012725e-02,-1.354043603536266016e-01,-9.990000000000000000e+02,-9.990000000000000000e+02,-9.990000000000000000e+02,-7.081902839329863586e-02,-6.513217952850024195e-02,-7.722623438880919788e-02,-1.019570067482157977e-01,-9.005225491980904662e-02,-9.990000000000000000e+02,-9.990000000000000000e+02,-1.000000000000000000e+03,-1.033268420660301001e-01,-1.010992286233372700e-01,-1.615581889608382893e-01,-1.100732784420290905e-01,-1.862361181571713098e-01,-7.883925698468739751e-02,-9.990000000000000000e+02,-9.990000000000000000e+02
-9.990000000000000000e+02,-9.990000000000000000e+02,-9.990000000000000000e+02,-1.588826811758820012e-01,-9.211366150820844700e-02,-9.001482243226434365e-02,-9.990000000000000000e+02,3.786779010699253128e-02,-1.000000000000000000e+03,1.108714227833129673e-02,6.224032865573158463e-02,-1.000000000000000000e+03,-1.278165412501587883e-01,-7.714032496191766675e-02,-5.612070962957561165e-03,-1.084665483990100987e-01,-2.586202330202013733e-01,-2.754428988610476206e-02,-2.422812159281042266e-01,-5.445573994020230096e-02,-1.087664153678257750e-01
-1.000000000000000000e+03,-5.304586633013858021e-02,-6.465105760541438318e-02,-9.990000000000000000e+02,-7.669724866361271598e-02,-1.328505962417577957e-01,-9.990000000000000000e+02,-1.120926514464696266e-01,-9.990000000000000000e+02,-1.282669586472303946e-01,-1.264589073350654846e-01,-4.153288280367165020e-01,-6.449307583711696990e-02,-9.990000000000000000e+02,-5.078828987205925155e-02,-1.167670277256502437e-01,-7.137201835678280704e-02,-1.565172077214204149e-01,-9.451005502322372409e-02,-4.973060656542530739e-02,-3.115802183851537066e-01
-2.726368752583561636e-02,-8.396941003558393291e-02,-9.990000000000000000e+02,-9.990000000000000000e+02,-9.990000000000000000e+02,-2.725383601642473175e-01,-2.936729950710976686e-02,-9.990000000000000000e+02,-1.595619240210615838e-02,-7.580535665585584615e-02,-4.448197971071876644e-02,1.337465665222222801e-02,-6.189536124566760028e-02,-1.000000000000000000e+03,-4.472051488359324312e-02,-2.839662227282553283e-02,1.453068108249387473e-02,-1.159766148893229681e-01,-9.990000000000000000e+02,-2.995191112991653637e-01,-9.990000000000000000e+02
-2.079218208799936407e-01,-9.990000000000000000e+02,-9.990000000000000000e+02,-1.000000000000000000e+03,-2.538382087194017145e-01,-9.404105535177982589e-02,-1.801457260532477178e-01,-1.648425014430559832e-01,-1.000000000000000000e+03,-9.530657664979987065e-02,-9.982215478910112794e-02,-1.000000000000000000e+03,-8.008271936363313415e-02,-9.990000000000000000e+02,3.544900534655270885e-02,-7.348727801777971136e-02,-1.237578970286461882e-01,-1.194382380735048849e-01,-9.990000000000000000e+02,-1.182378834852222393e-01,-1.000000000000000000e+03
-9.990000000000000000e+02,-8.346509295494508596e-02,-5.860295780044375707e-02,-9.990000000000000000e+02,-9.990000000000000000e+02,-8.538041811170000994e-02,-1.927424293177463499e-01,-8.241534762330189612e-02,-1.046120274031668296e-01,-1.000000000000000000e+03,-5.400544597492238502e-02,-9.990000000000000000e+02,-6.011758481920653763e-02,-9.990000000000000000e+02,-6.573303141748441936e-02,-7.299296986531433884e-02,-7.002460963208502476e-02,-1.640955693022256856e-01,-1.316213550850603986e-01,-1.020056411026217663e-01,-9.990000000000000000e+02
-6.814150243147885921e-02,-7.016359769448364536e-02,-7.157627614610249933e-02,-6.321972265388642320e-02,-1.990706174897610425e-01,-6.848742947181088447e-02,-1.843699149942420734e-01,-9.990000000000000000e+02,-1.223616986249710797e-01,-6.856280719250550104e-02,-9.990000000000000000e+02,-6.732375850133777428e-02,-6.210085556077774710e-02,-9.990000000000000000e+02,-9.990000000000000000e+02,5.576984375468933136e-02,-5.126040516024103072e-02,-6.380671734698981079e-02,-1.382734296551721698e-01,-1.000000000000000000e+03,-1.000000000000000000e+03
-9.990000000000000000e+02,-9.990000000000000000e+02,-9.990000000000000000e+02,-9.990000000000000000e+02,-1.285351063298015573e-01,-1.005248729504429200e-01,-9.990000000000000000e+02,-9.990000000000000000e+02,-9.703537747330452656e-02,-1.000000000000000000e+03,-1.000000000000000000e+03,-6.296789905279888411e-02,-5.781124412049912925e-02,-9.990000000000000000e+02,-1.073216522475755608e-01,-1.232154383222428123e-01,-7.945022124255707308e-02,-6.274048028821421763e-02,-5.608039389202532088e-02,-9.990000000000000000e+02,-4.972609382451085441e-02
-6.808042420033097453e-02,-8.431435237055086296e-02,-9.990000000000000000e+02,-1.327402289723833839e-01,-9.990000000000000000e+02,-7.180491651491972827e-02,-1.218336498297735715e-01,-9.990000000000000000e+02,-1.000000000000000000e+03,-8.811930198945801263e-02,-9.990000000000000000e+02,-1.046357216970244947e-01,-5.895891629142254592e-02,-2.874348236985699856e-01,-9.990000000000000000e+02,-5.954777228010681850e-02,-1.000000000000000000e+03,-7.481553390682831040e-02,-8.863797284258766174e-02,-9.341680068043789475e-02,-9.592088076129556828e-02
-1.000000000000000000e+03,-9.990000000000000000e+02,-4.117592331253629861e-02,-9.990000000000000000e+02,-9.990000000000000000e+02,-9.990000000000000000e+02,-1.000000000000000000e+03,-9.990000000000000000e+02,5.142959999841053426e-02,-9.255990378158067411e-02,-9.990000000000000000e+02,-1.000000000000000000e+03,-9.990000000000000000e+02,-1.000000000000000000e+03,-8.908386120215971982e-02,-1.000000000000000000e+03,-9.990000000000000000e+02,-9.990000000000000000e+02,9.006056278733772305e-03,-9.990000000000000000e+02,-1.732879164054761667e-01
-5.402181850212691566e-02,-4.856647680596095501e-02,-9.990000000000000000e+02,-9.990000000000000000e+02,-1.000000000000000000e+03,-9.990000000000000000e+02,-2.721307908159490974e-01,-1.000000000000000000e+03,-5.692239924853089578e-02,-1.915290660805074596e-01,-9.990000000000000000e+02,-1.000000000000000000e+03,-1.404471433597833940e-01,-3.008923405026073250e-01,-9.990000000000000000e+02,-1.269111663753641484e-01,-1.177602924203027118e-01,3.322138420355322946e-02,-9.990000000000000000e+02,-9.990000000000000000e+02,-9.990000000000000000e+02
3.470156655693665965e-02,5.610782713640996566e-02,-1.000000000000000000e+03,-2.745707318100181760e-01,1.063026171274421006e-01,1.326628618913850699e-01,6.138848987233871263e-02,9.809466495365760930e-02,-1.560266207092166069e-02,-2.611625895962370672e-02,6.986336524014201410e-02,-4.188815184526713947e-02,-9.629945118081710553e-02,-1.286184942250700319e-02,9.307268939100854510e-02,7.900057784915623382e-02,5.576445219403244197e-02,7.320810185025344863e-02,8.998230086715890141e-02,4.745759991537945588e-02,-9.990000000000000000e+02
-1.000000000000000000e+03,-1.690666021730966584e-01,-3.529701023374494095e-01,-7.093587604136575298e-02,7.163090433939213464e-02,-2.514087121538638100e-02,-1.410559756475349980e-01,4.285823686134567628e-02,6.357841931214953946e-02,9.149371823481666777e-02,1.049791176467481796e-01,-7.758752128520429725e-02,2.643401478622990283e-02,-9.990000000000000000e+02,8.337985225352051444e-02,2.467096548233059430e-03,2.390119108055245578e-02,5.266076421012116232e-02,1.312171354709580628e-01,8.611252041431734228e-02,-1.127153666982433772e-01
-1.635827583335527219e-02,2.870141070338901382e-02,3.818928349543295603e-02,-1.000000000000000000e+03,8.939022690859652065e-03,2.880463331619568731e-02,-1.606771511951110912e-02,-1.269794789830271664e-01,5.809647519992369030e-02,-1.112150298449333802e-01,-2.596911352472524095e-02,4.722469532642541851e-02,6.241667839519689231e-03,2.597480610074862084e-02,-1.744953102350998986e-02,-2.753503639952646284e-02,-2.145206231537294048e-02,-8.959002711038764610e-02,-9.990000000000000000e+02,1.083311801815485670e-01,-9.990000000000000000e+02
-8.806947250559953033e-02,5.141410596743437728e-02,-9.990000000000000000e+02,-1.000000000000000000e+03,9.971427538095255574e-03,-6.484322406476013267e-03,3.129930247490728817e-02,-1.416789349707094949e-02,2.495800128236065271e-02,-5.051305484574945132e-02,-1.000000000000000000e+03,4.679492005368000168e-02,1.282731553098099275e-01,-9.457286240204920702e-02,5.350421435559613720e-02,2.505745749192337182e-02,2.302689004943974174e-02,-1.000000000000000000e+03,-1.396251408935494411e-02,4.828918909820290907e-03,-3.030040032359497815e-01
2.637871200764416169e-02,-9.990000000000000000e+02,9.832167336791330925e-02,-1.000000000000000000e+03,-4.948511207988765155e-03,5.232442654125096099e-02,2.285200166440060077e-02,3.655135428523149238e-02,6.206355140219720762e-02,5.964489553933559514e-03,4.398893270828211494e-03,-8.290215617846809215e-02,4.573388729390950869e-02,-4.841037207421921076e-03,6.730587911726994277e-02,-1.055220344516583607e-02,-4.950811464191132161e-02,3.986601468230615945e-03,-8.604649719917066520e-04,-3.401117592556096580e-02,-9.536624377359841087e-02
-6.663305736372253374e-02,-2.013222685839480830e-01,-1.338820908361081086e-01,-1.222057127804921511e-01,-9.035834765867740981e-02,-1.000000000000000000e+03,-7.264325687173522894e-02,-9.546943598213687709e-02,-1.027844665531381790e-01,-1.214939019614257321e-01,-1.019771376481410502e-01,-8.849565436082323933e-02,-3.979681426828221569e-02,-1.218674363334302235e-01,-1.642515800749804189e-01,-8.928399899279458596e-02,-8.017513425121659820e-02,-1.261286018422026478e-01,-1.649380937533056757e-01,-1.485922833188720871e-01,-6.456498787265370354e-02
4.802201155513306091e-02,4.618445903568274558e-02,-1.000000000000000000e+03,-3.809639623761163635e-02,1.473843072564572365e-01,1.248309445663548477e-02,3.982776712909235489e-02,1.037234951997578619e-01,6.726084704347896903e-02,8.042941667141191575e-02,6.377234198064272996e-02,-5.493319325757859556e-02,6.733471208083226245e-02,4.385894550730167624e-02,1.140842057816024296e-01,2.587710787669619816e-02,6.332494869929684855e-02,1.060570554364726470e-01,4.965854758129170654e-02,7.905340859113731133e-02,-8.139261959575400107e-02
-9.266225741187399112e-02,-2.375067488133278046e-02,-9.990000000000000000e+02,-1.704072559914188434e-01,-1.181718359332092488e-01,-1.094255819777875532e-01,-1.627070853403802531e-01,-1.001752187625346013e-01,-1.078913798455560374e-01,-1.677969529152857353e-01,-1.746934022244193974e-01,-9.990000000000000000e+02,-3.019662747856264318e-01,-8.982883418629521166e-02,-9.222306130933584367e-02,-9.654381395430611246e-02,-1.000000000000000000e+03,3.282209284073630412e-02,-8.592578098718062218e-02,-9.990000000000000000e+02,-9.990000000000000000e+02
-1.335629288743076792e-01,-7.694418140214825952e-02,-5.191608764125762304e-02,-6.493418434285826157e-02,7.248312991890899781e-02,-9.990000000000000000e+02,-1.000000000000000000e+03,-6.095061976379534396e-02,-3.376057998309595770e-02,-1.497958161390767519e-02,-6.419605346090551112e-02,-1.107598841478238255e-01,-1.128947967540484126e-01,-1.087583141839435497e-01,-7.026445546057952414e-03,-1.161987470599536859e-01,-1.013862688374871507e-01,-1.960870570690254402e-02,6.613949357078278968e-02,7.647699299962883168e-02,-2.084027255451923466e-01
-9.030104419631231061e-02,-1.000000000000000000e+03,-1.667561815090854715e-01,-9.990000000000000000e+02,-1.000000000000000000e+03,-1.189319276162579958e-01,-7.875477888552616379e-02,-1.000000000000000000e+03,-1.824117785113839318e-01,-2.867780834939474555e-01,-1.750605348689630025e-01,-1.030668833821392766e-01,-1.716495966503352733e-01,-9.990000000000000000e+02,-7.833321387136225888e-02,-7.179434399602462047e-02,-9.977167520668106526e-02,-7.233824795294613308e-02,-5.642171391867421143e-02,-1.000000000000000000e+03,-5.062398757594749332e-02
-1.929090745207327762e-01,-1.591741245025151130e-01,-5.720775054530772424e-02,-2.182433371610401629e-01,-7.204340312613506658e-02,-7.431769184230935243e-02,-8.633348039873527113e-02,-7.858251627701355602e-02,-6.125624603190632511e-02,-1.163114574185806771e-01,-9.813858395087682318e-02,-9.612458470784553122e-02,-1.000000000000000000e+03,-9.990000000000000000e+02,1.668143748353205502e-02,-9.990000000000000000e+02,-1.226828261039910606e-01,-1.612123334096187965e-01,-1.172831071375696615e-01,-7.561886280351164114e-02,-8.554262152628526461e-02
-8.163678294104430647e-03,1.014411518668064359e-02,-1.000000000000000000e+03,6.205648839544777168e-02,-7.556880471620805451e-02,-1.022232233867242795e-01,2.075205318439934249e-03,-5.374797810980592311e-02,-4.447647330284058148e-02,-8.928976430422131891e-03,1.493512423893669609e-02,-3.801667183813852574e-02,8.001468284269520545e-03,3.941213377785821731e-02,3.983391786143829910e-02,-4.134257423631013811e-02,-8.958308646313151158e-02,-3.193780027946706984e-02,4.525498076595341375e-03,-8.527968942087611748e-02,-5.258847809369970872e-02
-1.000000000000000000e+03,-2.004085809537662632e-01,-1.000000000000000000e+03,-9.990000000000000000e+02,-1.020203027695936772e-02,-5.173294249558682556e-02,-9.990000000000000000e+02,-1.284822956702611763e-01,-1.123402844893753860e-01,-1.162264980130278680e-01,-1.030746353567533885e-01,-1.000000000000000000e+03,-8.861211853093298174e-02,-7.456151683120888773e-02,-9.990000000000000000e+02,-1.174610684893631768e-01,-1.161386132346435146e-01,-1.628957729657326270e-01,-2.363503916619997744e-02,-1.000000000000000000e+03,-1.000000000000000000e+03
-9.990000000000000000e+02,7.707605665582525911e-03,-1.000000000000000000e+03,-1.000000000000000000e+03,-7.980344858416042741e-02,-9.990000000000000000e+02,-1.861582619302551075e-02,-5.786557775430451606e-02,-1.240124420973880842e-02,-3.593286267779032678e-02,-9.990000000000000000e+02,4.947969694702705756e-02,-9.220261144337393855e-02,-1.000000000000000000e+03,-8.190098070263612459e-03,8.892615625945331573e-03,-2.629255677193696739e-02,-5.445734931428534292e-02,-9.990000000000000000e+02,-9.990000000000000000e+02,-1.000000000000000000e+03
-1.200591003945743196e-02,2.013241663381332494e-02,2.087480902294180582e-02,-7.876311978745705045e-02,6.989123021107990219e-03,1.445743093154719904e-02,-7.430918366572530909e-03,-1.286916632650215346e-03,-2.227494917335592906e-02,-2.737898172150386375e-02,9.619206858406366759e-03,-7.977640919909186057e-02,-1.000000000000000000e+03,1.062191685494440034e-02,1.175608850803316766e-03,-1.817467299805219580e-02,1.079631991516911971e-02,-1.196638997384392826e-02,-3.812567965072780757e-02,-6.459577874670562742e-03,-8.837313387035826417e-02
2.471005106577401148e-02,-5.190215620377733319e-02,-1.000000000000000000e+03,-2.186658776396404810e-02,-4.905168178492419484e-02,1.606146523490027331e-02,-5.440491699160972944e-02,-6.698130379172546889e-02,1.996706894852795164e-02,-3.840474687961762529e-02,-9.990000000000000000e+02,3.727023835108961292e-02,-6.629216169205011389e-02,-5.490529916480549333e-02,-7.169428342826734968e-02,1.120879062511019597e-02,1.031776582765053796e-02,-7.615529877735253972e-02,-5.239275912771840238e-02,-6.948544117887787974e-02,-9.990000000000000000e+02
-1.072321264162748727e-01,-9.990000000000000000e+02,-1.000000000000000000e+03,-2.154566859608648965e-02,-1.284529384197279356e-01,-5.023850677749214927e-02,-8.250873731615614159e-02,-2.554954769678273105e-02,-7.931679822420861737e-04,-5.197262778220779200e-02,3.362359693480977598e-03,-5.376942429178883237e-02,-1.791411070614329082e-01,4.040834942341371000e-02,-1.333505877924505423e-01,-8.129872022894724104e-02,-3.693420256020844145e-02,-1.223902083778113520e-01,-9.990000000000000000e+02,-9.739538020194593582e-02,-9.990000000000000000e+02
-1.623550114273550893e-01,-3.225157851426804223e-01,-1.213935624128469337e-01,-9.990000000000000000e+02,-7.321209004026656142e-02,-3.510866108773294525e-01,-1.627699962975901193e-01,-1.005271666264440783e-01,-1.187075054295111259e-01,-9.752200018683926386e-02,-2.173415843504745981e-01,-1.180539487253839531e-01,-1.014831081784862282e-01,-9.032350852412246445e-02,-1.269809489378542489e-01,-7.983898131594099890e-02,-1.088921578273692042e-01,-1.007907131890197344e-01,-1.000000000000000000e+03,-8.691703617416322858e-02,-9.990000000000000000e+02
-1.077271822102836459e-02,-9.990000000000000000e+02,-2.901141524581065181e-02,-1.000000000000000000e+03,-2.871304595902820448e-03,-1.283396796541447504e-01,-1.005798536821190109e-01,4.146677728504307575e-02,-6.535614611465891122e-02,-1.513099915065791064e-02,-1.165024188220047802e-01,6.098221735418210727e-03,-4.389967916055177027e-02,-4.622757782852527503e-02,4.660173578466830779e-02,-4.228040371851063406e-02,1.701624551104251662e-02,1.047613295896895891e-02,-7.343590991552553793e-02,9.300621486579606356e-02,-9.942154851667983628e-02
1.221785126637067037e-02,6.673517853392051113e-02,-2.384992481929245345e-01,-6.331185129380602350e-02,-1.148079943502833405e-01,-1.583569671340070706e-01,-7.350359621890724393e-02,5.455494160893522432e-02,-4.174315340037635519e-02,5.924411269838424261e-03,-7.634463901619158166e-02,-5.492565237718950028e-02,-1.828427128580921782e-02,3.354501877085866446e-02,1.443767888864248145e-02,-1.000000000000000000e+03,-2.669709137447742395e-02,5.270579917217244059e-02,-3.457402681067475725e-01,-1.077261053102385735e-01,-2.367521729715341972e-01
-1.288204607598990026e-01,-8.010240650196136236e-02,-9.709322487296499771e-02,-8.512708759495850319e-02,-8.366858819429008609e-02,-9.889218030594366937e-02,-6.565011883875766785e-02,-3.494309088844774203e-02,-5.894217749516619115e-02,-1.090140346376613917e-01,-5.755338341819846160e-02,-1.048507526503651838e-01,-9.990000000000000000e+02,-7.314760724502730738e-02,-6.979218875750070605e-02,-1.835403935955318977e-01,-5.495212250414142213e-02,-1.000000000000000000e+03,-9.990000000000000000e+02,-1.641867583122485208e-01,-9.110302268882440602e-02
-1.487939228100476352e-01,-1.000000000000000000e+03,-9.990000000000000000e+02,-9.990000000000000000e+02,-1.000000000000000000e+03,-9.112627480344163977e-02,-9.990000000000000000e+02,-9.990000000000000000e+02,-1.642767892463760926e-01,-2.638947912870561185e-01,-7.882319508731598645e-02,-1.475097263621497901e-01,-2.131849071240997651e-01,-9.990000000000000000e+02,-1.025679667555873947e-01,-1.000045253471003037e-01,-1.719672686430287756e-01,-7.989846364841705906e-02,-4.404240902184685530e-02,-3.416818270751363351e-01,-1.250502303214100497e-01
-6.587741635053669109e-02,-3.205879352737228127e-01,-1.000000000000000000e+03,-5.783223000622225024e-02,5.658652812361043144e-02,-9.142549911880058777e-02,-9.990000000000000000e+02,2.510578771095069509e-02,-3.802691390554679279e-02,-3.737091650072952437e-02,3.790122996321061005e-02,-1.338822266982227782e-01,-1.297698294969870381e-01,2.349453139672482219e-02,2.288886989905051031e-02,-1.000000000000000000e+03,-9.990000000000000000e+02,3.825452649807980360e-02,5.475029459534378612e-02,-9.990000000000000000e+02,-9.990000000000000000e+02
-9.990000000000000000e+02,-8.179685891994574465e-02,-1.150397225306717813e-01,-1.000000000000000000e+03,-9.990000000000000000e+02,-8.785500673664577154e-02,-9.990000000000000000e+02,-9.990000000000000000e+02,-1.765005273700103461e-01,-9.023156847414748327e-02,-6.492804934543000561e-02,-6.968022266426006361e-02,-7.411994177983920185e-02,-9.990000000000000000e+02,-7.299105925518860338e-02,-8.604263340785567316e-02,-1.327748566094977545e-01,-9.344341739043769690e-02,-9.990000000000000000e+02,-1.471386900899153971e-01,-9.990000000000000000e+02
-9.990000000000000000e+02,-9.377886320003807341e-02,1.749588721701743690e-02,-1.000000000000000000e+03,-1.000000000000000000e+03,-5.515266222729465345e-02,-2.722619717626106883e-02,-1.220192789334951927e-01,-2.162095850479246392e-02,-4.769696281551625422e-02,-3.236213174268390974e-02,-7.100625921818894126e-02,-6.308119518141928894e-02,-9.990000000000000000e+02,-6.328997754112306029e-02,-5.253344653276677961e-02,-4.706066531043121698e-02,-1.931288769543727524e-01,-3.499960774592421765e-03,-1.621223864906161383e-02,-9.303733736317980341e-02
-9.990000000000000000e+02,-9.990000000000000000e+02,-9.990000000000000000e+02,-9.990000000000000000e+02,-1.001921018097935018e-01,-6.922939240820952245e-02,-1.000000000000000000e+03,-1.202598882441427847e-01,-1.024324576149810290e-01,-1.471487977470956887e-01,-2.829650366804631889e-01,-4.424524828018988609e-01,-9.990000000000000000e+02,-1.000000000000000000e+03,-1.043640402614876422e-01,-7.707115660072606789e-02,-1.405507589506878041e-01,-1.972018453451110931e-01,-9.990000000000000000e+02,-7.714764514238599269e-02,-9.190530906305770242e-02
3.929871263326886049e-02,-9.990000000000000000e+02,-1.000000000000000000e+03,-1.833093319378918326e-02,5.908959490618052174e-02,1.008627490673337469e-03,5.448022634227281391e-02,4.685282969916238632e-02,-1.350316718052667862e-02,6.712914708113426610e-02,-6.400266610395255462e-02,-1.387963177059683140e-01,5.322508310468987425e-02,1.451756440573768146e-02,5.791249032952494602e-02,8.458420768933601341e-02,-2.542119348248067512e-02,-1.606365634721993244e-02,-1.226786279933826142e-02,3.751637464943324840e-02,-6.633804879548869937e-02
-1.000000000000000000e+03,-9.990000000000000000e+02,-2.475606175791185970e-01,-9.990000000000000000e+02,-2.067642285821234827e-01,-8.931873982571041093e-02,-9.533388068013610994e-02,-8.909449321290317803e-02,6.129015630939369137e-03,-7.430587207940797523e-02,-9.990000000000000000e+02,-1.069807450281782951e-01,-5.046648774641027818e-02,-3.328370856441573156e-02,2.740145552836652232e-02,-5.441811646990676182e-02,-1.707496201376528522e-01,-6.464399032317508231e-02,-7.797882740689882075e-02,-9.990000000000000000e+02,-2.677241360895092903e-01
-9.990000000000000000e+02,-1.000000000000000000e+03,-1.000000000000000000e+03,-1.698593569058612918e-01,-1.009570108167904268e-01,-1.240896966694396419e-01,-6.493823336120131684e-02,-9.990000000000000000e+02,-7.386762490689403882e-02,-7.025660730292876410e-02,-8.905017461525788214e-02,-7.985708427321237812e-02,-1.969838295012570073e-01,-2.409049721231412144e-01,-1.784786588510762773e-01,-1.517730366695699551e-01,-1.931298244064074687e-01,-1.002179066971589511e-01,-2.015626068941865912e-01,-9.990000000000000000e+02,-2.309526667483651485e-01
-1.000000000000000000e+03,-2.126139130037348890e-01,4.408888897364912109e-03,2.486295833601133778e-02,-1.919116423463702870e-02,-4.260366128019582588e-02,1.993633893115335717e-02,-2.465140498534448832e-02,-2.175307868557513000e-02,-1.332274969133263876e-02,-1.980286288990269414e-02,-3.078580419272667831e-02,-1.082406035546239383e-02,-2.009546330575325349e-02,-5.033649275539712337e-02,-3.131938890475305381e-02,-2.743397622117334927e-03,-6.363762963866070876e-02,-7.259169384347833286e-03,-4.946046962382485285e-02,-1.699371159494170447e-01
-9.990000000000000000e+02,-9.990000000000000000e+02,-1.756971753204676981e-02,1.849885520473150760e-02,5.642670528220278085e-03,-7.305743109421718173e-02,-1.000000000000000000e+03,-1.174042245848902141e-03,-4.074244360682636318e-02,-9.496162686188218058e-03,-3.218743784465766949e-02,2.863113025195732683e-03,-1.025158239245935604e-01,-1.000000000000000000e+03,-1.307617945737529486e-01,-4.956212888715739312e-02,-4.976015677796315033e-03,-6.226666540695303259e-03,-2.217002827001257267e-02,-9.072823956345736629e-02,-2.481562437773503771e-01
-6.717821242096688739e-02,-1.025241735330858078e-01,-1.000000000000000000e+03,-1.023776502697350127e-01,-1.033950297418737424e-01,-9.044164763525051887e-02,-7.502570662674208635e-02,-1.000000000000000000e+03,-4.620120395153711756e-01,-9.728517209793639819e-02,-8.604154092536074605e-02,-1.000000000000000000e+03,-9.665728345813674738e-02,-9.954789761673200899e-02,-9.468394583899358841e-02,-8.684107767744435324e-02,-1.758384878865757728e-01,-1.202569340324540770e-01,-9.990000000000000000e+02,-9.990000000000000000e+02,-6.962718465277445423e-02
-2.225596414920285593e-01,2.503166389647945578e-02,-9.292295817383174061e-03,-6.812547818775560593e-02,-9.075743493195635725e-02,-5.356594455589256537e-02,-2.079499077051246980e-01,-2.751411860949599594e-02,-1.114796985134001127e-02,1.603338238529935025e-02,-4.431529102667241811e-04,-3.665155255037977344e-02,2.329343301692774967e-02,-9.990000000000000000e+02,2.772057450273789081e-02,-1.000000000000000000e+03,-8.624191502706464452e-02,4.285550279776462364e-03,-6.682266582768221774e-02,-9.990000000000000000e+02,-7.277512345073368361e-02
-9.990000000000000000e+02,-4.361520389683012922e-02,-1.000000000000000000e+03,-9.990000000000000000e+02,-2.200507912640789487e-02,-9.675749249261889062e-02,-1.000000000000000000e+03,-6.375994504700577270e-02,-1.288630893339633154e-01,-4.224832464464898379e-02,-9.990000000000000000e+02,-1.510084440615368229e-01,-2.424611586612819003e-01,-1.483476130059193931e-01,-2.549109616953693092e-02,-8.806366901556010596e-02,-1.447061883915070346e-01,-8.447826086788590150e-02,-5.072012232352793998e-02,-2.009797378910156418e-01,-1.664808668330166330e-01
-1.864428103508258480e-02,-2.561171821197529008e-02,-9.990000000000000000e+02,-9.990000000000000000e+02,-1.493407478326853333e-01,-5.738168932856711063e-02,-8.937663786005665967e-02,-1.000000000000000000e+03,-3.726341618448896637e-02,-1.658424169645906499e-01,-2.702416517267743346e-01,1.031667374072666593e-02,-6.865499842436904865e-02,-1.000000000000000000e+03,-3.102181980733496880e-02,-1.000000000000000000e+03,-1.418601065945538087e-01,-1.292611893688464242e-01,-1.154787767770648621e-01,-1.276019694374696256e-01,-9.990000000000000000e+02
-9.990000000000000000e+02,-9.990000000000000000e+02,-9.990000000000000000e+02,-1.066119579769543996e-01,-5.296062516101227718e-02,-6.432542506191051002e-02,-9.990000000000000000e+02,-1.018586453297560812e-01,-6.781684176962946009e-02,-7.009126508503739361e-02,1.871752761285222152e-02,-8.793754102890993796e-02,-9.276999301257625452e-02,-9.990000000000000000e+02,-2.187850001548699852e-01,-1.858047108788053181e-01,-9.817443315141761995e-02,-7.361311062217583412e-02,-8.038345606235559881e-02,-1.000000000000000000e+03,-1.000000000000000000e+03
-4.554503764640138730e-02,-1.000000000000000000e+03,-8.779263646265790533e-02,-8.022864866708602494e-02,-3.226037560409320548e-01,-1.355406954422883337e-01,4.438509773761274008e-02,-2.351512987759342768e-02,-9.388348310821236289e-03,-9.764521177006701145e-04,5.177312088735436246e-02,-5.776515533426745952e-02,-6.158654022951189771e-02,-3.707354142736097452e-02,2.954732783523493847e-02,-5.372559373796761267e-02,2.634024206671219462e-02,-3.084456654733495895e-02,1.053685767476243533e-02,-2.043039666275450750e-02,-9.990000000000000000e+02
-9.990000000000000000e+02,-9.990000000000000000e+02,-9.990000000000000000e+02,-1.220927752339396738e-01,-1.000000000000000000e+03,-1.251644269518132346e-01,-7.929266787765756885e-02,-9.990000000000000000e+02,-1.234624554883478192e-01,-8.417833931738005759e-02,-5.854012563333303026e-02,-9.868446306281380975e-02,-2.152276843038241072e-01,-9.990000000000000000e+02,-1.100107948678299835e-01,-1.178658441482077351e-01,-1.349433994374162615e-01,-1.271555462615390486e-01,-7.339701481965975327e-02,-2.182027374087834870e-01,-8.959182084478324593e-02
-7.079291745536647751e-02,-1.052913025470626901e-01,-1.000000000000000000e+03,-1.000000000000000000e+03,-9.990000000000000000e+02,-1.699063761120678251e-01,-5.956630867181387373e-02,-1.084439470589223520e-01,-1.938732075879211481e-01,-2.404137718533891077e-01,-9.990000000000000000e+02,-1.475142613481611187e-01,-1.397982565513558317e-01,5.832802448739780182e-02,-3.868921415265191843e-02,-5.344891385913561055e-02,4.454521796957291307e-02,1.213302595384583432e-02,-9.990000000000000000e+02,-9.990000000000000000e+02,-1.000000000000000000e+03
-1.318618413066047212e-01,-9.990000000000000000e+02,-6.440204663848166089e-02,-2.118745103572746979e-01,-9.990000000000000000e+02,-9.736003704328617669e-02,-1.305757407591357777e-01,-1.000000000000000000e+03,-9.990000000000000000e+02,-1.254712032792003329e-01,-1.000000000000000000e+03,-1.734792098671427973e-01,-1.012887271650482618e-01,-9.688690522153813045e-02,-9.077228466149145358e-02,-1.778652394008808368e-01,-9.492053635555086633e-02,-4.410058029387860928e-02,-1.056568132118947262e-01,-9.990000000000000000e+02,-8.139339921890643981e-02
-1.444606508408711465e-01,-1.676514099780429812e-01,-1.000000000000000000e+03,-9.990000000000000000e+02,-9.701126394480381887e-02,-8.201795495042059347e-02,-1.861298158601721042e-01,-8.722843014894443581e-02,-1.445730527840902446e-01,-1.000000000000000000e+03,-1.000000000000000000e+03,-1.110031263061842105e-01,-1.437747191863729956e-01,-1.000000000000000000e+03,-8.933798361724375192e-02,-8.615269133437158944e-02,-7.454753041866445107e-02,-1.997863359496840907e-01,-9.990000000000000000e+02,-1.241012203886414644e-01,-9.990000000000000000e+02
-7.196246771554550004e-02,-9.990000000000000000e+02,-2.662709649022563796e-01,-1.000000000000000000e+03,-1.376695335134453003e-02,-7.670539975321621906e-02,3.310597839625534222e-02,4.570645179264653385e-02,-8.593989485632587758e-03,4.778117427178297377e-02,2.452848961305087450e-02,-5.608816734090637385e-02,-7.582824129486752385e-02,-6.715241829943570384e-02,-1.470224213148513259e-02,-4.502559549983461279e-02,4.744991781195584402e-02,4.453749565019606699e-02,-2.194976917911755851e-02,-6.138490962775466691e-04,-9.990000000000000000e+02
-7.569112193357262208e-02,-1.777854173602125554e-01,-9.990000000000000000e+02,-9.990000000000000000e+02,-6.883213935330724509e-02,-6.008738251611809300e-01,-9.990000000000000000e+02,-9.990000000000000000e+02,-5.488932411101108549e-02,-8.448533581437850382e-02,-1.152619166486989477e-01,-8.121332468026698503e-02,-1.220534211269343333e-01,-9.990000000000000000e+02,-1.000000000000000000e+03,-8.419845971858024025e-02,-9.089697753379422096e-02,-1.495469339112838192e-01,-9.990000000000000000e+02,-6.505609501767641023e-02,-9.990000000000000000e+02
-7.624551119990637116e-02,-1.136630545583241642e-01,-1.314783549967109000e-01,-9.990000000000000000e+02,-1.649145938201082850e-01,-2.706786383022952713e-01,-9.503738599783111141e-02,-5.604410590658464447e-02,1.039325129075138916e-02,-1.090976422636143056e-01,-9.457114976261477013e-02,-7.153640370999544973e-02,-1.302580478109357787e-01,-9.990000000000000000e+02,-1.000000000000000000e+03,-7.507017286194743455e-02,-8.535442438697787848e-02,-7.283095602971416394e-02,-2.035635640744481722e-01,-2.645316380214955410e-01,-9.990000000000000000e+02
