1.119584020419442253e-03,9.554817752727291476e-04,0.000000000000000000e+00,6.746105609048209072e-03,1.792137472806134592e-03,2.691833768403243624e-03,0.000000000000000000e+00,2.415989972730719709e-04,4.421078045138278692e-03,2.314994393098084805e-03,0.000000000000000000e+00,5.542726765105907873e-03,8.329874367808349014e-03,3.299178603704877588e-03,2.000480616838738734e-03,7.184890077322896333e-04,2.680898833054291483e-03,1.937117551530282734e-03,2.104615947925242425e-03,2.485267074247323339e-03,6.885500832656855051e-03
0.000000000000000000e+00,1.494365660033090135e-03,5.839805042228096016e-03,3.701982486788624096e-03,2.408735528684817842e-02,1.565298588408412395e-03,4.694978417976608878e-03,0.000000000000000000e+00,4.323250560292471109e-03,2.994136453734007504e-03,5.922965955610203469e-03,0.000000000000000000e+00,3.345663709413478504e-03,0.000000000000000000e+00,3.518086669273242859e-03,3.616092911472633484e-03,6.706818197696376438e-03,3.128975905308436275e-03,3.395079843420050012e-03,4.172634622372528232e-03,6.040178326280713599e-03
1.059123764866973412e-02,0.000000000000000000e+00,5.012946397510601587e-03,6.215748640555482894e-03,1.522031174674886179e-03,1.861732338833769693e-03,4.254895713461374039e-03,4.380017213467783319e-03,4.962048904451447917e-03,2.734683864914150189e-03,3.996035499305557182e-03,5.001690415243376618e-03,2.454763643377202639e-02,1.117085479411513045e-02,2.963290649248228031e-03,0.000000000000000000e+00,3.894762621974085914e-03,2.715990144002565238e-03,4.601391449285314496e-03,1.070595190759733757e-02,1.842703817959977924e-02
4.640380281851262320e-03,0.000000000000000000e+00,0.000000000000000000e+00,7.584274869096187602e-03,3.513783091668447496e-03,1.836912171294957609e-03,9.879948494470004380e-03,1.858017927838663975e-03,4.880189264414815618e-03,0.000000000000000000e+00,5.907272286503562281e-04,4.303653458357341831e-03,2.597059493494442012e-03,0.000000000000000000e+00,3.217079200371464505e-03,8.140490506927123768e-03,2.832606961744602893e-03,1.516996566050978932e-03,1.993644662050387314e-03,5.592294907849394876e-03,3.482875458938180721e-03
5.211954433949279701e-03,1.039767881863808835e-02,6.402151789834316029e-03,5.398239424960639800e-04,3.989263156896031594e-03,5.446244818351934219e-03,1.160156298277392056e-02,0.000000000000000000e+00,6.626331036894878707e-03,6.620534095629649132e-03,6.689717129840436205e-02,5.561215103240309092e-03,3.417608109562675269e-03,0.000000000000000000e+00,4.343076399852195159e-03,0.000000000000000000e+00,1.717722541735045797e-03,1.079164479360686379e-02,6.666639195572776101e-03,3.991753646625581867e-03,2.573728894501928644e-03
0.000000000000000000e+00,0.000000000000000000e+00,1.912773837501310047e-03,0.000000000000000000e+00,7.200853148902030577e-03,3.475906314135295428e-03,4.419335458328338753e-03,0.000000000000000000e+00,3.063333994448731810e-03,3.456723744364281672e-03,2.363252051400222334e-03,2.846230484583936720e-03,6.405176361450625779e-03,3.912751880401938755e-03,9.776892486325258411e-03,4.313133095895812369e-03,2.996227738440838170e-03,1.366845030053436732e-03,2.407505274882860286e-03,3.249533419121590060e-03,7.466507367040194076e-03
0.000000000000000000e+00,0.000000000000000000e+00,8.427760650814875368e-03,9.781495021531274453e-03,1.076075306776815357e-02,5.645110468501235435e-02,7.644949836588396490e-03,9.324143880952569588e-03,5.974985087120390261e-03,9.917146526713445376e-03,5.189246792005902491e-03,3.228664935208038194e-03,4.717001393476703656e-03,0.000000000000000000e+00,2.922287684661799886e-03,5.578932560709791953e-03,2.992671055489734468e-03,1.012594998907203128e-02,2.631803469046754829e-03,6.789799930708327255e-03,1.011945621859318759e-02
0.000000000000000000e+00,2.039345360645288506e-03,0.000000000000000000e+00,1.618924438166853552e-02,5.534285942957331041e-03,2.985937264145156842e-03,0.000000000000000000e+00,1.958867403269574405e-03,2.677278381369516212e-03,0.000000000000000000e+00,1.687831653467354110e-03,0.000000000000000000e+00,0.000000000000000000e+00,0.000000000000000000e+00,2.250935441253957333e-03,1.879697575800285975e-03,2.190515994337943056e-02,3.816688120404083777e-03,3.907601072028150935e-03,0.000000000000000000e+00,3.567012766685629093e-03
0.000000000000000000e+00,0.000000000000000000e+00,3.504250088006361299e-03,2.341762444691886796e-02,5.852146965229206368e-03,2.354547803883237991e-03,7.502094273204630744e-03,1.973914549397691454e-02,3.161504267809575174e-03,3.543486761616965446e-03,5.275455828332682902e-03,1.956198595967548887e-03,0.000000000000000000e+00,0.000000000000000000e+00,1.305930132009159965e-03,8.742654560365904813e-04,2.871471378741657725e-04,3.063220135547155710e-03,4.574242422809552192e-03,0.000000000000000000e+00,4.496009179810096963e-03
0.000000000000000000e+00,2.515369699135616526e-03,1.315534609368387495e-03,1.820219557862957959e-03,6.326354000265655732e-04,1.902124871337927420e-03,0.000000000000000000e+00,3.001468095137073758e-03,2.260751126409375669e-03,3.084732398580502990e-03,2.517375881576512393e-03,0.000000000000000000e+00,0.000000000000000000e+00,4.393865186531599140e-04,1.294170639771705534e-03,2.135915714854398715e-03,2.989520236751540532e-03,0.000000000000000000e+00,1.817248777290590223e-03,0.000000000000000000e+00,0.000000000000000000e+00
7.887067031730927991e-03,4.747140922328879457e-03,0.000000000000000000e+00,4.722471736211578466e-03,1.277263133431113043e-02,1.565720899367839796e-03,0.000000000000000000e+00,1.890461555377098701e-02,4.197874622543661463e-03,5.872517133094086808e-03,2.131078279145086178e-03,2.933864694801282483e-04,0.000000000000000000e+00,5.801597050044619841e-03,4.121838575522927990e-03,3.920834015382716579e-03,3.337509481009357133e-04,4.149643771153700526e-03,2.108554638429706307e-02,2.203411900371518919e-02,0.000000000000000000e+00
4.036372254534366551e-03,3.647803333433390083e-02,0.000000000000000000e+00,0.000000000000000000e+00,5.469495844033923915e-03,8.982674084171001286e-03,0.000000000000000000e+00,0.000000000000000000e+00,0.000000000000000000e+00,6.044518283299824164e-03,3.112770892991329266e-03,6.322252670471557173e-03,6.316267065091443061e-03,4.894134965530478991e-03,0.000000000000000000e+00,3.288317427531141802e-03,2.294922858693321244e-02,0.000000000000000000e+00,4.834925557722311376e-03,0.000000000000000000e+00,0.000000000000000000e+00
3.547057261208760946e-03,0.000000000000000000e+00,4.714018418504336595e-03,1.771589374306673610e-03,2.770928531737258584e-03,4.357300678187969907e-03,2.483255277806271661e-03,0.000000000000000000e+00,0.000000000000000000e+00,3.811335818439145779e-03,0.000000000000000000e+00,4.384017548477546836e-03,1.172407013022041655e-03,0.000000000000000000e+00,0.000000000000000000e+00,5.079283729657671498e-03,1.732200022101030353e-03,0.000000000000000000e+00,3.841467727633637256e-03,0.000000000000000000e+00,0.000000000000000000e+00
2.294809996628818446e-02,0.000000000000000000e+00,0.000000000000000000e+00,0.000000000000000000e+00,0.000000000000000000e+00,2.500552684525322346e-03,0.000000000000000000e+00,0.000000000000000000e+00,4.282887942672063651e-03,4.579926540862842149e-03,0.000000000000000000e+00,2.992304301977669057e-02,6.333847026272838160e-03,0.000000000000000000e+00,5.081057029753481948e-04,5.135708368467247278e-03,5.381260096860220055e-03,5.118741991369295252e-03,3.379393792208124254e-03,0.000000000000000000e+00,0.000000000000000000e+00
7.894940499079616814e-02,0.000000000000000000e+00,2.085374331796932892e-02,1.176624252701579092e-03,2.534911748721951127e-03,0.000000000000000000e+00,2.827279634761973789e-02,0.000000000000000000e+00,5.530111831021955991e-03,2.603815208233996228e-03,1.821792708551699764e-03,1.012929306280297738e-02,1.900585456066673567e-03,7.300336719524559009e-03,4.190647097786535415e-03,3.339190061260066157e-03,1.988763578487914418e-03,1.188067725904086609e-02,8.058495159041119404e-03,0.000000000000000000e+00,0.000000000000000000e+00
4.441516292989558350e-03,2.080866746215295510e-03,0.000000000000000000e+00,2.431255195204592295e-03,1.290550993423138573e-03,3.326554000305700573e-03,0.000000000000000000e+00,2.734722387987340800e-03,1.445932206675040830e-03,1.451762897568719107e-03,0.000000000000000000e+00,2.448118078719774618e-03,3.712888957144846579e-03,7.530645859816499340e-04,7.702332279543669131e-04,2.161735860272757676e-03,3.997347628884631056e-03,2.072371207162965970e-03,2.091370503331684005e-03,5.405851789527476095e-03,2.571568624282611921e-03
3.701214460363464777e-03,5.584478147326587053e-03,0.000000000000000000e+00,0.000000000000000000e+00,0.000000000000000000e+00,4.170060566027903107e-03,0.000000000000000000e+00,0.000000000000000000e+00,4.553220104308770139e-03,2.880636723668072736e-03,0.000000000000000000e+00,1.394045566136480584e-03,8.429215210603746566e-03,0.000000000000000000e+00,0.000000000000000000e+00,5.122893416500400900e-03,7.751974709383057521e-03,3.861923428753858550e-03,1.745494098095314852e-03,0.000000000000000000e+00,3.123801707732665536e-02
6.143980852807795143e-03,1.686323303225411435e-02,0.000000000000000000e+00,3.118950004379494705e-03,4.557644153142238926e-03,1.528822279749465340e-03,0.000000000000000000e+00,0.000000000000000000e+00,2.938299282764168102e-03,7.344476287099280937e-03,4.155876136261811050e-03,0.000000000000000000e+00,0.000000000000000000e+00,4.013691968530099657e-03,5.759422668607929591e-03,9.472947564642437632e-03,0.000000000000000000e+00,6.514712051235767125e-03,0.000000000000000000e+00,0.000000000000000000e+00,6.271037353639399153e-03
0.000000000000000000e+00,4.841643387235579181e-03,0.000000000000000000e+00,2.497854891349238649e-03,1.476306927467527621e-03,1.270335326780046206e-03,0.000000000000000000e+00,6.464150488086925148e-03,1.075548476693294385e-03,3.554063359274928051e-03,1.955326470686123610e-03,3.574388993150730016e-03,0.000000000000000000e+00,0.000000000000000000e+00,9.870838849708192097e-04,1.828897407415417927e-03,2.319317287175754957e-03,8.996410563196607230e-03,3.807755899488265462e-03,3.495502734111619741e-03,2.373628359618481717e-03
2.990731303311311342e-03,0.000000000000000000e+00,0.000000000000000000e+00,4.572168579121136181e-03,0.000000000000000000e+00,2.576102001894768016e-03,0.000000000000000000e+00,2.218684632477273527e-03,0.000000000000000000e+00,2.533315754861096333e-03,0.000000000000000000e+00,1.345195426552852312e-02,0.000000000000000000e+00,4.434994850654275581e-03,2.361818945808269714e-03,3.081196680629768279e-03,6.765110731679340773e-03,0.000000000000000000e+00,5.942726230615895042e-03,1.918806864606828477e-02,8.204397722682868835e-03
0.000000000000000000e+00,0.000000000000000000e+00,2.768088186790348959e-03,0.000000000000000000e+00,0.000000000000000000e+00,4.681559247455864894e-03,4.502906455665052661e-03,0.000000000000000000e+00,4.535678983239073946e-03,2.240940906222170081e-03,8.274170478959111050e-03,5.289727050079123284e-03,0.000000000000000000e+00,4.233001370039771172e-02,3.861519079951422108e-03,3.924372796586333111e-04,9.487814675088086791e-03,3.323721966749083965e-04,6.799146862422640603e-02,1.553814193314155415e-03,1.721052405884578593e-03
1.450940784513325178e-02,0.000000000000000000e+00,0.000000000000000000e+00,0.000000000000000000e+00,6.710268267195013125e-02,8.713697218092094146e-03,1.819878969190043966e-02,0.000000000000000000e+00,0.000000000000000000e+00,6.135015661062942841e-03,6.564001508599225099e-02,3.539451036172479824e-03,5.579308487093875488e-03,0.000000000000000000e+00,4.918796824634938045e-03,0.000000000000000000e+00,3.716109705890815844e-03,0.000000000000000000e+00,0.000000000000000000e+00,0.000000000000000000e+00,0.000000000000000000e+00
9.050729946526133926e-03,0.000000000000000000e+00,0.000000000000000000e+00,5.806101527509201395e-03,4.059464358534127341e-03,1.237157753646769484e-02,0.000000000000000000e+00,7.300896690537342446e-04,5.284329910924074822e-03,5.792238600752476312e-03,7.189136397409526778e-03,0.000000000000000000e+00,3.311769602470637612e-03,0.000000000000000000e+00,3.953850778371820196e-03,5.018663001189081416e-03,3.257855356237732494e-03,3.024902834047772139e-03,1.077689330356065671e-02,0.000000000000000000e+00,0.000000000000000000e+00
3.893410719024878192e-03,0.000000000000000000e+00,0.000000000000000000e+00,0.000000000000000000e+00,0.000000000000000000e+00,2.389667894467570157e-03,1.330301447208752895e-02,0.000000000000000000e+00,2.735776635609606273e-03,0.000000000000000000e+00,1.833742321508433993e-03,5.836849063649789289e-03,6.684536902009471059e-03,0.000000000000000000e+00,3.014610802323028360e-03,2.650028089141435571e-03,0.000000000000000000e+00,2.803772201797871330e-03,0.000000000000000000e+00,0.000000000000000000e+00,5.075741235158307690e-03
3.947750216075189729e-03,0.000000000000000000e+00,1.205763675105106340e-02,0.000000000000000000e+00,0.000000000000000000e+00,9.561329516776123985e-03,0.000000000000000000e+00,0.000000000000000000e+00,3.080320072672520018e-03,4.470441207016138084e-03,5.175750945341291154e-03,0.000000000000000000e+00,0.000000000000000000e+00,6.524491324116310498e-03,3.958099123740618959e-03,2.436761039611074365e-03,7.982927725183113984e-03,3.710311188209393374e-03,5.110516047543240889e-03,0.000000000000000000e+00,8.026766274887589536e-03
0.000000000000000000e+00,9.231378163211153079e-03,3.369774341836047609e-03,2.809844032489666483e-03,0.000000000000000000e+00,3.067602314208911496e-03,0.000000000000000000e+00,0.000000000000000000e+00,0.000000000000000000e+00,5.181241835327613995e-03,3.843259632884973073e-03,0.000000000000000000e+00,0.000000000000000000e+00,5.611110418690494483e-03,3.159790062703682085e-03,1.849146825761797995e-03,6.613457356788099602e-03,3.960137098767284140e-03,0.000000000000000000e+00,9.283297263579366049e-03,4.467980833358893913e-03
5.467779842713588016e-03,9.257132239423711273e-03,0.000000000000000000e+00,9.766746032562458046e-02,4.842627113398232166e-03,5.714293452872003416e-03,1.224488782004551010e-02,0.000000000000000000e+00,4.189769554372052042e-03,9.128016816076880199e-04,4.640465705786792593e-03,3.709525828458592935e-03,5.428004850562002069e-03,3.700488262807491956e-03,3.468646027170215439e-03,6.142601663817287734e-03,3.744142076030881460e-03,5.025502061975356538e-03,3.510611483064883520e-03,0.000000000000000000e+00,1.744650019992441056e-02
0.000000000000000000e+00,2.219066906960828062e-03,0.000000000000000000e+00,8.171001702502640046e-03,3.322094208992968593e-03,2.868628913752890863e-03,0.000000000000000000e+00,0.000000000000000000e+00,0.000000000000000000e+00,0.000000000000000000e+00,3.421815998838482770e-03,7.259770620918566154e-03,0.000000000000000000e+00,5.845108357622175697e-03,7.717286157390068277e-03,1.041335210099234368e-02,1.067904481927436488e-03,1.376459549894732369e-02,2.881137267603910146e-03,8.899597147600735864e-03,1.975682283518309396e-03
0.000000000000000000e+00,0.000000000000000000e+00,0.000000000000000000e+00,3.226061600152917500e-03,9.005661057590942306e-03,3.964199575705766761e-03,1.838221559895315349e-03,0.000000000000000000e+00,0.000000000000000000e+00,4.723213826957019766e-03,1.233952505782173270e-03,2.495465261582115006e-03,2.649492914614248740e-02,4.481815323562774768e-03,2.785177119713058702e-03,2.941818474744059726e-03,2.947326554358746520e-03,2.182025606132915758e-03,0.000000000000000000e+00,2.999755003281959122e-03,0.000000000000000000e+00
1.483455998430636795e-02,0.000000000000000000e+00,1.206848762334427954e-03,0.000000000000000000e+00,1.163331357020032548e-02,5.878567670981142516e-03,5.789225879121960398e-03,1.097862383128443350e-02,0.000000000000000000e+00,1.064115279488556803e-02,0.000000000000000000e+00,3.187232717079514169e-03,3.055619411611428839e-03,2.203487681971914337e-03,8.386696268676448185e-03,8.416789789822612736e-03,4.063307762050104820e-03,0.000000000000000000e+00,0.000000000000000000e+00,3.003336092977463949e-03,0.000000000000000000e+00
5.647331538688024968e-03,0.000000000000000000e+00,0.000000000000000000e+00,5.108594721179838226e-03,0.000000000000000000e+00,5.611170928880034915e-03,1.378524778329894528e-02,1.067610597032226175e-02,3.200036954039137040e-03,2.607426854362181190e-03,3.991515474784947635e-03,0.000000000000000000e+00,1.992924858448118230e-03,2.087398881191616061e-03,5.593674870238984909e-03,9.332646206892131896e-04,2.773974039785874045e-03,2.746204124155569425e-03,3.015171345364886946e-03,7.769217247604183821e-03,4.143826299652755060e-04
0.000000000000000000e+00,0.000000000000000000e+00,1.766768433637670721e-02,2.178196604478265918e-03,0.000000000000000000e+00,8.726159854180888173e-03,0.000000000000000000e+00,4.780717565288559318e-03,0.000000000000000000e+00,9.699009545659926720e-03,4.222757134840361692e-03,0.000000000000000000e+00,0.000000000000000000e+00,0.000000000000000000e+00,1.952906478923440532e-03,3.992245773843999465e-03,1.793785606954723241e-03,1.120658330275251489e-02,7.491611698766473953e-03,0.000000000000000000e+00,4.071392813795727920e-03
1.892416765053348210e-03,7.688298461000039885e-03,2.925957334918816068e-03,3.034777528906843890e-03,2.077763360794952340e-03,3.778426976878350874e-03,0.000000000000000000e+00,2.936398443550106152e-03,1.649359981846965474e-03,9.723326403753265647e-04,2.385382617924937040e-03,0.000000000000000000e+00,3.518911231620540890e-03,1.706197604745443401e-03,0.000000000000000000e+00,2.016230852261923726e-03,2.561588837053336860e-03,1.286150589177433847e-03,4.057289939919917453e-03,2.915945335897071958e-03,1.066203745246742732e-03
6.548116118068214586e-03,5.681762231507973306e-03,9.698842679325218527e-03,1.803748466467389221e-03,0.000000000000000000e+00,3.241361190732163031e-03,1.314437529807015431e-03,3.591454877779585563e-03,3.069110615802854349e-03,1.251875063405750001e-03,1.427804745092552076e-03,0.000000000000000000e+00,0.000000000000000000e+00,3.138430150683756484e-03,3.623869918561804359e-03,1.721916244083575602e-03,0.000000000000000000e+00,3.637254573688450399e-03,3.037931992394693990e-03,0.000000000000000000e+00,6.002380651613276226e-03
5.780029445373265941e-03,1.103792983360427082e-02,1.113752945272447961e-02,4.216415101083411873e-03,0.000000000000000000e+00,4.538671126328691630e-03,7.041270416801906004e-03,0.000000000000000000e+00,4.837231061434662908e-03,3.616786382306012241e-03,3.696413574653297993e-03,0.000000000000000000e+00,0.000000000000000000e+00,1.488459807111386542e-02,4.558367437738835432e-03,6.590185706885065380e-03,0.000000000000000000e+00,2.965484308518266492e-03,0.000000000000000000e+00,0.000000000000000000e+00,0.000000000000000000e+00
3.708609911241427231e-03,0.000000000000000000e+00,2.895386327215863139e-03,0.000000000000000000e+00,4.917591045696063923e-02,2.818870437576887714e-03,0.000000000000000000e+00,0.000000000000000000e+00,5.476799191700458536e-03,0.000000000000000000e+00,1.858651138718224200e-03,2.416729902617881752e-03,0.000000000000000000e+00,3.011162856708251602e-03,3.277129371768067005e-03,7.984181514854627598e-03,0.000000000000000000e+00,8.625820095925331235e-04,7.647625210572036713e-04,5.693544123479971075e-03,9.055267688433024653e-03
3.605014099144872135e-03,1.005201849780446369e-02,3.177447460413925645e-03,5.285586645016617478e-04,1.956058439850183722e-03,2.192702947821794507e-03,3.590744609592827052e-03,3.838337429023043479e-03,2.492377149282355622e-03,3.185978605363408607e-03,1.756351525639661057e-02,0.000000000000000000e+00,8.600794807895018393e-03,3.055634109654102853e-03,1.008250091953740921e-02,4.333096783778867152e-03,2.925832104683087891e-03,5.167267201098659987e-03,2.263140479085783054e-03,4.212843589095552690e-03,6.787540402188358031e-03
0.000000000000000000e+00,0.000000000000000000e+00,6.162424132919574332e-03,6.235507250306655987e-03,3.868001574300455100e-03,1.147162315349536423e-02,5.778934101639695252e-03,0.000000000000000000e+00,0.000000000000000000e+00,1.272701846111581533e-02,1.001351755460465863e-02,0.000000000000000000e+00,5.810544134931053262e-03,1.041548756513081819e-02,0.000000000000000000e+00,3.223420661046198094e-03,2.640808747988632535e-03,5.131835511246326045e-03,0.000000000000000000e+00,8.069220298564990651e-03,6.618762359261504483e-03
0.000000000000000000e+00,0.000000000000000000e+00,0.000000000000000000e+00,2.159492462096879173e-02,8.967474119808863803e-03,3.858874928221545618e-03,8.506960063665991792e-03,5.045817382487485445e-03,1.888447168614026950e-03,1.543808906985484966e-02,0.000000000000000000e+00,2.010546907267513929e-03,0.000000000000000000e+00,6.358026051604321639e-03,2.457632569571889178e-03,4.819174574276677281e-03,1.626123003961064614e-02,0.000000000000000000e+00,3.326238402839804941e-03,5.073064914099414610e-03,0.000000000000000000e+00
0.000000000000000000e+00,1.768423818812095471e-03,5.868776548649506930e-03,0.000000000000000000e+00,7.322544805089228198e-03,6.449542490687566916e-03,0.000000000000000000e+00,9.013043564720354993e-04,6.314952114531289379e-03,1.644327109911743233e-03,5.486943533742614544e-03,8.232201355311464033e-03,0.000000000000000000e+00,3.507940957922195749e-03,8.932660244323629289e-03,3.844140112309221181e-03,1.595118248578740461e-03,0.000000000000000000e+00,2.528240887600604735e-03,0.000000000000000000e+00,3.108569864279789926e-03
0.000000000000000000e+00,1.712363266935888056e-02,0.000000000000000000e+00,1.811385637937562923e-02,2.977498668649717489e-03,0.000000000000000000e+00,3.496500685322496971e-02,0.000000000000000000e+00,2.666063119893761785e-03,1.901290669454697851e-02,0.000000000000000000e+00,0.000000000000000000e+00,0.000000000000000000e+00,0.000000000000000000e+00,1.705739684955460619e-02,1.165658715084955110e-02,1.397662702526429428e-02,1.077018448053117770e-02,1.312890047025009124e-02,2.317594029679928905e-02,2.202486991763890484e-02
1.585815280742221278e-02,0.000000000000000000e+00,0.000000000000000000e+00,1.582826909294619486e-02,0.000000000000000000e+00,1.609101154389425831e-02,0.000000000000000000e+00,0.000000000000000000e+00,3.222450827401102808e-02,2.285011400558207770e-02,0.000000000000000000e+00,0.000000000000000000e+00,0.000000000000000000e+00,0.000000000000000000e+00,1.005604020534454218e-02,2.213934996732458416e-02,8.664339756999317466e-02,0.000000000000000000e+00,1.469518326308820975e-02,0.000000000000000000e+00,1.819932115333221245e-02
0.000000000000000000e+00,0.000000000000000000e+00,6.047953918997518719e-02,0.000000000000000000e+00,0.000000000000000000e+00,0.000000000000000000e+00,1.380203684074826631e-02,0.000000000000000000e+00,1.380838136898591972e-02,7.482279945286347128e-03,1.962243877782813076e-02,0.000000000000000000e+00,0.000000000000000000e+00,0.000000000000000000e+00,0.000000000000000000e+00,3.403110008498614475e-02,0.000000000000000000e+00,1.464039778974121457e-02,1.431435840836410567e-02,0.000000000000000000e+00,0.000000000000000000e+00
1.515083482848559454e-02,0.000000000000000000e+00,0.000000000000000000e+00,2.089518690500531684e-02,1.547123941795186530e-02,2.875102021460210211e-02,5.295611627420024337e-02,0.000000000000000000e+00,2.389820976168596442e-02,1.825395430392764626e-02,0.000000000000000000e+00,0.000000000000000000e+00,2.431007111061723666e-02,1.834703162127297726e-02,0.000000000000000000e+00,9.989415337312915200e-02,0.000000000000000000e+00,1.444834900706221809e-02,0.000000000000000000e+00,0.000000000000000000e+00,0.000000000000000000e+00
1.220610329809027582e-02,0.000000000000000000e+00,1.293027530067405173e-01,2.061024746432954177e-02,9.336265750582791942e-03,1.954537445548090724e-02,0.000000000000000000e+00,0.000000000000000000e+00,3.162135394464800613e-03,4.203615628232639477e-03,0.000000000000000000e+00,8.928801183712907832e-03,1.809164312497346661e-02,0.000000000000000000e+00,1.257810527386190279e-02,1.643441170805285539e-02,0.000000000000000000e+00,0.000000000000000000e+00,1.481174789305317492e-02,7.811251888897915302e-03,0.000000000000000000e+00
4.495861609871653480e-02,2.019813640339875732e-02,0.000000000000000000e+00,2.800817894724735510e-02,9.788443456721387242e-03,7.870895030454596458e-03,0.000000000000000000e+00,0.000000000000000000e+00,1.007266647071692819e-02,2.052128887638856106e-02,0.000000000000000000e+00,0.000000000000000000e+00,0.000000000000000000e+00,0.000000000000000000e+00,1.615703159466958666e-02,3.970766629729217956e-02,0.000000000000000000e+00,0.000000000000000000e+00,1.725611941670447333e-02,0.000000000000000000e+00,0.000000000000000000e+00
0.000000000000000000e+00,1.060065542225078865e-02,0.000000000000000000e+00,1.532046312694043851e-02,0.000000000000000000e+00,1.439031259741767495e-02,8.918429367054437479e-03,0.000000000000000000e+00,1.744049621211816309e-02,1.503770562478464259e-02,1.976684937545498955e-02,0.000000000000000000e+00,0.000000000000000000e+00,2.073518318027924717e-02,1.222916966648229277e-02,9.325348060297384070e-03,2.853783060609430596e-03,1.563189474517210492e-02,0.000000000000000000e+00,0.000000000000000000e+00,0.000000000000000000e+00
8.107564191004791240e-03,9.028589044899634417e-03,0.000000000000000000e+00,0.000000000000000000e+00,0.000000000000000000e+00,1.309428590730630539e-02,0.000000000000000000e+00,8.875459278798208951e-03,1.548889021833192020e-02,0.000000000000000000e+00,3.901405188666152296e-02,9.934425862952112746e-03,0.000000000000000000e+00,0.000000000000000000e+00,0.000000000000000000e+00,9.033569818231283050e-03,1.544993886983757683e-02,7.687579997071723736e-03,0.000000000000000000e+00,0.000000000000000000e+00,1.940162874350162547e-02
8.005742079826235619e-03,4.636090971712641257e-02,0.000000000000000000e+00,2.523340668687327343e-02,1.987359199800782517e-02,8.800680273678017709e-03,0.000000000000000000e+00,0.000000000000000000e+00,3.084977323153890311e-02,9.931948806633689869e-03,0.000000000000000000e+00,0.000000000000000000e+00,0.000000000000000000e+00,0.000000000000000000e+00,2.826495622091416624e-02,0.000000000000000000e+00,1.162847258051818121e-02,1.687757656257993233e-02,0.000000000000000000e+00,1.379983827142135591e-02,0.000000000000000000e+00
3.857615638909355545e-03,0.000000000000000000e+00,1.259897178872069860e-02,8.309561927838353054e-03,4.766235925077211624e-03,1.593893455353399824e-02,0.000000000000000000e+00,0.000000000000000000e+00,5.217712181035824570e-03,1.560487412946006194e-02,0.000000000000000000e+00,0.000000000000000000e+00,0.000000000000000000e+00,0.000000000000000000e+00,8.858616340254414634e-03,1.545233977863301120e-02,1.567292644138766969e-02,1.421452669533752357e-02,0.000000000000000000e+00,0.000000000000000000e+00,1.011774853902310846e-02
1.150986811056166695e-02,1.601078714125845140e-02,1.769500324308479963e-02,0.000000000000000000e+00,2.076003342411449418e-02,0.000000000000000000e+00,8.050215392664162792e-03,1.781926989506434772e-02,0.000000000000000000e+00,1.499164377507032631e-02,1.047568686113110534e-02,1.158161278049304674e-02,0.000000000000000000e+00,0.000000000000000000e+00,9.665140018020336107e-03,8.758259125178182933e-03,1.860909861318407743e-02,1.586479384753047492e-02,1.097475259270994617e-02,0.000000000000000000e+00,0.000000000000000000e+00
8.544074671207036592e-03,8.033010579825229647e-03,0.000000000000000000e+00,7.453755885939369018e-03,0.000000000000000000e+00,5.705378329970699734e-03,6.896292753199501080e-03,0.000000000000000000e+00,7.095416673913087884e-03,0.000000000000000000e+00,0.000000000000000000e+00,4.112451073889378597e-03,9.599375720313952851e-03,7.485550914657289681e-03,0.000000000000000000e+00,6.411352049253720396e-03,6.681834963176628076e-03,1.054091718561927550e-02,7.884253841017324280e-03,0.000000000000000000e+00,0.000000000000000000e+00
1.729526738386660475e-02,2.084090667612856565e-02,0.000000000000000000e+00,0.000000000000000000e+00,0.000000000000000000e+00,0.000000000000000000e+00,4.211557104534433514e-03,1.370852361424787155e-02,0.000000000000000000e+00,1.470169688103228900e-02,0.000000000000000000e+00,1.308899688833184936e-02,0.000000000000000000e+00,0.000000000000000000e+00,1.027989480238356880e-02,1.894170982866472119e-02,1.829960337970646181e-02,1.301682600594272071e-02,2.885783604474869216e-02,3.280415981417766913e-02,1.429605501928361139e-02
0.000000000000000000e+00,0.000000000000000000e+00,0.000000000000000000e+00,1.574994699468152543e-02,0.000000000000000000e+00,1.085951049338659130e-02,0.000000000000000000e+00,0.000000000000000000e+00,4.450529611033331515e-03,0.000000000000000000e+00,0.000000000000000000e+00,0.000000000000000000e+00,0.000000000000000000e+00,1.572454206046120656e-02,0.000000000000000000e+00,1.815796842860810389e-02,1.585517635710438633e-02,0.000000000000000000e+00,5.185578005476682711e-02,1.851938175042074086e-02,0.000000000000000000e+00
8.778109099451055983e-03,5.300755187281550387e-03,0.000000000000000000e+00,0.000000000000000000e+00,0.000000000000000000e+00,1.207763914117036819e-02,9.637181125579112953e-03,0.000000000000000000e+00,1.036046405433750997e-02,1.850074795123467924e-02,2.090656625492071444e-02,0.000000000000000000e+00,0.000000000000000000e+00,7.179607123319539652e-03,9.392282666279642631e-03,9.368417532844933735e-04,4.790621701432327267e-03,0.000000000000000000e+00,0.000000000000000000e+00,0.000000000000000000e+00,0.000000000000000000e+00
3.166471635963535435e-03,0.000000000000000000e+00,0.000000000000000000e+00,8.984112983875632702e-03,8.617541440785678186e-03,0.000000000000000000e+00,0.000000000000000000e+00,0.000000000000000000e+00,0.000000000000000000e+00,8.891034783615315781e-03,7.477487915980705890e-03,0.000000000000000000e+00,7.905477004701474616e-03,1.909494211826498131e-02,6.805163027010683978e-03,0.000000000000000000e+00,0.000000000000000000e+00,6.812472577677880330e-03,1.396653512714966100e-02,0.000000000000000000e+00,0.000000000000000000e+00
0.000000000000000000e+00,2.533052463533690818e-02,0.000000000000000000e+00,0.000000000000000000e+00,5.158625969257620708e-02,1.079812427446067216e-02,0.000000000000000000e+00,0.000000000000000000e+00,0.000000000000000000e+00,1.691881301012014907e-02,0.000000000000000000e+00,0.000000000000000000e+00,0.000000000000000000e+00,0.000000000000000000e+00,0.000000000000000000e+00,2.215802232300668681e-02,0.000000000000000000e+00,0.000000000000000000e+00,1.910807946302727628e-02,0.000000000000000000e+00,0.000000000000000000e+00
1.002220922671902270e-02,0.000000000000000000e+00,0.000000000000000000e+00,0.000000000000000000e+00,8.699658051373432288e-03,7.730094668921608063e-03,0.000000000000000000e+00,0.000000000000000000e+00,0.000000000000000000e+00,1.030062101780983633e-02,0.000000000000000000e+00,0.000000000000000000e+00,1.142824898564736083e-02,0.000000000000000000e+00,7.355179511433305312e-03,1.485671809591981515e-02,0.000000000000000000e+00,4.189185499177154257e-03,0.000000000000000000e+00,0.000000000000000000e+00,0.000000000000000000e+00
0.000000000000000000e+00,1.626941073209275251e-02,0.000000000000000000e+00,1.193420997380037138e-02,0.000000000000000000e+00,2.096365304925388445e-02,6.981932651065471396e-02,1.681083250882388705e-02,5.702168973378923117e-02,1.825844445485141215e-02,1.156658925227805820e-02,0.000000000000000000e+00,2.358001148971677896e-02,1.911319394589646933e-02,8.078935212153137702e-03,1.432266874156138542e-02,1.558346266689707334e-02,0.000000000000000000e+00,0.000000000000000000e+00,5.673717005456513710e-03,1.471061398026923470e-02
5.919418381941691024e-03,2.212814552101076415e-02,0.000000000000000000e+00,1.291391665126087260e-02,5.159811767072241401e-02,1.142279395873644320e-02,0.000000000000000000e+00,0.000000000000000000e+00,1.556114779436902976e-02,1.392243392232951800e-02,0.000000000000000000e+00,0.000000000000000000e+00,1.533203501080290625e-02,1.651571066166368160e-02,1.373274009246833703e-02,1.010037730827171611e-02,1.350362988804216374e-02,2.077260586881019694e-02,1.427165592432118324e-02,0.000000000000000000e+00,0.000000000000000000e+00
2.002085944516925758e-02,0.000000000000000000e+00,0.000000000000000000e+00,0.000000000000000000e+00,0.000000000000000000e+00,1.398410181547420431e-02,0.000000000000000000e+00,0.000000000000000000e+00,3.268555962124992248e-02,1.739813307846850565e-02,0.000000000000000000e+00,0.000000000000000000e+00,3.888300985595521259e-02,1.521608291042339522e-02,2.149831522040538886e-02,1.320596575149546315e-02,2.372245465118777430e-02,8.739947961823896216e-03,0.000000000000000000e+00,1.269719402142003087e-02,0.000000000000000000e+00
0.000000000000000000e+00,0.000000000000000000e+00,0.000000000000000000e+00,1.530284602998918664e-02,0.000000000000000000e+00,1.078057148972485363e-02,0.000000000000000000e+00,0.000000000000000000e+00,7.585767517756919140e-03,0.000000000000000000e+00,0.000000000000000000e+00,0.000000000000000000e+00,0.000000000000000000e+00,0.000000000000000000e+00,1.710620835090257905e-02,0.000000000000000000e+00,0.000000000000000000e+00,0.000000000000000000e+00,1.777569322311244038e-02,0.000000000000000000e+00,2.841539172820795739e-02
1.490938449777563096e-02,2.716013330458983896e-02,0.000000000000000000e+00,0.000000000000000000e+00,7.299995861635490482e-03,1.721042361845679519e-02,0.000000000000000000e+00,0.000000000000000000e+00,2.563506949172247862e-02,5.773918723347040011e-02,4.893259049951820955e-03,3.497992148582695915e-02,2.104952592421889188e-02,0.000000000000000000e+00,3.879932322742776774e-02,0.000000000000000000e+00,0.000000000000000000e+00,3.606312054695916258e-02,1.077272702392196441e-02,0.000000000000000000e+00,0.000000000000000000e+00
1.672522151555874345e-02,0.000000000000000000e+00,1.419811850086502049e-02,1.960917923076927957e-02,0.000000000000000000e+00,1.224472354988830752e-02,0.000000000000000000e+00,0.000000000000000000e+00,1.201083838637817536e-02,1.586559659634826161e-02,1.272220521149934787e-02,0.000000000000000000e+00,0.000000000000000000e+00,1.528712375668694022e-02,6.124557593735348304e-03,0.000000000000000000e+00,5.602239951814496320e-03,1.298894404415949951e-02,1.951671106435649838e-02,1.055981791036987583e-02,1.497642391681150084e-02
0.000000000000000000e+00,0.000000000000000000e+00,0.000000000000000000e+00,0.000000000000000000e+00,0.000000000000000000e+00,6.598571236431863794e-03,0.000000000000000000e+00,0.000000000000000000e+00,7.798693307525013038e-03,9.909957989798942948e-03,0.000000000000000000e+00,6.217813388745059566e-03,1.183954894109459643e-02,0.000000000000000000e+00,1.397166204744923999e-02,0.000000000000000000e+00,0.000000000000000000e+00,1.162597386178542379e-02,0.000000000000000000e+00,1.507186126354430160e-02,0.000000000000000000e+00
8.387385715641735781e-03,0.000000000000000000e+00,0.000000000000000000e+00,1.085501543499373112e-02,0.000000000000000000e+00,9.748339781291038772e-03,1.028485887750460633e-02,0.000000000000000000e+00,1.052452567052215328e-02,9.511190453653898397e-03,5.958005711379245166e-03,0.000000000000000000e+00,0.000000000000000000e+00,0.000000000000000000e+00,6.999216097276741294e-03,0.000000000000000000e+00,5.855343614128494419e-03,1.741685494096512424e-02,1.055612019920308675e-02,0.000000000000000000e+00,1.138494524651130317e-02
7.344974645156995309e-03,0.000000000000000000e+00,0.000000000000000000e+00,1.411335730483883645e-02,0.000000000000000000e+00,0.000000000000000000e+00,0.000000000000000000e+00,0.000000000000000000e+00,7.701721554638685588e-03,1.178302188202480678e-02,0.000000000000000000e+00,7.716439642549499135e-03,0.000000000000000000e+00,0.000000000000000000e+00,1.313302912828804084e-02,0.000000000000000000e+00,0.000000000000000000e+00,8.472519666148849160e-03,1.297519573889785623e-02,0.000000000000000000e+00,2.631548005823845793e-02
6.649364386215141087e-03,1.039271964719548809e-02,0.000000000000000000e+00,1.220603452616866001e-02,2.113985794151115871e-02,9.802165325493886888e-03,0.000000000000000000e+00,7.753020997765210087e-03,0.000000000000000000e+00,1.242311804040984076e-02,9.178167376623590917e-03,7.955496285050121796e-03,1.256654473617597502e-02,1.096351645082846958e-02,7.794091874733779721e-03,1.064042719138256869e-02,0.000000000000000000e+00,9.054398931431706030e-03,8.283582782561593055e-03,0.000000000000000000e+00,0.000000000000000000e+00
1.527368832007856315e-02,0.000000000000000000e+00,0.000000000000000000e+00,0.000000000000000000e+00,2.075034337773245738e-02,1.365416066585508140e-02,9.574463789890259174e-03,0.000000000000000000e+00,1.474923347104960605e-02,1.964146020864145775e-02,1.417954002032858346e-02,1.106607240689102406e-02,1.966188156046790037e-02,1.357016463074399784e-02,2.453503132738679704e-02,1.187625207928719000e-02,1.687395731795399145e-02,8.042649378771655339e-03,0.000000000000000000e+00,2.065534489022428921e-02,0.000000000000000000e+00
0.000000000000000000e+00,1.278533858478914619e-02,0.000000000000000000e+00,0.000000000000000000e+00,6.882114019010523998e-02,8.457771504041252525e-03,8.742414492212833427e-03,0.000000000000000000e+00,9.296956245947124095e-03,8.828889338620459284e-03,1.905963795111834981e-03,1.132310423445613036e-02,1.744248482006220680e-02,6.481082301196000421e-03,8.129630559054544514e-03,1.059147140934909963e-02,0.000000000000000000e+00,1.038041747853404688e-02,8.261462405734382522e-03,0.000000000000000000e+00,1.112143940178773362e-02
0.000000000000000000e+00,0.000000000000000000e+00,0.000000000000000000e+00,9.908162356175856042e-03,1.491748093878981878e-02,8.086559861887254383e-03,1.002922782112249979e-02,0.000000000000000000e+00,0.000000000000000000e+00,1.123798753859746140e-02,0.000000000000000000e+00,9.609732929052807945e-03,2.685545117428015521e-02,1.002808048660957380e-02,0.000000000000000000e+00,1.060634034171964966e-02,0.000000000000000000e+00,1.172998318801162822e-02,1.706971647390231536e-02,0.000000000000000000e+00,8.372412486143713042e-03
0.000000000000000000e+00,6.488531660543482397e-03,1.611120617322760531e-02,0.000000000000000000e+00,0.000000000000000000e+00,8.283702075344007501e-03,0.000000000000000000e+00,1.246677948707295563e-02,1.700513488205888241e-02,1.312661440782528048e-02,0.000000000000000000e+00,0.000000000000000000e+00,0.000000000000000000e+00,0.000000000000000000e+00,0.000000000000000000e+00,0.000000000000000000e+00,0.000000000000000000e+00,0.000000000000000000e+00,1.906992701711647184e-02,0.000000000000000000e+00,0.000000000000000000e+00
1.025120316495075831e-02,0.000000000000000000e+00,0.000000000000000000e+00,9.432719918513569890e-03,0.000000000000000000e+00,1.020133359247661284e-02,0.000000000000000000e+00,2.166921668446892754e-02,9.722246182977118192e-03,7.027777752171930452e-03,8.345463816369257798e-03,6.400015207770391387e-03,0.000000000000000000e+00,0.000000000000000000e+00,8.401098803683434979e-03,1.017437078860373642e-02,0.000000000000000000e+00,8.464153449988246619e-03,6.499251653703247075e-03,6.456633859710593330e-03,0.000000000000000000e+00
1.156731719213644621e-02,0.000000000000000000e+00,5.265682657104402836e-03,0.000000000000000000e+00,7.210507863347689027e-03,9.207841852056818793e-03,0.000000000000000000e+00,2.087552564880113676e-02,0.000000000000000000e+00,2.012893506007037980e-02,1.919378338870321096e-02,1.767411253881241359e-02,1.529766764468293121e-02,1.715004062949176261e-02,2.525307578896510488e-02,2.423176967335756091e-02,1.837199721148633988e-02,1.970066379885693567e-02,0.000000000000000000e+00,1.225580798003171601e-02,6.524824831459608010e-02
0.000000000000000000e+00,9.215330255640887674e-03,0.000000000000000000e+00,0.000000000000000000e+00,0.000000000000000000e+00,2.072190106393845960e-02,0.000000000000000000e+00,0.000000000000000000e+00,1.674570279154416821e-02,0.000000000000000000e+00,0.000000000000000000e+00,4.431773293599292757e-02,0.000000000000000000e+00,0.000000000000000000e+00,1.730899640917663712e-02,9.378187118975651881e-03,1.156787903307736343e-02,0.000000000000000000e+00,4.661936066688737203e-03,0.000000000000000000e+00,1.832540137147614309e-02
9.117917998962953713e-03,0.000000000000000000e+00,1.238232848505093665e-02,8.791595753959297044e-03,1.454698833802270559e-02,5.462192325884223515e-03,9.341184197702327371e-03,0.000000000000000000e+00,0.000000000000000000e+00,1.493235312382250150e-02,0.000000000000000000e+00,8.264049288952936972e-03,1.440751994361514320e-02,0.000000000000000000e+00,4.290872987461895501e-03,8.399460995113971346e-03,7.013467081613706036e-03,1.724175849677431205e-02,1.990946108488974783e-02,0.000000000000000000e+00,0.000000000000000000e+00
8.745794982228159362e-03,5.931434749220063779e-03,0.000000000000000000e+00,1.384508017939553928e-02,1.939819574612694150e-02,5.963918972414963132e-03,0.000000000000000000e+00,0.000000000000000000e+00,1.922189872381004083e-02,3.740715008840789918e-02,9.167040210336216410e-02,0.000000000000000000e+00,5.159232961779239290e-02,1.681754503705310683e-02,1.124325418018958488e-02,0.000000000000000000e+00,1.135805118868858654e-02,1.494110735120625713e-02,0.000000000000000000e+00,0.000000000000000000e+00,0.000000000000000000e+00
1.074241233307742134e-02,0.000000000000000000e+00,0.000000000000000000e+00,0.000000000000000000e+00,0.000000000000000000e+00,4.302012198520473174e-02,0.000000000000000000e+00,1.236872048557172317e-02,2.265098373286738784e-02,0.000000000000000000e+00,1.227535633560705719e-02,0.000000000000000000e+00,6.923920792032187306e-03,1.117955192152960894e-02,3.979569287399278149e-02,1.591656558535114660e-02,1.363080268496032026e-02,0.000000000000000000e+00,1.291170952936207018e-02,0.000000000000000000e+00,0.000000000000000000e+00
9.684941448909325373e-03,0.000000000000000000e+00,0.000000000000000000e+00,5.524759092580383210e-03,1.830412995847525634e-02,9.738508541194061674e-03,6.279499506000755203e-03,0.000000000000000000e+00,0.000000000000000000e+00,3.031388153153239187e-02,1.726612932761997440e-02,0.000000000000000000e+00,0.000000000000000000e+00,9.168556941838762811e-03,0.000000000000000000e+00,0.000000000000000000e+00,0.000000000000000000e+00,1.336021053708675611e-02,0.000000000000000000e+00,1.353322159196068512e-02,1.267924210162440536e-02
0.000000000000000000e+00,0.000000000000000000e+00,4.627832872043401158e-03,0.000000000000000000e+00,1.272181184687175108e-02,8.328709636941922928e-03,0.000000000000000000e+00,1.555991435261124510e-02,6.349213232369823288e-03,1.180387049537935489e-02,0.000000000000000000e+00,0.000000000000000000e+00,0.000000000000000000e+00,0.000000000000000000e+00,1.271130316013297304e-02,7.179575037446249766e-03,1.364538198794993176e-02,4.546246303579673000e-03,2.524809045746269007e-02,0.000000000000000000e+00,0.000000000000000000e+00
0.000000000000000000e+00,7.477743537642668470e-03,0.000000000000000000e+00,4.220836806916640656e-03,4.335848270240969145e-03,1.093258809466263496e-03,0.000000000000000000e+00,5.563418264340819729e-03,3.430067043526996862e-03,2.418058533289459740e-03,0.000000000000000000e+00,0.000000000000000000e+00,8.734350460907015778e-03,1.349283423602340715e-01,3.610633808072920888e-03,3.708290706572560163e-04,5.043096704896942416e-03,4.422193364450360126e-03,5.236899567769700767e-03,1.934777974049415932e-03,0.000000000000000000e+00
4.422088566161926602e-03,0.000000000000000000e+00,0.000000000000000000e+00,0.000000000000000000e+00,0.000000000000000000e+00,1.896562481778080829e-03,1.333841953568004786e-02,0.000000000000000000e+00,6.955880479929093217e-03,1.674823710510014952e-03,2.967644805267230165e-02,1.031835875179478411e-02,7.623471473225391926e-02,0.000000000000000000e+00,1.048093106617092526e-02,5.932521949494545116e-03,5.622133496999823753e-03,2.278450140200590727e-03,2.299780814396632130e-03,1.985920223428722098e-02,7.830592528302583039e-03
0.000000000000000000e+00,0.000000000000000000e+00,2.465840289351664116e-03,2.384385660005359977e-03,2.150905092268051103e-03,2.268711632812292663e-03,0.000000000000000000e+00,6.769072424210552212e-03,2.401719641998417178e-03,1.868785509650632438e-03,7.286014832304862562e-03,2.488221120089455403e-03,0.000000000000000000e+00,2.819692229845927392e-03,1.737883239907193683e-03,1.002596543654070589e-02,1.921669201720538908e-03,2.573907436933961512e-03,2.501061670076392112e-03,0.000000000000000000e+00,3.496009943729265317e-03
0.000000000000000000e+00,0.000000000000000000e+00,8.481317923922860463e-03,1.564296549455419273e-03,1.914408781985433477e-03,6.299947772960795382e-03,0.000000000000000000e+00,2.820852196405414496e-03,2.703777777961301372e-03,3.284424617089651711e-03,4.840409073001246051e-03,4.729195163449165934e-03,6.953452108073359880e-03,3.515341955210569014e-03,2.836705525949691480e-03,2.210641356924216046e-03,3.969268368064744019e-04,1.930811191599945487e-03,0.000000000000000000e+00,5.001815389350175965e-03,4.147387133544309934e-03
2.908069692485883845e-03,0.000000000000000000e+00,0.000000000000000000e+00,0.000000000000000000e+00,0.000000000000000000e+00,2.190663136424937565e-03,0.000000000000000000e+00,0.000000000000000000e+00,0.000000000000000000e+00,0.000000000000000000e+00,0.000000000000000000e+00,6.290498026481121385e-02,4.381498396472793128e-03,0.000000000000000000e+00,4.888651975904591447e-03,4.584063822704946903e-03,0.000000000000000000e+00,0.000000000000000000e+00,0.000000000000000000e+00,0.000000000000000000e+00,0.000000000000000000e+00
1.676780854626242065e-03,2.402597725847411495e-03,0.000000000000000000e+00,4.892135482422642345e-03,3.224909632798182019e-02,0.000000000000000000e+00,9.443516973707028958e-03,2.675132780033123367e-02,3.037432489664108805e-03,3.714456662228924136e-03,5.382512035984565041e-03,1.869154726465151531e-03,4.702781252416594090e-04,2.406352701284383139e-02,4.273731558464955935e-03,3.891881753899117426e-03,0.000000000000000000e+00,4.461253292898302927e-03,0.000000000000000000e+00,0.000000000000000000e+00,0.000000000000000000e+00
2.161114643655777552e-03,8.291454558830905347e-03,0.000000000000000000e+00,3.114816609015259082e-03,4.297200841324446026e-03,2.455511759234021204e-03,2.836704746937626122e-03,5.406655855265736499e-03,1.573959450881705661e-03,2.415891286122785492e-03,0.000000000000000000e+00,1.556070081423031187e-03,3.297331310376044010e-03,0.000000000000000000e+00,2.450488465868338930e-03,3.844558093438315335e-03,2.135186533553034074e-03,3.220118265359746441e-03,3.899340773244948377e-03,0.000000000000000000e+00,0.000000000000000000e+00
2.093900510242109950e-03,0.000000000000000000e+00,0.000000000000000000e+00,1.634169240018270653e-03,2.712081889881132191e-03,1.890817827839822883e-03,0.000000000000000000e+00,0.000000000000000000e+00,4.889821539568519997e-03,1.474596938358188440e-02,4.544062315447042373e-03,6.032884457487040948e-03,3.093798514641563340e-03,6.658686366345001675e-03,2.623276033345929223e-03,3.298014702352751199e-03,3.969694875387796279e-03,0.000000000000000000e+00,1.095528162665392394e-02,0.000000000000000000e+00,0.000000000000000000e+00
1.751983630910535546e-03,0.000000000000000000e+00,2.734399225447658576e-03,0.000000000000000000e+00,0.000000000000000000e+00,3.379383362812762599e-03,4.155517421901002047e-03,9.659019156160606606e-03,3.372610794467526766e-03,3.165340551462533184e-03,0.000000000000000000e+00,4.529948242302361990e-03,0.000000000000000000e+00,0.000000000000000000e+00,2.834137483921800663e-03,5.371279095349009575e-03,2.058106550091940833e-03,1.210014524738839328e-03,0.000000000000000000e+00,0.000000000000000000e+00,5.396920188949541272e-03
5.110593928142334770e-03,0.000000000000000000e+00,0.000000000000000000e+00,0.000000000000000000e+00,0.000000000000000000e+00,2.786138668229371645e-03,0.000000000000000000e+00,0.000000000000000000e+00,1.655381764667835168e-02,0.000000000000000000e+00,0.000000000000000000e+00,0.000000000000000000e+00,0.000000000000000000e+00,1.167714627621037164e-02,6.582706790133736885e-02,0.000000000000000000e+00,3.337702819301277112e-03,1.520749377146574013e-03,1.032907106605481830e-02,4.181392206227329406e-03,4.518657830288055899e-03
8.106767881610093054e-03,0.000000000000000000e+00,0.000000000000000000e+00,6.006273097481082575e-03,0.000000000000000000e+00,4.003271883261104100e-03,0.000000000000000000e+00,0.000000000000000000e+00,2.189495102643625006e-03,3.459180779215259224e-03,0.000000000000000000e+00,0.000000000000000000e+00,1.014968315544930409e-02,0.000000000000000000e+00,5.745769626630588094e-03,2.242368114215640210e-02,0.000000000000000000e+00,5.166758800281711153e-03,0.000000000000000000e+00,0.000000000000000000e+00,9.648172105723683278e-03
0.000000000000000000e+00,8.725485534838182261e-03,1.002899444114921899e-02,0.000000000000000000e+00,3.179595808393850028e-03,7.911382979861360243e-03,0.000000000000000000e+00,0.000000000000000000e+00,0.000000000000000000e+00,1.980811420232433603e-02,0.000000000000000000e+00,0.000000000000000000e+00,0.000000000000000000e+00,0.000000000000000000e+00,0.000000000000000000e+00,5.052256748508143075e-02,5.902673454643444194e-03,4.603326005218870073e-03,0.000000000000000000e+00,0.000000000000000000e+00,0.000000000000000000e+00
5.137262233972911436e-03,1.144423478931638413e-02,0.000000000000000000e+00,0.000000000000000000e+00,1.221317567974352161e-02,7.198404197708585008e-03,2.209803054125416156e-03,2.990316967469618982e-03,0.000000000000000000e+00,1.087066327830963318e-02,0.000000000000000000e+00,0.000000000000000000e+00,0.000000000000000000e+00,0.000000000000000000e+00,9.173468838023375030e-04,1.042689579942850282e-02,1.827124325342810440e-02,0.000000000000000000e+00,8.587173129323263931e-03,8.421975380256125146e-03,0.000000000000000000e+00
3.729127941221128863e-03,0.000000000000000000e+00,0.000000000000000000e+00,9.415981563641552185e-03,1.003068986831088388e-03,0.000000000000000000e+00,0.000000000000000000e+00,0.000000000000000000e+00,1.850250498106323360e-02,1.425947115633270862e-03,3.868244310563736382e-02,0.000000000000000000e+00,0.000000000000000000e+00,0.000000000000000000e+00,5.084896631588650510e-03,6.318641441466961439e-02,0.000000000000000000e+00,2.558645178302809600e-03,0.000000000000000000e+00,0.000000000000000000e+00,9.018722302028720243e-04
0.000000000000000000e+00,0.000000000000000000e+00,0.000000000000000000e+00,6.575452843485043823e-03,2.873240204438915618e-02,0.000000000000000000e+00,0.000000000000000000e+00,0.000000000000000000e+00,3.080692337345765797e-03,6.065819605995389358e-03,0.000000000000000000e+00,0.000000000000000000e+00,3.743694656831903639e-03,0.000000000000000000e+00,7.219359631614347475e-03,1.043551083865353578e-02,0.000000000000000000e+00,8.330115101527613489e-03,4.595313329444245497e-03,0.000000000000000000e+00,4.237737618564116696e-03
3.895271562186704045e-04,0.000000000000000000e+00,0.000000000000000000e+00,0.000000000000000000e+00,3.095583080193498038e-02,0.000000000000000000e+00,0.000000000000000000e+00,0.000000000000000000e+00,7.624559827096251234e-03,1.726692822831504132e-02,0.000000000000000000e+00,0.000000000000000000e+00,2.667099345985340236e-03,0.000000000000000000e+00,4.380567416479917535e-03,4.325925516790868341e-03,0.000000000000000000e+00,6.346425726510250553e-03,7.751898523385833059e-04,1.460597766216024246e-02,4.557722261966353286e-03
1.256568010100215724e-02,1.467007311570781361e-02,0.000000000000000000e+00,2.597964700518338131e-03,1.224967786353982346e-03,0.000000000000000000e+00,7.757375155566764713e-03,0.000000000000000000e+00,0.000000000000000000e+00,6.066095682323165497e-03,3.935498158163611843e-02,4.498856565342126274e-03,8.819195400507968963e-03,0.000000000000000000e+00,5.926341440478995887e-02,8.532804912182642958e-04,0.000000000000000000e+00,1.811717176496972434e-02,0.000000000000000000e+00,9.632740315038365933e-03,0.000000000000000000e+00
0.000000000000000000e+00,2.515647948844569083e-03,0.000000000000000000e+00,3.378999375259243536e-03,0.000000000000000000e+00,0.000000000000000000e+00,3.422661355997409088e-03,3.548551817150788924e-03,2.056653925054918383e-03,2.009384547166932766e-03,2.940624630824438882e-03,3.070009752679849283e-03,0.000000000000000000e+00,2.725051919494498372e-03,0.000000000000000000e+00,3.806600041800755826e-03,3.013101994706420331e-03,4.801147217415497465e-03,3.298251241431996231e-03,2.405264529092509228e-03,0.000000000000000000e+00
0.000000000000000000e+00,4.347178523807385120e-02,6.689324260708457391e-03,6.092339273560842816e-03,9.471111159059165951e-03,2.071524368941644965e-03,0.000000000000000000e+00,4.025682236597202812e-03,5.678570165499018108e-03,1.343315697073313789e-02,0.000000000000000000e+00,0.000000000000000000e+00,1.705203357323503005e-02,0.000000000000000000e+00,5.700689718279150671e-03,0.000000000000000000e+00,4.348979217453167664e-03,0.000000000000000000e+00,0.000000000000000000e+00,1.492427972349727808e-02,0.000000000000000000e+00
0.000000000000000000e+00,6.449728235214374945e-03,0.000000000000000000e+00,5.525261834843915414e-03,2.231016561559181263e-03,2.540211927302287592e-03,0.000000000000000000e+00,9.909789514925942608e-03,5.056797718749550356e-03,7.843689289323056008e-03,0.000000000000000000e+00,0.000000000000000000e+00,3.818660701419658663e-03,2.500236492857836959e-02,1.256831839306493800e-03,6.467489471365098740e-03,0.000000000000000000e+00,3.705795707993675414e-02,6.955617185204970160e-03,0.000000000000000000e+00,0.000000000000000000e+00
2.545442468747680185e-03,0.000000000000000000e+00,0.000000000000000000e+00,0.000000000000000000e+00,0.000000000000000000e+00,1.694892095928744475e-03,4.216681480165793139e-02,0.000000000000000000e+00,4.764473425444917982e-03,7.630771594031734995e-03,0.000000000000000000e+00,0.000000000000000000e+00,0.000000000000000000e+00,1.790933862898971439e-03,3.348994117716395241e-02,3.306449822561054359e-03,1.915581936329647681e-03,1.156372910859600374e-02,0.000000000000000000e+00,5.302369527595421697e-03,7.482696279258928100e-03
4.620949385636642474e-03,7.781460957962357816e-02,0.000000000000000000e+00,0.000000000000000000e+00,7.397714995912821508e-03,8.775002117571347252e-03,0.000000000000000000e+00,0.000000000000000000e+00,0.000000000000000000e+00,5.200795314665623663e-03,0.000000000000000000e+00,9.027797282048475452e-03,1.089723061701851651e-03,0.000000000000000000e+00,3.771946091156568818e-03,0.000000000000000000e+00,0.000000000000000000e+00,0.000000000000000000e+00,0.000000000000000000e+00,0.000000000000000000e+00,0.000000000000000000e+00
8.398788978924317389e-03,0.000000000000000000e+00,0.000000000000000000e+00,0.000000000000000000e+00,0.000000000000000000e+00,8.906173114926545578e-03,0.000000000000000000e+00,0.000000000000000000e+00,3.723515195374579086e-03,1.014943582833990410e-03,1.482845384240263562e-02,4.836606868282959659e-02,0.000000000000000000e+00,0.000000000000000000e+00,8.133378595320843105e-03,7.529180194046446346e-03,0.000000000000000000e+00,4.408485313894971828e-03,6.460771116153450275e-03,0.000000000000000000e+00,2.892681388333177058e-03
2.110237558967435409e-02,0.000000000000000000e+00,0.000000000000000000e+00,5.351249703940547109e-03,0.000000000000000000e+00,2.498947016380195004e-03,0.000000000000000000e+00,0.000000000000000000e+00,5.339641045712695787e-03,0.000000000000000000e+00,1.282162609546590171e-03,0.000000000000000000e+00,0.000000000000000000e+00,0.000000000000000000e+00,1.153856749222316458e-02,8.008684967085771128e-03,2.504606071617455389e-03,8.511812558675491830e-03,0.000000000000000000e+00,0.000000000000000000e+00,0.000000000000000000e+00
3.177609537382159247e-03,4.928660544614781730e-03,0.000000000000000000e+00,0.000000000000000000e+00,0.000000000000000000e+00,4.871269442150031985e-03,1.897132855973338809e-03,2.838675379475014485e-03,4.566757336790443038e-03,9.538698183520129617e-03,0.000000000000000000e+00,0.000000000000000000e+00,0.000000000000000000e+00,4.371788213480997352e-03,8.116175655351467316e-03,8.369012008509320311e-03,5.310147056987992754e-03,2.535314980385798035e-03,3.593491314765275349e-03,0.000000000000000000e+00,0.000000000000000000e+00
0.000000000000000000e+00,0.000000000000000000e+00,0.000000000000000000e+00,1.421599569231517084e-02,4.375985126034462151e-03,2.403353587784385834e-03,0.000000000000000000e+00,3.118079186693917867e-03,0.000000000000000000e+00,2.684608350280680983e-03,2.858225839308173137e-03,0.000000000000000000e+00,6.637353389952532420e-04,2.356381136536513272e-03,2.188898834939480720e-03,3.284112590385835327e-03,1.913358114388536563e-02,2.523074250337578074e-03,2.881871182778362583e-03,8.147480822013578212e-04,1.385682092550662679e-02
0.000000000000000000e+00,3.860571015592337459e-03,1.111592240022737064e-02,0.000000000000000000e+00,1.549355912112622587e-02,1.193302613392573271e-02,0.000000000000000000e+00,1.218861251083619771e-02,0.000000000000000000e+00,5.573867199706438597e-03,2.870190626146622986e-02,0.000000000000000000e+00,3.235720998180622882e-03,0.000000000000000000e+00,3.001314183532916447e-03,4.839793324651666881e-03,1.813988886324330221e-03,1.179349384262943015e-02,8.028864218358080021e-03,6.042510202033429985e-03,4.140570894032658683e-02
3.666925466697148073e-03,1.389296452648035134e-02,0.000000000000000000e+00,0.000000000000000000e+00,0.000000000000000000e+00,1.742359216221963866e-02,2.548753909831676101e-03,0.000000000000000000e+00,1.908432344757215451e-03,4.636420685934756515e-03,4.156415053832428208e-03,2.614893592187150090e-03,1.058217463573877821e-03,0.000000000000000000e+00,2.536316243148215802e-03,1.289456468831249453e-03,2.651801708293966952e-03,6.176265096399163185e-03,0.000000000000000000e+00,1.788713319416926220e-03,0.000000000000000000e+00
8.234424353102953731e-03,0.000000000000000000e+00,0.000000000000000000e+00,0.000000000000000000e+00,9.880975564914708936e-03,1.538300697663715251e-02,4.593660416426203694e-03,6.106516368731337331e-03,0.000000000000000000e+00,7.039770217179408020e-03,6.939316346238364429e-03,0.000000000000000000e+00,4.654582774898142171e-03,0.000000000000000000e+00,2.520927916933752948e-03,6.264224689494353633e-03,3.155240250990288577e-03,2.248288374503044224e-03,0.000000000000000000e+00,3.983412438219638939e-03,0.000000000000000000e+00
0.000000000000000000e+00,1.125850842904364824e-02,2.653923901594328148e-03,0.000000000000000000e+00,0.000000000000000000e+00,3.530094955072135641e-03,1.374708764501308966e-02,7.835579871686336462e-03,7.791336665999705306e-03,0.000000000000000000e+00,1.076231246583315591e-03,0.000000000000000000e+00,4.082946288829759321e-04,0.000000000000000000e+00,2.673305181857225845e-03,7.929732041665232128e-03,1.371726546795501434e-02,5.041265351675786217e-03,3.901287697868139389e-03,6.159639192119141515e-03,0.000000000000000000e+00
5.216515971580419977e-03,3.036204328056746077e-03,7.302022822717722100e-03,6.704148858176971378e-03,2.623703007117068886e-02,1.376127715207865580e-02,1.116031810503772398e-02,0.000000000000000000e+00,2.651302663309968062e-03,3.132220400347141519e-03,0.000000000000000000e+00,7.471841342016530448e-03,1.469053418915150294e-03,0.000000000000000000e+00,0.000000000000000000e+00,3.244922790794801948e-03,4.154516927592696689e-03,4.832187848064791076e-03,1.339225094600912311e-02,0.000000000000000000e+00,0.000000000000000000e+00
0.000000000000000000e+00,0.000000000000000000e+00,0.000000000000000000e+00,0.000000000000000000e+00,1.509806846466270336e-02,3.052409614818714454e-03,0.000000000000000000e+00,0.000000000000000000e+00,4.512722354542021870e-03,0.000000000000000000e+00,0.000000000000000000e+00,2.772444724802986503e-03,2.194274929848209245e-03,0.000000000000000000e+00,6.073498524672839988e-03,1.156328836316802139e-02,1.276543397467270850e-02,1.494048891354147384e-03,8.108214160476707316e-03,0.000000000000000000e+00,2.543117620301535951e-03
1.164612716688701380e-02,7.533948216653093416e-03,0.000000000000000000e+00,7.467986251317862596e-03,0.000000000000000000e+00,3.413874611356124047e-03,3.772811246751953118e-03,0.000000000000000000e+00,0.000000000000000000e+00,1.269028490498027434e-02,0.000000000000000000e+00,1.316419691700879829e-02,8.836073222252915568e-03,3.919807628699763929e-02,0.000000000000000000e+00,7.812843475201025970e-03,0.000000000000000000e+00,2.999097993215195899e-03,2.755776374703023529e-03,2.642528058846162643e-03,9.608135693329775823e-03
0.000000000000000000e+00,0.000000000000000000e+00,8.712712888024149935e-03,0.000000000000000000e+00,0.000000000000000000e+00,0.000000000000000000e+00,0.000000000000000000e+00,0.000000000000000000e+00,2.274293881871747650e-03,3.804569668492429647e-03,0.000000000000000000e+00,0.000000000000000000e+00,0.000000000000000000e+00,0.000000000000000000e+00,4.141985430573421473e-03,0.000000000000000000e+00,0.000000000000000000e+00,0.000000000000000000e+00,4.160784806538926628e-03,0.000000000000000000e+00,8.623786501874088767e-03
5.985723950685774980e-03,2.550749498084006490e-03,0.000000000000000000e+00,0.000000000000000000e+00,0.000000000000000000e+00,0.000000000000000000e+00,4.603972527928658354e-02,0.000000000000000000e+00,1.040354416958654687e-02,7.668775015165648322e-03,0.000000000000000000e+00,0.000000000000000000e+00,1.951003073909932800e-02,5.926406423452503652e-02,0.000000000000000000e+00,8.619350251838974603e-03,1.909617087174208735e-02,2.280546832633463961e-03,0.000000000000000000e+00,0.000000000000000000e+00,0.000000000000000000e+00
2.288734047185198624e-03,3.274794895226368872e-03,0.000000000000000000e+00,0.000000000000000000e+00,3.065309897581593255e-03,2.958969057713992535e-03,1.651154257665817665e-03,2.456391817615276307e-03,2.924870822348277135e-03,1.940001883169969457e-03,9.731346784044623372e-04,1.778151521157352900e-03,4.468588821619964672e-03,2.576742895077386696e-03,2.873217935876657379e-03,3.058735163992843103e-03,2.815292618596143548e-03,2.610358941960744337e-03,2.744187967813433056e-03,2.904001812905966304e-03,0.000000000000000000e+00
0.000000000000000000e+00,1.260045300392887216e-02,5.203014478771739865e-02,4.016777291535810271e-03,4.163186202191007136e-03,2.094173825770203907e-03,6.319593373446294807e-03,5.185347169237966396e-03,2.426777767450610628e-03,2.680535045653034687e-03,3.457169117591073985e-03,1.430153721635230718e-03,2.322622405719058057e-03,0.000000000000000000e+00,2.742280630468786271e-03,3.024273436458383823e-03,2.778820167487777975e-03,2.529653038849944292e-03,3.099791311778017210e-03,3.090132190994135646e-03,1.671786247006332160e-02
2.395045238578283591e-03,2.612624627200932272e-03,3.336177142850070814e-03,0.000000000000000000e+00,1.626318622785771599e-03,2.760385062937578075e-03,1.789167598772652265e-03,2.811247203138191389e-03,1.995024508845396130e-03,1.028068981785128710e-03,4.882920222038278184e-03,2.880525668955502636e-03,1.516825729757040895e-03,1.799766840430489477e-03,4.564860991961156890e-03,2.067882798973387504e-03,1.999635746795275833e-03,2.745840362721026651e-03,0.000000000000000000e+00,3.979011903702493226e-03,0.000000000000000000e+00
1.949759622018479603e-03,2.708348754958653064e-03,0.000000000000000000e+00,0.000000000000000000e+00,2.330391731214412170e-03,3.053912998905080386e-03,7.647820624481243461e-04,2.910810603552044067e-03,3.119234933346678833e-03,2.001017318536239820e-03,0.000000000000000000e+00,2.835051465059468256e-03,2.896731163267008465e-03,2.507133448124340518e-03,1.592762375612784753e-03,2.773041946604924181e-03,1.921009091892820824e-03,0.000000000000000000e+00,2.241719312817103474e-03,2.296972788599247958e-03,3.589562516320636554e-02
2.887348891298846445e-03,0.000000000000000000e+00,2.570862045100628240e-03,0.000000000000000000e+00,2.927414052408091466e-03,2.534471219443359263e-03,2.286533050218747445e-03,4.054056970669093173e-03,3.058626718762254195e-03,2.018521198910918236e-03,1.719619260035925657e-03,2.907178761711095086e-03,1.948168926441187342e-03,1.895159766278670067e-03,3.134467774500817802e-03,2.588614460869093255e-03,2.443426755979966405e-03,2.601335845406342780e-03,2.415152255628919345e-03,4.142537393846940259e-03,2.013483077408131233e-02
8.619539618397800695e-03,6.823844039572389553e-03,3.109593925541479648e-02,7.854685521865583872e-03,7.913930661337135672e-04,0.000000000000000000e+00,1.459944734060508037e-02,9.599266822254608547e-03,5.878451070107166415e-03,5.638193356563452920e-03,1.726528847939521813e-02,4.021271191505041732e-03,5.961170978514369369e-03,8.877613842873440658e-03,7.533286154007430221e-03,5.337082056825965745e-03,6.051930007644618949e-03,5.909475706384027631e-03,5.551946840636302200e-03,9.620380275312813770e-03,9.317131240518401400e-03
1.981705783937441276e-03,4.781014318831356379e-03,0.000000000000000000e+00,3.070547136984462695e-03,3.967921972641871679e-03,4.286597880164821732e-03,4.964495278930150003e-03,2.635568224050676908e-03,3.842886236240741164e-03,3.121211312238734905e-03,2.564988219019152891e-03,6.414310378284840408e-03,2.842037969959399207e-03,3.546468628354536041e-03,3.860099975549750005e-03,4.815789854914935726e-03,2.671905713890809341e-03,2.441411239031263634e-03,3.012577423451728333e-03,3.694374416202562267e-03,1.795201813463611490e-02
6.821127123835014038e-03,3.738436883246687090e-03,0.000000000000000000e+00,5.479628915447539231e-03,3.065683828931875434e-03,5.193307812814839178e-03,1.307549984786333941e-02,7.464447695102727903e-03,8.163759124787291210e-03,1.213789177395517213e-02,2.234713252218509250e-03,0.000000000000000000e+00,8.437959931786323531e-02,2.305119469344398681e-02,7.204396811453830408e-03,1.011704136594663087e-02,0.000000000000000000e+00,3.033739950106756431e-03,5.598497249433366345e-03,0.000000000000000000e+00,0.000000000000000000e+00
1.816983709715106615e-02,8.682756089128289625e-03,5.614153906593008329e-03,6.603253526425342454e-03,2.817045714397438567e-03,0.000000000000000000e+00,0.000000000000000000e+00,9.439115374103496103e-03,4.164057910870786437e-03,5.295184257026810948e-03,5.258624520911245499e-03,4.452393425128918850e-03,6.650664646207843020e-03,7.967401047101630579e-03,4.739270599844414011e-03,6.697431034958746185e-03,3.544201889915010034e-03,7.566640612077841013e-03,4.822149770380647696e-03,3.740570337117418102e-03,1.039734010943392170e-02
1.343808882733273265e-02,0.000000000000000000e+00,1.072721613526587091e-02,0.000000000000000000e+00,0.000000000000000000e+00,1.596989471214003845e-03,9.854343118483273323e-03,0.000000000000000000e+00,4.028553437841108677e-03,1.355766321886688573e-02,5.223393086843356944e-03,6.073223596317594251e-03,6.479892295057059631e-03,0.000000000000000000e+00,6.490811392918882303e-03,7.065462512493586415e-03,7.010770264588454814e-03,6.216343241230702123e-03,1.110482371351924173e-02,0.000000000000000000e+00,1.370961120836791843e-02
5.001608167262995563e-02,8.714868076270419414e-03,7.108849875406289542e-03,1.081192262198517676e-02,2.832946354545088849e-03,6.086172896278381310e-03,1.091527984028672210e-02,1.027444473802220301e-02,4.801969119522829683e-03,3.331229971603687050e-03,1.255427433035857451e-02,5.674051378964033165e-03,0.000000000000000000e+00,0.000000000000000000e+00,2.885954742646739280e-03,0.000000000000000000e+00,2.110375955127167039e-02,1.704522221813612598e-02,2.038411603381505219e-02,3.596101715805807841e-03,8.454879180623263088e-03
4.883955020632999369e-03,4.035852355851934220e-03,0.000000000000000000e+00,2.777044724619093675e-03,1.102067505007882061e-03,6.790937045023588518e-03,4.065065733590502231e-03,7.792892124342439171e-03,3.517729239438735153e-03,4.961160830110664284e-03,2.744441363155832037e-03,4.629219886912790995e-03,4.438868754690657517e-03,3.978961042259764741e-03,3.787266284804028521e-03,5.430474367269539672e-03,4.114943975560518032e-03,4.138825481636057915e-03,4.787448834347955880e-03,2.841802894539199702e-03,1.606739002412982051e-02
0.000000000000000000e+00,5.986250178966735780e-02,0.000000000000000000e+00,0.000000000000000000e+00,4.616468465042117102e-03,7.817796175529006381e-03,0.000000000000000000e+00,1.192176522623063749e-02,1.633623634388078807e-03,5.255596198256043058e-03,2.707710204750708900e-03,0.000000000000000000e+00,3.673194922574724366e-03,4.482364233298325069e-03,0.000000000000000000e+00,5.333839275535579537e-04,5.764212054830356730e-03,1.521867884970643653e-02,5.744487523267218995e-03,0.000000000000000000e+00,0.000000000000000000e+00
0.000000000000000000e+00,8.787056316105176443e-03,0.000000000000000000e+00,0.000000000000000000e+00,5.122873695963740641e-03,0.000000000000000000e+00,4.530243304657704216e-03,1.403462320575553195e-02,3.197349508219566195e-03,4.388008289412148426e-03,0.000000000000000000e+00,4.544484642943798572e-03,1.050522856157122369e-02,0.000000000000000000e+00,4.761414222724521389e-03,4.823968023565460873e-03,3.422247714942804834e-03,1.447195679402853152e-02,0.000000000000000000e+00,0.000000000000000000e+00,0.000000000000000000e+00
4.792597468318188919e-03,5.852818739132675287e-03,8.631911641382689071e-03,3.657718899871474551e-03,6.091620986711317534e-03,4.742679825316828413e-03,4.674597260805091886e-03,2.369698548433345122e-03,3.037550581789311577e-03,6.688242912777764455e-03,4.021585385923434099e-03,6.453267610807802285e-03,0.000000000000000000e+00,4.794601287359877111e-03,3.499209923442742499e-03,5.899621670431203467e-03,6.383264663888636378e-03,5.183185057651105120e-03,4.108077732155044834e-03,5.327457680721120817e-03,1.967897049011295592e-03
4.113368337549445052e-03,5.414524933793534237e-03,0.000000000000000000e+00,4.595315536719331295e-03,7.366661518576392807e-03,3.870588620712089693e-03,8.293668779297023314e-03,7.323795589557776861e-03,4.143601064645821043e-03,7.189631274964904291e-03,0.000000000000000000e+00,4.479427547789668895e-03,2.144083448727060037e-03,3.887370446236932623e-03,4.215271369830789726e-03,4.165823148474129614e-03,5.013641608999993768e-03,7.799738650239874602e-03,5.006601307103342169e-03,9.187495334867208999e-03,0.000000000000000000e+00
1.641002480986863748e-03,0.000000000000000000e+00,0.000000000000000000e+00,5.634000296301201575e-03,1.702401352790498508e-03,7.919305404759064554e-03,8.332722729645632848e-03,2.777777120643501203e-03,4.422094736288826461e-03,3.548082520395362798e-03,4.644336140157591906e-03,3.784461126937732709e-03,3.875102706524168657e-03,2.584854012618467180e-03,2.756863168291588152e-03,7.289303819589521699e-03,6.602098485122829749e-03,4.204080253708392632e-03,0.000000000000000000e+00,7.405000979854185761e-02,0.000000000000000000e+00
3.753625684534817302e-03,2.681222534489746678e-02,7.180133604942054784e-03,0.000000000000000000e+00,5.329004825104595791e-03,5.440414819213194864e-02,8.914577614090261198e-03,1.092768759440633335e-02,9.783467679421113672e-03,2.713893250272835650e-03,7.709085517348395963e-03,9.355009087856556299e-03,1.886790304914243762e-03,1.448147634882374253e-02,1.744830353853579763e-02,3.571262723699212063e-03,6.208732408506249453e-03,7.378895170041698502e-03,0.000000000000000000e+00,6.555434811978291636e-03,0.000000000000000000e+00
6.885170745416155369e-03,0.000000000000000000e+00,4.996565007998643969e-03,0.000000000000000000e+00,6.120228137208320353e-03,8.889527021150376088e-03,1.070434599739290490e-02,2.102525233468476810e-03,3.783472800861933157e-03,4.724636330516751061e-03,8.805336302067921436e-03,5.151386798175073764e-03,7.451029165141732392e-03,5.372577405627609534e-03,3.796789990600576460e-03,6.154286659876766208e-03,4.734690995525548014e-03,3.424923509274888176e-03,1.185722298962251300e-02,3.155982643594569884e-03,4.979257802578050847e-03
5.793387836148739325e-03,3.898363485014076819e-03,8.859965837585841164e-02,3.474717264278208255e-03,1.435797211860038308e-02,3.278135387836224671e-03,8.998998006947899961e-03,5.410971328468410120e-03,5.871854387919154400e-03,5.019718635446553286e-03,7.440700693224326645e-03,7.175309340656057557e-03,6.742338279618844202e-03,4.396775280647352915e-03,4.505254521153847710e-03,0.000000000000000000e+00,4.163929859388716681e-03,3.514016620241088538e-03,0.000000000000000000e+00,1.456352302946409966e-02,4.122096530550750648e-02
7.409347148606577720e-03,1.958733732774203470e-02,7.981819652059450945e-03,4.056710474718295753e-03,5.694986657092433388e-03,5.211474585785186645e-03,5.010656304129161576e-03,6.527890213275305137e-03,9.123418240264939347e-03,6.141178196130118831e-03,5.862039305396958902e-03,9.239851780760997835e-03,0.000000000000000000e+00,3.631519599557262064e-03,5.891149442701730347e-03,2.205535070455475616e-02,7.029699894035309690e-03,0.000000000000000000e+00,0.000000000000000000e+00,1.810513674829560340e-02,4.663701200846114177e-03
4.770223369527467304e-03,0.000000000000000000e+00,0.000000000000000000e+00,0.000000000000000000e+00,0.000000000000000000e+00,1.203619640433735601e-02,0.000000000000000000e+00,0.000000000000000000e+00,1.176692991461332494e-02,4.103407050884336216e-02,6.921964703933773319e-03,1.518834567441215873e-02,1.152876051194450316e-02,0.000000000000000000e+00,4.778206518459456043e-03,4.274816594976493279e-03,2.555713190318813482e-03,7.230251223510814930e-03,6.905356325344216492e-03,2.393185108619628673e-02,5.163136487078024209e-03
1.120296635088362941e-02,1.786133318888654883e-02,0.000000000000000000e+00,2.884227236066093814e-03,3.158941123429976922e-03,6.189707198223127170e-03,0.000000000000000000e+00,4.138999912691400732e-03,4.624871189573459378e-03,3.977092229005660569e-03,4.338692602729693308e-03,2.285246715436715578e-02,1.335815670553515931e-02,4.750447720089179780e-03,3.270315660037355267e-03,0.000000000000000000e+00,0.000000000000000000e+00,3.986051539902169850e-03,3.482886231877316101e-03,0.000000000000000000e+00,0.000000000000000000e+00
0.000000000000000000e+00,1.522643408554871965e-02,1.970595244124302703e-02,0.000000000000000000e+00,0.000000000000000000e+00,7.742921427555831716e-03,0.000000000000000000e+00,0.000000000000000000e+00,9.808340137330482517e-03,3.241955789123004712e-03,1.395835335343259195e-02,1.143837771604954388e-02,6.208344184570668833e-03,0.000000000000000000e+00,3.335712110568014605e-03,5.196845575232911935e-03,2.668473722442262983e-02,9.711525250746399704e-03,0.000000000000000000e+00,9.432280639248370735e-03,0.000000000000000000e+00
0.000000000000000000e+00,7.559330911043324504e-03,7.005490669939357963e-03,0.000000000000000000e+00,0.000000000000000000e+00,2.659955462387778111e-03,5.077620078423754173e-03,2.120885444956886398e-02,7.608605578876564794e-03,6.168201395288894391e-03,5.752136534160226175e-03,6.259384187158462988e-03,4.363986727156908725e-03,0.000000000000000000e+00,5.095262537293253867e-03,7.071142278725844367e-03,5.114366270867039266e-03,4.391870449051231938e-03,5.901254583980503586e-03,3.670678806867785395e-03,1.073987049307017529e-02
0.000000000000000000e+00,0.000000000000000000e+00,0.000000000000000000e+00,0.000000000000000000e+00,6.126198125134618179e-03,7.287148856269687336e-03,0.000000000000000000e+00,1.422359000943460884e-02,1.416167295084329140e-02,1.134691480455937707e-02,6.874533082593806133e-02,0.000000000000000000e+00,0.000000000000000000e+00,0.000000000000000000e+00,4.655551027460188597e-03,7.713263456996695411e-03,1.484754035935502772e-02,9.835096878536758735e-03,0.000000000000000000e+00,4.003515635226067432e-02,7.565477752884133648e-03
4.142273699686353262e-03,0.000000000000000000e+00,0.000000000000000000e+00,2.312572595684046946e-03,4.251553238101190603e-03,4.066687740804930673e-03,2.387660650458544014e-03,4.336350535053789569e-03,4.320288847401948344e-03,3.143248335582672290e-03,5.979135424608361497e-03,1.011534903566341020e-03,2.641764796701534610e-03,4.757585079819451335e-03,2.199409913328835998e-03,2.311809591415691766e-03,6.020309818559672899e-03,4.502593462168781591e-03,5.304629099827660836e-03,3.553365792566369041e-03,1.919102081533684539e-03
0.000000000000000000e+00,0.000000000000000000e+00,5.135788275676143010e-03,0.000000000000000000e+00,7.108686332651130077e-03,7.945222940608986581e-03,9.184048708640006262e-03,1.058235261042624574e-02,4.638883953270634200e-03,5.384276346608308367e-03,0.000000000000000000e+00,7.423271859848716916e-03,5.567727219369507548e-03,8.486598140856414785e-03,5.042572298236565158e-03,5.337241501519107006e-03,2.311775523427922821e-03,5.427998375934862951e-03,7.742050087936516028e-03,0.000000000000000000e+00,9.290972942789348099e-03
0.000000000000000000e+00,0.000000000000000000e+00,0.000000000000000000e+00,6.330773583122563733e-03,2.801836518847304787e-03,5.395649924102884250e-03,1.295567433399338886e-02,0.000000000000000000e+00,3.509574158189908769e-03,7.010865052497864368e-03,8.857895642604120268e-03,4.870612729821152155e-03,7.347631918446364402e-03,3.251156292634302392e-02,1.092724550798859946e-02,7.905138411611028603e-04,1.800748474734303189e-02,5.161109540212970373e-03,2.155792181396720339e-02,0.000000000000000000e+00,1.626621322074213449e-02
0.000000000000000000e+00,5.323574930215920972e-03,5.646648001311325819e-03,3.656419894941763653e-03,8.569783325678172886e-03,5.308928984195688573e-03,3.823847397526400262e-03,2.812754142227363342e-03,7.064851409956811150e-03,5.215216191847240300e-03,6.458073636616205870e-03,5.772544321095259001e-03,5.618664285370517791e-03,5.459450973620776255e-03,6.217610682683149745e-03,4.780338030045637281e-03,4.366985542892417964e-03,5.449307401652699404e-03,6.414932499011749382e-03,5.493086620589466423e-03,2.201538920053441872e-02
0.000000000000000000e+00,0.000000000000000000e+00,4.774873248739801117e-03,4.594089071548063466e-03,5.125113961610251213e-03,6.754676649614566389e-03,0.000000000000000000e+00,3.749067247833048379e-03,7.212249896539777751e-03,4.796958858892641508e-03,5.787269313220035245e-03,5.726495517465325646e-03,6.167266792430263142e-03,0.000000000000000000e+00,2.908906339065215740e-03,4.949891465033827952e-03,3.813666957315313237e-03,5.283236658606788212e-03,8.371020666671200733e-03,8.744596758610927861e-03,5.693440637225737067e-02
1.141362870265438118e-02,1.317823779264854639e-02,0.000000000000000000e+00,7.936364211854835329e-03,2.784220289306743069e-03,1.007638808312531255e-02,7.742629977636312187e-03,0.000000000000000000e+00,0.000000000000000000e+00,4.188383531753288487e-03,6.490899503726275596e-03,0.000000000000000000e+00,3.174595392563473589e-03,1.567434220691162061e-02,2.951209415466789655e-03,4.178442854970518955e-03,3.736265326392449859e-03,3.839840941508828980e-03,0.000000000000000000e+00,0.000000000000000000e+00,4.970209828057592719e-03
4.812487594631090736e-03,6.339949747222193080e-03,8.380000884515306780e-03,6.558316879924071773e-03,5.449926751171590110e-03,7.510554855834116264e-03,1.497970611695967867e-02,1.052818244715690750e-02,4.741034379859182177e-03,5.071186064248003715e-03,5.451850586932389248e-03,7.396008234534906176e-03,3.857268105089809319e-03,0.000000000000000000e+00,6.019617951369740476e-03,0.000000000000000000e+00,5.473635955251291395e-03,7.881119725668054091e-03,1.409582624917448193e-02,0.000000000000000000e+00,6.319668637481722431e-03
0.000000000000000000e+00,4.878763199482090071e-03,0.000000000000000000e+00,0.000000000000000000e+00,5.512510975388377685e-03,5.000245791859769980e-03,0.000000000000000000e+00,9.206477135694897396e-03,2.584363664802493982e-03,5.471753612820499414e-03,0.000000000000000000e+00,8.223220410508713663e-02,4.097118448303804089e-03,1.601992312934728477e-02,7.022726406640421824e-03,4.869156232046862980e-03,1.367253038275737659e-02,5.714875207264852319e-03,6.028641883585926162e-03,5.445798642903609821e-02,1.062756047410707248e-02
6.160086213192361715e-03,1.101514743373792002e-02,0.000000000000000000e+00,0.000000000000000000e+00,7.007091636846827024e-03,4.529444943675254784e-03,4.340101885771063990e-03,0.000000000000000000e+00,3.991294920508211587e-03,1.052106886084445102e-02,1.802405998460729700e-02,5.741587995563944904e-03,7.367291238618332329e-03,0.000000000000000000e+00,7.931499682876411508e-03,0.000000000000000000e+00,2.167597717260287896e-03,4.557187161067751020e-03,4.276018620179443744e-03,1.366346873212069025e-02,0.000000000000000000e+00
0.000000000000000000e+00,0.000000000000000000e+00,0.000000000000000000e+00,4.132189476184894121e-03,4.914706289092152583e-03,9.432156342702323684e-03,0.000000000000000000e+00,6.184498773295510170e-03,1.694062154540618668e-03,4.283841067784225319e-03,5.511078423204405531e-03,7.831940827902483457e-03,7.861885823248499633e-03,0.000000000000000000e+00,5.587586765100546575e-03,5.637985704573442863e-03,1.049196034179518573e-02,1.032034140652151807e-02,7.935436182661901802e-03,0.000000000000000000e+00,0.000000000000000000e+00
6.395864644166544995e-03,0.000000000000000000e+00,7.960508566176683481e-03,9.808848609837694452e-03,1.124047368023764829e-02,5.827917078188485367e-03,5.137553843552119213e-03,1.039320413729340892e-02,6.412855804811817308e-03,4.469842739184964019e-03,3.238752685348499430e-03,4.244721664645296176e-03,3.975866276127742842e-03,1.808458566752583216e-03,3.481613625778026341e-03,8.322163821630383998e-03,2.381681352765311396e-03,4.600426681376542336e-03,5.404462882303682006e-03,9.456800076925446497e-03,0.000000000000000000e+00
0.000000000000000000e+00,0.000000000000000000e+00,0.000000000000000000e+00,9.431594392216831671e-03,0.000000000000000000e+00,9.111560913363580400e-03,2.381418217375986732e-03,0.000000000000000000e+00,2.671594065181725694e-03,2.850541573010388109e-03,9.249822581111235079e-03,2.395304975228769798e-02,4.343142639138215799e-02,0.000000000000000000e+00,6.912860146476821829e-03,1.101353963646051898e-02,6.735429993229550931e-03,2.050041302840683363e-03,6.741291700021291751e-03,2.676373157652451804e-02,1.088624163589843770e-02
6.770637442838460703e-03,8.640819769736806516e-03,0.000000000000000000e+00,0.000000000000000000e+00,0.000000000000000000e+00,1.609070923343261864e-02,1.213477668281261884e-02,1.480224298643737293e-02,1.707116997904347885e-02,5.214870587982137727e-03,0.000000000000000000e+00,5.032304104248300561e-03,2.494909439850947781e-03,4.540726252644565995e-03,7.077965847534306056e-03,8.857422662754332529e-03,3.803849906766271216e-03,8.254335096403123129e-03,0.000000000000000000e+00,0.000000000000000000e+00,0.000000000000000000e+00
2.018146499573941852e-03,0.000000000000000000e+00,9.833449945655891450e-03,8.330846878586622983e-03,0.000000000000000000e+00,7.848811251523557866e-03,7.759579996761305394e-03,0.000000000000000000e+00,0.000000000000000000e+00,4.758356515000098166e-03,0.000000000000000000e+00,9.589846341702762400e-03,9.574655519090010183e-03,6.945092618356705182e-03,7.209451452016782912e-03,5.791203210927688486e-03,9.340211359962949378e-03,4.960344570787877244e-03,3.463653520007843340e-03,0.000000000000000000e+00,1.245425081070124923e-02
1.498280589226342295e-02,1.094870714258914558e-02,0.000000000000000000e+00,0.000000000000000000e+00,5.906317358017553441e-03,9.702848915856604126e-03,1.028193735763956000e-02,7.924463154696003916e-03,8.667017433232339710e-03,0.000000000000000000e+00,0.000000000000000000e+00,5.090124248881399555e-03,1.218614108764911989e-02,0.000000000000000000e+00,3.211465043175910482e-03,1.162483185956195327e-02,7.469182081854337102e-03,5.512770490321382277e-02,0.000000000000000000e+00,6.882827028470490938e-03,0.000000000000000000e+00
7.206245236500230002e-03,0.000000000000000000e+00,2.944289164622495777e-02,0.000000000000000000e+00,6.144266374687660029e-03,7.949180800054867976e-03,4.536914723958796955e-03,4.335445729895614705e-03,4.686308608681741435e-03,2.945280811619877415e-03,4.564429623298616769e-03,5.360167754575911186e-03,4.171872819069895322e-03,5.087335099194018571e-03,4.216622032987209050e-03,5.670799739586476935e-03,2.373369515318331582e-03,3.938217686292907853e-03,7.152153911158073973e-03,2.739446266613016368e-03,0.000000000000000000e+00
7.262742749821042045e-03,2.941490602386158740e-02,0.000000000000000000e+00,0.000000000000000000e+00,6.827639824268607292e-03,1.449084726381240917e-01,0.000000000000000000e+00,0.000000000000000000e+00,7.381281547712501175e-03,5.133069391276849115e-03,1.478674737436191759e-02,1.044753615653157622e-02,6.440491220319971913e-03,0.000000000000000000e+00,0.000000000000000000e+00,6.170373509452989173e-03,8.790268031708532021e-03,1.224734018239059287e-02,0.000000000000000000e+00,7.754533224988379575e-03,0.000000000000000000e+00
6.268094352029187147e-03,5.740986808116793107e-03,1.789546799822906709e-02,0.000000000000000000e+00,9.857417876498273529e-03,5.726257449419726482e-03,5.824416487523947222e-03,7.245323404924417475e-03,5.271487150006692012e-03,6.214503794224003966e-03,7.189982591537446774e-03,8.969874505475733395e-03,6.686163337657514971e-03,0.000000000000000000e+00,0.000000000000000000e+00,3.504368644019400635e-03,1.032124524566905080e-02,9.730146475619011470e-03,1.968078811832122202e-02,1.032596986973020534e-02,0.000000000000000000e+00
