1.173293946051070548e-02,7.846126218809286804e-03,-9.990000000000000000e+02,-5.153082504907083305e-02,-3.822393336216856757e-02,-1.131903232464185477e-01,-9.990000000000000000e+02,-5.267187200890779269e-02,2.615625551387228478e-02,1.126117394820284716e-02,-1.000000000000000000e+03,-1.884953491578500173e-01,-9.800566908550635559e-02,4.220192062929308680e-02,6.627360955152250543e-02,-5.165802484637734698e-02,5.534281303695473553e-03,-1.695708624921833446e-03,-9.279228777331355316e-02,4.894154126322661919e-02,-1.942668120360168393e-01
-9.990000000000000000e+02,-1.099077345291229885e-01,-1.651769885585651076e-01,-1.340473616472734053e-01,-3.320945157225114186e-01,-1.693341413259338013e-01,-2.060886560814488011e-01,-1.000000000000000000e+03,-8.295478370643266652e-02,-1.386073129283647842e-01,-2.692351355135544355e-01,-9.990000000000000000e+02,-1.543865890563211052e-01,-1.000000000000000000e+03,-1.630051506888135215e-01,-1.402829422551557237e-01,-1.106831712490272124e-01,-6.541456825868328939e-02,-1.549620982072914266e-01,-7.414129208223364798e-02,-9.407192988127736910e-02
-6.489236287828419047e-02,-9.990000000000000000e+02,-1.718783440689574948e-01,-1.894737289750477449e-01,-9.568456795633044354e-02,-1.308841286973171092e-01,-1.329952576947590337e-01,-9.223706977128125206e-02,-1.339319422087458522e-01,-1.557518418296663099e-01,-1.152519289847019207e-01,-1.446585761506570533e-01,-1.787108147322203633e-01,-2.077215574305985024e-01,-1.185687570899311566e-01,-1.000000000000000000e+03,-1.101083101985729923e-01,-1.604353296073593727e-01,-1.684420789246031669e-01,-1.603460092740881526e-01,-8.833737680045250507e-02
-1.012352172671256295e-01,-9.990000000000000000e+02,-9.990000000000000000e+02,-1.543281312586370357e-01,-1.901246797468389982e-01,-8.925032514020263263e-02,-9.497855992086885746e-02,-6.239421579022567249e-02,-1.182574508986161538e-01,-1.000000000000000000e+03,1.154561567900421609e-01,-1.138444624463183924e-01,-1.261770997375812609e-01,-9.990000000000000000e+02,-1.251235860163457947e-01,-1.607818625053227812e-01,-1.570783823869117413e-01,-1.311205165584644096e-02,-1.487849215898877642e-01,-1.342277409349375838e-01,-1.565292629270724767e-01
-2.099866221788441456e-01,-7.730892979856322789e-02,-1.028419037876637382e-01,-8.144233940254635984e-02,-8.479846072643583421e-02,-1.570076850643310762e-01,-1.767691613466759737e-01,-1.000000000000000000e+03,-1.482389786546755850e-01,-1.127952546552879048e-01,-4.683025199330252408e-01,-1.002567318016531761e-01,-2.039131049369338478e-01,-9.990000000000000000e+02,-1.358672520531975236e-01,-9.990000000000000000e+02,-1.226857928449051199e-01,-9.164465535258843609e-02,-1.910540888624475686e-01,-1.428157489821711701e-01,-1.616126844420560926e-01
-1.000000000000000000e+03,-9.990000000000000000e+02,-1.423458971881697288e-01,-9.990000000000000000e+02,-1.552138738321758027e-01,-1.751637839577621092e-01,-8.641931575247030484e-02,-9.990000000000000000e+02,-2.161677271883327422e-01,-1.377718085636649714e-01,-1.571286490667229419e-01,-1.796099028553947152e-01,-2.038201026196169441e-01,-1.616601297933503156e-01,-2.804686345056255914e-01,-1.812099122644768301e-01,-2.344136292284098311e-01,-1.313799701473292447e-01,-1.055910278726643337e-01,-7.778621441621598465e-02,-8.298519583360815244e-02
-1.000000000000000000e+03,-1.000000000000000000e+03,-2.114985900127184237e-01,-2.826364807390865375e-01,-9.872063597587639461e-02,-3.042170555660456133e-01,-6.900113761790165057e-02,-1.015734124736761695e-01,-1.614659092402615514e-01,-1.042330968914675360e-01,-1.121490492839649078e-01,-2.001216115723938316e-01,-7.345941408921573268e-02,-9.990000000000000000e+02,-7.848924139924527699e-02,-7.241211345627592000e-02,-8.687630242535783476e-02,-1.246009833124108040e-01,-9.642639969851325710e-02,-1.728749168140565062e-01,-2.089776683222289988e-01
-1.000000000000000000e+03,-5.865239573298058895e-02,-9.990000000000000000e+02,-1.698557624458013893e-01,-9.888007357705540235e-02,-1.039846163632219822e-01,-1.000000000000000000e+03,-1.475879987457241012e-03,-1.677802244208221605e-01,-1.000000000000000000e+03,-9.829280567541849589e-02,-1.000000000000000000e+03,-1.000000000000000000e+03,-1.000000000000000000e+03,-1.730846095311640298e-01,-1.899712127796938932e-01,-9.004502957749728476e-02,-1.564793136829576436e-01,-1.450037143774252912e-01,-9.990000000000000000e+02,-1.955621129622899801e-01
-1.000000000000000000e+03,-1.000000000000000000e+03,4.741875466057794003e-02,-4.017303859471975103e-01,-1.567991970700159665e-02,1.534483603202841349e-02,-6.943034558885501084e-02,-9.337303846824812625e-02,-5.278243872918361723e-02,-5.785579179558275609e-02,-1.213849030516974264e-01,1.210406370539703902e-01,-9.990000000000000000e+02,-9.990000000000000000e+02,6.435321593077032720e-02,4.805909714399747568e-02,5.026951651183301367e-02,-2.042804938435408280e-01,-5.269639490124334441e-02,-9.990000000000000000e+02,-1.984967857538688929e-01
-9.990000000000000000e+02,1.093710151071700665e-01,7.001623565812372003e-03,6.701964032618751288e-02,-2.839303055541557083e-02,8.398671202626949162e-02,-9.990000000000000000e+02,6.833648872177190692e-02,5.756387854555360811e-02,2.400191576405225069e-02,-1.020225278140550751e-01,-9.990000000000000000e+02,-1.000000000000000000e+03,3.089762677294569451e-02,-4.647436371195327182e-02,1.222990433636226837e-01,1.020897827323165724e-01,-1.000000000000000000e+03,-2.798170439774993676e-02,-9.990000000000000000e+02,-9.990000000000000000e+02
-1.451396196175541442e-01,-1.170819570568064627e-01,-1.000000000000000000e+03,-5.381353150673917618e-02,-1.400900648887287436e-01,-1.200021981980403663e-02,-9.990000000000000000e+02,-1.721695671518347348e-01,-2.359650296981546935e-02,-1.997774392477996430e-01,-1.172906252484682971e-01,5.593294552193653346e-02,-1.000000000000000000e+03,-4.674098217513777270e-02,3.104256652947660899e-02,-7.743394554989711798e-02,-1.914097450768925679e-01,-1.696366983567259845e-01,-1.546474358749269640e-01,-1.392978461050858874e-01,-9.990000000000000000e+02
-7.415540486299072864e-02,-2.182660453136373857e-01,-9.990000000000000000e+02,-9.990000000000000000e+02,-2.370211829067072340e-01,-7.875953382003986203e-02,-1.000000000000000000e+03,-1.000000000000000000e+03,-9.990000000000000000e+02,-1.610890335787060201e-01,-1.217084356906504850e-01,-1.864944199443210049e-01,-1.721231010192843802e-01,-1.702277211361785947e-01,-1.000000000000000000e+03,-4.416020719460830163e-02,-1.773144563952948893e-01,-9.990000000000000000e+02,-9.579600849349241554e-02,-9.990000000000000000e+02,-9.990000000000000000e+02
-1.765221934642458301e-01,-1.000000000000000000e+03,-1.697826048981082858e-01,-1.274493488721009371e-01,-1.755594290306744798e-01,-1.562118342621134914e-01,-5.158983256945140483e-02,-9.990000000000000000e+02,-9.990000000000000000e+02,-6.380160244560356686e-02,-9.990000000000000000e+02,-1.473490705673933254e-01,-5.829899595936156170e-02,-9.990000000000000000e+02,-9.990000000000000000e+02,-1.665173506150404437e-01,-1.456036804388491923e-01,-1.000000000000000000e+03,-1.192553388502499562e-01,-9.990000000000000000e+02,-9.990000000000000000e+02
-1.817452893712002970e-01,-9.990000000000000000e+02,-9.990000000000000000e+02,-9.990000000000000000e+02,-9.990000000000000000e+02,-6.579233854002373982e-02,-9.990000000000000000e+02,-1.000000000000000000e+03,-8.210887807904206082e-02,-1.960450031099446322e-01,-9.990000000000000000e+02,-4.655658733415726225e-01,-1.514987966335905323e-01,-9.990000000000000000e+02,-1.472381755494013011e-01,-7.072729269626733262e-02,-9.245621249117773333e-02,-5.632248477302163187e-02,-9.860176381271811008e-02,-9.990000000000000000e+02,-9.990000000000000000e+02
-2.974472190946566008e-01,-1.000000000000000000e+03,-2.793997337468287490e-01,-1.340814016946501042e-01,-1.140552587199031298e-01,-1.000000000000000000e+03,-1.104197301461152941e-01,-9.990000000000000000e+02,-1.458240377521578257e-01,-9.020481769976214370e-02,-6.821948841210891123e-02,-2.517120752956857888e-01,-1.572474948620682100e-01,-2.198647811320436629e-01,-2.075647740937359986e-01,-1.678183192402648849e-01,-6.219871179346936341e-02,-1.149136819159851247e-01,-8.127181537582732485e-02,-1.000000000000000000e+03,-9.990000000000000000e+02
7.055926328740402820e-02,1.798849055816615153e-02,-9.990000000000000000e+02,-1.179319088955615574e-01,-7.801873346202022053e-02,-1.315851564424996567e-01,-9.990000000000000000e+02,1.442749647253320326e-02,3.102373735303501356e-02,2.511915902397090714e-02,-1.000000000000000000e+03,5.806803539055361424e-02,-1.013743189357769747e-01,-8.153362887905357681e-02,7.345919307112008800e-02,3.544654521702706590e-02,-2.446613932160390803e-02,1.877824072808086456e-02,-9.120488056970882385e-02,-4.251797008909236758e-02,-1.853636171208491168e-01
-1.877901525918168613e-01,7.582485461066194865e-02,-1.000000000000000000e+03,-1.000000000000000000e+03,-9.990000000000000000e+02,6.309237048903766631e-02,-9.990000000000000000e+02,-9.990000000000000000e+02,6.158224883043410269e-05,-1.114633060145690108e-01,-9.990000000000000000e+02,5.789204357580248622e-02,-2.446645817076694707e-01,-9.990000000000000000e+02,-9.990000000000000000e+02,-1.355236954522495152e-01,-1.079166652186328151e-01,-1.612265342945096436e-01,-8.614890382944917491e-02,-9.990000000000000000e+02,-1.437027239249369093e-01
-8.559812994281899845e-02,-1.379703787282517691e-01,-1.000000000000000000e+03,-9.541739864229970003e-02,-6.739832437762051376e-02,2.386589593170298021e-02,-1.000000000000000000e+03,-1.000000000000000000e+03,-1.601425268000878643e-01,-1.083736583658740926e-01,1.315198259540632797e-02,-1.000000000000000000e+03,-1.000000000000000000e+03,-1.923553157268354796e-01,-2.838244329317990422e-02,-1.625792985679506142e-01,-1.000000000000000000e+03,-1.722913646697213086e-01,-9.990000000000000000e+02,-9.990000000000000000e+02,-1.866291192212954364e-01
-1.000000000000000000e+03,4.731597037634704961e-02,-9.990000000000000000e+02,3.455182099724355554e-02,-2.428390777557440719e-02,1.139159866923324278e-02,-9.990000000000000000e+02,-7.143231161111847360e-02,-1.104819876725270274e-02,-1.704133911008888502e-01,2.079800022141338120e-02,3.754098143276004412e-02,-9.990000000000000000e+02,-9.990000000000000000e+02,7.205884981396452026e-03,9.129283421944196786e-02,7.414874028294415886e-02,-6.332583744336676979e-02,-1.347971774675704171e-01,3.162034757084036720e-03,-9.596893838652074959e-02
-1.481691129066618762e-01,-1.000000000000000000e+03,-9.990000000000000000e+02,-1.010848884632051664e-01,-9.990000000000000000e+02,-1.388080837909827780e-01,-1.000000000000000000e+03,1.179361361571824168e-01,-9.990000000000000000e+02,4.806701171269112637e-03,-1.000000000000000000e+03,-1.790510082467389186e-01,-9.990000000000000000e+02,-1.022983372305089483e-01,-1.730920499247630140e-01,-6.239740905482301508e-02,-2.688238297312104882e-02,-9.990000000000000000e+02,-9.379978261297072795e-02,-1.581854759447254843e-01,-1.027122119950443224e-01
-9.990000000000000000e+02,-9.990000000000000000e+02,-1.497180013183727343e-01,-9.990000000000000000e+02,-9.990000000000000000e+02,-1.762142480738379258e-01,-9.469601134951100008e-02,-1.000000000000000000e+03,-6.839100139830207870e-02,-8.519460412842901065e-02,-1.476783803247132543e-01,-1.986061759381931024e-01,-1.000000000000000000e+03,-3.035746952859706971e-01,-1.643783904302439092e-01,-1.544910115962505326e-01,-1.538457631059770570e-01,-1.751031008208987216e-01,-2.136079473521642347e-01,-1.777512992978814710e-01,-1.291846137190335864e-01
-1.276109486594949327e-01,-9.990000000000000000e+02,-9.990000000000000000e+02,-9.990000000000000000e+02,-1.744379103191512626e-01,-1.977642148872390537e-01,-1.556456911420171230e-01,-9.990000000000000000e+02,-9.990000000000000000e+02,-6.705144924155385933e-02,-1.823331811098952426e-01,-7.085920129392375699e-02,-1.901879165043974806e-01,-9.990000000000000000e+02,-1.150414190616815269e-01,-9.990000000000000000e+02,-1.374603915514496233e-01,-9.990000000000000000e+02,-1.000000000000000000e+03,-9.990000000000000000e+02,-1.000000000000000000e+03
-6.861694919384890567e-02,-9.990000000000000000e+02,-1.000000000000000000e+03,2.188646035510445967e-02,1.584149806627482490e-02,-1.524332463421072814e-01,-1.000000000000000000e+03,-1.552166730417036712e-02,-1.956438788563408943e-02,-7.375882574988713858e-02,-8.174197206824508621e-02,-1.000000000000000000e+03,-1.135244948063517806e-01,-9.990000000000000000e+02,-1.573795786053932416e-02,4.715217462780581931e-02,1.458951562603549856e-02,2.744541288212793903e-02,-6.035107527306034919e-02,-1.000000000000000000e+03,-9.990000000000000000e+02
-7.443070751618441339e-02,-9.990000000000000000e+02,-9.990000000000000000e+02,-9.990000000000000000e+02,-9.990000000000000000e+02,-7.336361684174065589e-02,-8.910967172223388522e-02,-9.990000000000000000e+02,-9.524312914454742540e-02,-1.000000000000000000e+03,8.609818446535412451e-02,-1.487016175040095645e-01,-2.716881310180823683e-01,-9.990000000000000000e+02,-1.067099813652068185e-01,-9.180149365258062633e-02,-9.990000000000000000e+02,4.537039051325059830e-02,-9.990000000000000000e+02,-1.000000000000000000e+03,-2.009948861302487122e-01
-8.965063971105741158e-02,-9.990000000000000000e+02,-1.110674230531761147e-01,-9.990000000000000000e+02,-1.000000000000000000e+03,-1.899854484905156848e-01,-9.990000000000000000e+02,-9.990000000000000000e+02,2.632595520580583923e-02,-8.180518550618925966e-02,-9.546515140147178446e-02,-9.990000000000000000e+02,-1.000000000000000000e+03,-2.080579875671643639e-02,-2.782126113840279955e-02,-9.093871449392602890e-02,-1.699432730900562322e-02,-1.179340641535589623e-01,-1.338687252627849544e-01,-1.000000000000000000e+03,-9.821370334461243523e-02
-1.000000000000000000e+03,-5.792193721059839956e-02,-1.102357048413674656e-01,-3.592963954547687133e-02,-1.000000000000000000e+03,-5.727258782339448261e-04,-9.990000000000000000e+02,-9.990000000000000000e+02,-1.000000000000000000e+03,-5.541966464679024679e-02,-9.770444999626422267e-02,-9.990000000000000000e+02,-9.990000000000000000e+02,-4.694497296374608442e-02,-8.777128537099858352e-02,-1.045018882628693940e-01,-6.985591991013971602e-02,-2.488147861932211435e-01,-9.990000000000000000e+02,-1.456937939905901813e-01,-1.876804242812613877e-01
-6.345496302483272233e-02,-2.031833464545083900e-01,-1.000000000000000000e+03,-4.306386524558418194e-01,-1.417194421066099996e-01,-1.427170497731109211e-01,-1.435018413786567637e-01,-9.990000000000000000e+02,-1.593674895031451655e-01,-6.735432772748585484e-02,-9.421113088668385538e-02,-1.301233029259875051e-01,-1.597158791083766738e-01,-1.730512277860597470e-01,-1.718863155645753427e-01,-1.959327724220153721e-01,-7.330059670093085067e-02,-1.354348188092205918e-01,-1.049693212116585145e-01,-9.990000000000000000e+02,-9.814959204504940249e-02
-9.990000000000000000e+02,-7.066425731183167969e-02,-9.990000000000000000e+02,-1.442556198681700652e-01,-8.948057506407507133e-02,-5.912050724678025171e-02,-1.000000000000000000e+03,-1.000000000000000000e+03,-9.990000000000000000e+02,-1.000000000000000000e+03,1.352181432757416750e-02,-1.367684165306022048e-01,-9.990000000000000000e+02,-1.160700102541357831e-01,-4.848093595662673200e-02,-1.797681227205751020e-01,-1.010250035792271822e-01,-2.160997247743947358e-01,-6.244555530922641512e-02,-9.376900057316966963e-02,-4.245284728028086985e-02
-1.000000000000000000e+03,-9.990000000000000000e+02,-9.990000000000000000e+02,3.827962544022654040e-02,-1.848605069705144821e-01,-1.096454718724030192e-01,-1.450071645547922929e-02,-9.990000000000000000e+02,-9.990000000000000000e+02,-1.833505756365985326e-02,-1.103816872912683072e-01,-7.678072385795187138e-02,-2.732991910414293013e-01,-1.095133932518389530e-01,-2.528933869679656291e-02,5.591550508679690029e-02,-3.219698610649069509e-02,-1.565663273684157475e-01,-1.000000000000000000e+03,-1.802593933667967774e-01,-9.990000000000000000e+02
-1.292056448477633401e-01,-1.000000000000000000e+03,-1.137865897231816886e-01,-9.990000000000000000e+02,-8.293942790090907957e-02,-1.615209409999554813e-01,-1.362299880512483907e-01,-2.323935813332313194e-01,-9.990000000000000000e+02,-1.186901579704505300e-01,-9.990000000000000000e+02,-1.079886226822322076e-01,-8.790434383169819232e-02,-1.551983299989494192e-01,-2.385703930212158264e-01,-1.769656019241128142e-01,-1.975643237270855446e-01,-9.990000000000000000e+02,-1.000000000000000000e+03,-1.647155417754349871e-01,-1.000000000000000000e+03
-4.568087060056222337e-02,-9.990000000000000000e+02,-9.990000000000000000e+02,-2.408266944004181787e-01,-1.000000000000000000e+03,-9.328585496754261686e-02,-1.924426412038829637e-01,-1.342492637922302612e-01,-9.549042912630462121e-02,-8.953429329618012300e-02,-1.421978510667476769e-01,-9.990000000000000000e+02,-2.012592581199506292e-01,-2.014378774958261731e-01,-1.953206984437495519e-01,-1.278418991945451666e-01,-8.773962693296012694e-02,-7.024783698605867321e-02,-6.240262603134275748e-02,-1.194589922577868890e-01,-1.395323426098978026e-01
-9.990000000000000000e+02,-1.000000000000000000e+03,-1.463181729795278441e-01,-1.689771078327247655e-01,-9.990000000000000000e+02,-1.550664443796594405e-01,-1.000000000000000000e+03,-5.606934806079979378e-02,-1.000000000000000000e+03,-6.138060888849520419e-02,-5.761559534691790274e-02,-1.000000000000000000e+03,-9.990000000000000000e+02,-1.000000000000000000e+03,-3.729702333808494058e-02,-1.494462282834150835e-01,-1.769560639563499682e-01,-1.270905838586266490e-01,-8.254597616755736389e-02,-1.000000000000000000e+03,-5.867844663777785352e-02
8.755069904559231730e-02,-2.427851346798630752e-02,-9.810696678738420329e-03,-1.239098091992691247e-01,-6.579898730003437730e-03,-8.889018224804946799e-02,-1.000000000000000000e+03,-2.281127163009756889e-02,3.221537496825169211e-02,-2.103180924618425554e-02,7.353954065012631436e-02,-9.990000000000000000e+02,-1.265116780839272981e-01,5.555201324228022791e-02,-1.000000000000000000e+03,2.134384941988148876e-02,2.789682430234054558e-02,1.790334249566574720e-02,-3.487818409979599049e-02,4.011905180975592483e-02,-6.025306896729195477e-02
-6.968980030438014228e-02,5.195071827282436022e-02,-8.464992469912792361e-02,-1.137506220427796921e-01,-9.990000000000000000e+02,-1.253985592285094541e-01,1.265614827930517383e-01,-1.562439429897304055e-01,3.697746373023052396e-02,-7.199493670891903008e-02,-7.487957220104690670e-02,-1.000000000000000000e+03,-9.990000000000000000e+02,-3.306761075407241290e-02,-3.862912882162820166e-02,-7.034007061850594544e-02,-9.990000000000000000e+02,-1.099012994375401587e-03,6.660912788026451814e-02,-1.000000000000000000e+03,-1.012923722872032112e-01
-1.333147856960136268e-01,-1.781113600743539915e-01,-8.170072978065059943e-02,-1.413209409956210916e-01,-9.990000000000000000e+02,-1.334684186885147783e-01,-1.706434094417116354e-01,-9.990000000000000000e+02,-1.110006723123989208e-01,-1.062751883421622773e-01,-5.567193811241503282e-02,-9.990000000000000000e+02,-1.000000000000000000e+03,-1.380056125352429608e-01,-6.372130781905799290e-02,-2.781190284451135475e-01,-1.000000000000000000e+03,-9.725109135853560183e-02,-9.990000000000000000e+02,-9.990000000000000000e+02,-9.990000000000000000e+02
-3.557369619570607128e-02,-1.000000000000000000e+03,-1.776725015275466280e-01,-9.990000000000000000e+02,-1.605718661120329738e-02,-1.434031610936506163e-01,-9.990000000000000000e+02,-9.990000000000000000e+02,-4.830946822067124641e-02,-1.000000000000000000e+03,-5.510504568309469026e-02,-4.371000574416392809e-02,-9.990000000000000000e+02,-2.836576711268566295e-02,-5.169941975255532701e-02,-8.711529591701132336e-02,-9.990000000000000000e+02,-1.197934590288168427e-01,-7.970533230783087564e-02,2.565505603916932997e-02,-1.176241930193362428e-01
2.841416330575685656e-02,2.364825215092248786e-02,3.316268188983244325e-02,-4.230153775462750648e-02,-1.013742777074859575e-01,9.833407201826820099e-02,5.132507716265033958e-03,-1.070635809100095176e-01,-1.514456653957683323e-03,-2.741126898691477465e-02,-7.171823718724264218e-02,-1.000000000000000000e+03,-1.814567236911349413e-01,4.201751322204049649e-02,-8.512183846023564995e-03,9.313708760962815733e-03,2.817852308404235340e-02,-1.555166263120128234e-01,-1.798955080142629059e-01,6.313550205370573043e-02,-1.432991867015334930e-01
-1.000000000000000000e+03,-9.990000000000000000e+02,-1.456869628559493146e-01,-4.436861733353036907e-02,-2.021147477240682055e-01,-5.775845494599401997e-02,-1.063721827483178478e-01,-9.990000000000000000e+02,-1.000000000000000000e+03,-9.332367589206175262e-02,-2.198318666352767903e-01,-1.000000000000000000e+03,-8.994844712130549425e-02,-2.363144366099452498e-01,-9.990000000000000000e+02,-1.370827661904469030e-01,-1.995518386562908086e-01,-8.845333435135101230e-02,-1.000000000000000000e+03,-6.629342335729547508e-02,-1.640194085277157376e-01
-1.000000000000000000e+03,-9.990000000000000000e+02,-9.990000000000000000e+02,-1.998276707365532479e-01,-1.893980920018113190e-01,-5.913211956219566884e-02,-2.340831767218952419e-01,-1.931645311072972271e-01,-6.441072202179873307e-02,-1.498036817691686395e-01,-9.990000000000000000e+02,-1.082394741364494511e-01,-1.000000000000000000e+03,-1.985404831565584505e-01,-2.273738869755994596e-01,-2.182506618646580243e-01,-2.578389243132679920e-01,-9.990000000000000000e+02,-1.134647348497834080e-01,-1.588508094623714284e-01,-9.990000000000000000e+02
-9.990000000000000000e+02,5.285109930991651467e-02,-8.443833275129397631e-02,-9.990000000000000000e+02,-4.503858507542143202e-02,-9.741218506265163224e-02,-9.990000000000000000e+02,-2.171417260759846493e-02,-2.156645127512869520e-01,-3.690855387092858465e-04,1.724492639912093492e-02,-1.833582561409312361e-01,-9.990000000000000000e+02,-1.604954016465766908e-01,-1.091285296522203491e-01,-1.706768748712584605e-01,-7.226115345203482088e-02,-1.000000000000000000e+03,-1.185767679384940737e-01,-9.990000000000000000e+02,-6.630722922278338427e-02
-9.990000000000000000e+02,-1.145743269815810983e-01,-9.990000000000000000e+02,-1.318746436262893396e-01,-8.865377737735029295e-02,-9.990000000000000000e+02,-1.483569768186285553e-01,-1.000000000000000000e+03,-1.703156260786191922e-01,-1.447645903160615088e-01,-9.990000000000000000e+02,-1.000000000000000000e+03,-9.990000000000000000e+02,-9.990000000000000000e+02,-1.330194865701316287e-01,-1.683378091007774469e-01,-1.958737917629651271e-01,-6.916755901760196501e-02,-1.568224590060030288e-01,-2.465552939777748698e-01,-1.513545886129484264e-01
-4.542004288960039410e-02,-9.990000000000000000e+02,-9.990000000000000000e+02,-1.872863887060140786e-01,-1.000000000000000000e+03,-1.079036033507142917e-01,-9.990000000000000000e+02,-1.000000000000000000e+03,-2.997064763102476603e-01,-1.506298111475701251e-01,-1.000000000000000000e+03,-9.990000000000000000e+02,-9.990000000000000000e+02,-9.990000000000000000e+02,-2.034490963436482724e-01,-1.461611558510253484e-01,-5.893764544858399734e-01,-9.990000000000000000e+02,-1.892618286639998759e-01,-9.990000000000000000e+02,-9.069975385698576809e-02
-9.990000000000000000e+02,-1.000000000000000000e+03,-3.138022478047348129e-01,-9.990000000000000000e+02,-9.990000000000000000e+02,-1.000000000000000000e+03,-2.130715902115735139e-01,-1.000000000000000000e+03,-1.297150627158257241e-01,-1.302161914442152568e-01,-1.945324902027991965e-01,-9.990000000000000000e+02,-9.990000000000000000e+02,-1.000000000000000000e+03,-9.990000000000000000e+02,-2.696311506475549957e-01,-9.990000000000000000e+02,-9.410155929292401966e-02,-1.835803382299804609e-01,-9.990000000000000000e+02,-9.990000000000000000e+02
-9.347568449919906042e-02,-1.000000000000000000e+03,-9.990000000000000000e+02,-1.557443618755249559e-01,-1.916755256453034073e-01,-2.518299245020112487e-01,-4.202590899094154064e-01,-9.990000000000000000e+02,-1.680950055966390355e-01,-1.583254039863702667e-01,-9.990000000000000000e+02,-9.990000000000000000e+02,-2.107092190872237036e-01,-1.958173544488770179e-01,-1.000000000000000000e+03,-4.071457665530987535e-01,-9.990000000000000000e+02,-1.195737834299725605e-01,-9.990000000000000000e+02,-9.990000000000000000e+02,-9.990000000000000000e+02
5.213737481800267276e-02,-9.990000000000000000e+02,-2.652113247198685797e-01,-6.568143548690917599e-02,7.917434912840705385e-02,-4.715367000999141217e-02,-1.000000000000000000e+03,-9.990000000000000000e+02,1.167979243444282195e-01,8.538029046935118049e-02,-1.000000000000000000e+03,5.192793637407955992e-02,-9.794126659380426869e-02,-1.000000000000000000e+03,-2.604608418671407535e-02,-2.699414410782866036e-02,-9.990000000000000000e+02,-9.990000000000000000e+02,-6.532194861799127394e-02,-4.901769507180476354e-02,-9.990000000000000000e+02
-3.088428648746849858e-01,-1.671715040983627887e-01,-1.000000000000000000e+03,-2.514443023647094932e-01,-1.084767681038467102e-01,-1.189028477207026563e-01,-1.000000000000000000e+03,-1.000000000000000000e+03,-1.900276378585846748e-01,-1.855840529500274172e-01,-9.990000000000000000e+02,-1.000000000000000000e+03,-1.000000000000000000e+03,-1.000000000000000000e+03,-1.427213456467748831e-01,-2.527012821672588450e-01,-1.000000000000000000e+03,-9.990000000000000000e+02,-1.548614315444517830e-01,-9.990000000000000000e+02,-1.000000000000000000e+03
-9.990000000000000000e+02,-2.669304751068294901e-01,-1.000000000000000000e+03,-1.070041250675477923e-01,-9.990000000000000000e+02,-2.470819058050446326e-01,-2.365956290314009600e-02,-9.990000000000000000e+02,-1.294885367981780666e-01,-2.077021791728129452e-01,-7.520939950152484565e-02,-1.000000000000000000e+03,-9.990000000000000000e+02,-1.962683423181166009e-01,-1.891576144980140484e-01,-1.864274459331657086e-01,-1.178354686560438985e-01,-1.249264438572802449e-01,-1.000000000000000000e+03,-9.990000000000000000e+02,-1.000000000000000000e+03
7.575627160129118354e-02,5.572157220503867053e-02,-1.000000000000000000e+03,-1.000000000000000000e+03,-9.990000000000000000e+02,-1.341715801832326915e-01,-9.990000000000000000e+02,6.519024848812800255e-02,-1.666178852595837367e-01,-9.990000000000000000e+02,-2.286721526208309319e-01,6.084157335448254871e-03,-1.000000000000000000e+03,-9.990000000000000000e+02,-9.990000000000000000e+02,3.576710616728427661e-02,-5.442446819738978175e-02,-5.972016998122794268e-02,-1.000000000000000000e+03,-9.990000000000000000e+02,-7.860619969497127657e-02
-1.863356739542023841e-02,-2.550481946983595427e-01,-9.990000000000000000e+02,-6.586638896293955936e-02,-1.616625647073742789e-01,-2.101572012586586102e-02,-1.000000000000000000e+03,-1.000000000000000000e+03,-1.416899710572152582e-01,-2.506095260124193147e-01,-9.990000000000000000e+02,-9.990000000000000000e+02,-9.990000000000000000e+02,-9.990000000000000000e+02,-1.887414178309663182e-01,-1.000000000000000000e+03,-1.893615047298055978e-02,-8.562100698088304096e-02,-1.000000000000000000e+03,-1.713356972317459093e-01,-9.990000000000000000e+02
-9.358181705428807173e-02,-9.990000000000000000e+02,-1.031765999839560077e-01,-1.269644445801835220e-01,-2.510480368734611667e-01,-1.873336811461876750e-01,-1.000000000000000000e+03,-1.000000000000000000e+03,-8.719851679776670361e-02,-1.294985404992639311e-01,-1.000000000000000000e+03,-1.000000000000000000e+03,-9.990000000000000000e+02,-9.990000000000000000e+02,-1.090031810813709284e-01,-1.730722506877549749e-01,-8.931617238509055590e-02,-1.629438571779678602e-01,-9.990000000000000000e+02,-1.000000000000000000e+03,-1.461619026588530379e-01
4.254128902440357934e-02,-5.257029489065040417e-02,-1.036298879813930124e-01,-9.990000000000000000e+02,-1.730763948855209566e-01,-1.000000000000000000e+03,-7.852141468501432076e-02,-1.168884053585654281e-01,-9.990000000000000000e+02,-8.837155029809114215e-02,-4.957255883896397736e-02,-2.765297042742699551e-02,-9.990000000000000000e+02,-1.000000000000000000e+03,-4.847733755140771865e-03,3.542261214908280081e-02,-1.735728652663518778e-01,-9.400654528354117356e-02,-1.048366669901493742e-01,-1.000000000000000000e+03,-9.990000000000000000e+02
6.189244573178490777e-02,-9.059449986126389548e-03,-9.990000000000000000e+02,-4.494890208780952245e-02,-9.990000000000000000e+02,4.369968400240716727e-02,1.063371366776912031e-03,-9.990000000000000000e+02,8.932928059316262714e-02,-9.990000000000000000e+02,-9.990000000000000000e+02,-9.013836071707628447e-03,-1.217696125027077220e-01,6.105335748587640415e-02,-1.000000000000000000e+03,3.892084192575176460e-02,1.491358483276167789e-02,-3.530076257057827762e-03,-4.590106312933062149e-02,-9.990000000000000000e+02,-9.990000000000000000e+02
-5.552800113851691366e-02,-9.618078331219315213e-02,-9.990000000000000000e+02,-9.990000000000000000e+02,-9.990000000000000000e+02,-9.990000000000000000e+02,-1.208681751759363987e-01,-7.623273155126729372e-02,-9.990000000000000000e+02,-1.004650967046593485e-01,-9.990000000000000000e+02,-8.009998869540230215e-02,-1.000000000000000000e+03,-9.990000000000000000e+02,-8.224486005477188444e-02,-6.878567811127921094e-02,-1.690893358401904800e-01,-1.596956540659250773e-02,-1.767725257468810429e-01,-1.572884296019747552e-01,-1.968296894528408780e-01
-9.990000000000000000e+02,-9.990000000000000000e+02,-9.990000000000000000e+02,-1.021673640913571685e-01,-9.990000000000000000e+02,-1.547783296835153199e-01,-1.000000000000000000e+03,-1.000000000000000000e+03,-1.214332118631511054e-01,-1.000000000000000000e+03,-1.000000000000000000e+03,-9.990000000000000000e+02,-9.990000000000000000e+02,-1.955365172492859738e-01,-9.990000000000000000e+02,-2.011801082916024885e-01,-1.861015743371132458e-01,-9.990000000000000000e+02,-2.833269482791061500e-01,-1.107982369045138887e-01,-9.990000000000000000e+02
2.925295326768720741e-02,7.742406648961164262e-02,-1.000000000000000000e+03,-9.990000000000000000e+02,-9.990000000000000000e+02,-1.491245594042207856e-01,-1.072954727904735228e-01,-9.990000000000000000e+02,-1.771956253797295766e-01,-1.575163846212505048e-01,-1.432385718911899364e-01,-1.000000000000000000e+03,-1.000000000000000000e+03,3.931023528713075560e-02,-6.144325460401387634e-02,2.960447498092504473e-02,8.225345006786313751e-02,-9.990000000000000000e+02,-9.990000000000000000e+02,-1.000000000000000000e+03,-9.990000000000000000e+02
4.521376611503408888e-02,-9.990000000000000000e+02,-9.990000000000000000e+02,1.382336632079310228e-02,-4.675534082672833276e-03,-1.000000000000000000e+03,-1.000000000000000000e+03,-9.990000000000000000e+02,-9.990000000000000000e+02,9.056396333110188282e-03,2.526390911924243296e-02,-1.000000000000000000e+03,-1.173449714312490705e-01,-9.721469818189805434e-02,3.950068371036976472e-02,-9.990000000000000000e+02,-1.000000000000000000e+03,-7.865753006886232190e-02,1.374489493150613667e-03,-9.990000000000000000e+02,-9.990000000000000000e+02
-9.990000000000000000e+02,-2.977400853966494787e-01,-1.000000000000000000e+03,-1.000000000000000000e+03,-1.499088639388373168e-01,-1.243851539821134028e-01,-1.000000000000000000e+03,-9.990000000000000000e+02,-1.000000000000000000e+03,-1.728746049357765824e-01,-9.990000000000000000e+02,-1.000000000000000000e+03,-9.990000000000000000e+02,-9.990000000000000000e+02,-1.000000000000000000e+03,-1.205820582597452589e-01,-1.000000000000000000e+03,-9.990000000000000000e+02,-1.090829730142550691e-01,-1.000000000000000000e+03,-9.990000000000000000e+02
-1.356728006965753075e-02,-9.990000000000000000e+02,-9.990000000000000000e+02,-9.990000000000000000e+02,3.783971918954431163e-02,-5.184509140608956068e-02,-9.990000000000000000e+02,-9.990000000000000000e+02,-1.000000000000000000e+03,-1.314551674285949767e-01,-1.000000000000000000e+03,-1.000000000000000000e+03,2.017170630131456463e-02,-1.000000000000000000e+03,5.252395480853677689e-02,-1.719369811541349991e-01,-9.990000000000000000e+02,1.294791204232272801e-03,-9.990000000000000000e+02,-9.990000000000000000e+02,-1.000000000000000000e+03
-9.990000000000000000e+02,-1.793608051897319366e-01,-9.990000000000000000e+02,-1.345513960570295098e-01,-9.990000000000000000e+02,-1.401060141442490581e-01,-7.594884325330285291e-02,-1.359041424667205289e-01,-3.172369108407497862e-01,-1.074419460163445056e-01,2.306009143224874158e-02,-1.000000000000000000e+03,-1.217580642102119998e-01,-1.117734556988176919e-01,-1.444563972620717396e-01,-6.368269434759533942e-02,-9.185836653302896504e-02,-9.990000000000000000e+02,-1.000000000000000000e+03,-1.306591837218720187e-01,-1.944298560514495788e-01
-1.342161164020933273e-01,-1.712619928450921369e-01,-9.990000000000000000e+02,-7.576619757283824252e-02,-1.789204566635310412e-01,-1.575224804480487573e-01,-9.990000000000000000e+02,-1.000000000000000000e+03,-1.549510332306367755e-01,-3.061147550907141260e-02,-9.990000000000000000e+02,-9.990000000000000000e+02,-1.394961561529905192e-01,-1.779389217071113138e-01,-1.821855417523927378e-01,-1.865093737210033742e-01,-1.121661832187940688e-01,-9.930652035218123438e-03,-1.192210090408088452e-01,-9.990000000000000000e+02,-9.990000000000000000e+02
-5.569287351933388530e-02,-9.990000000000000000e+02,-1.000000000000000000e+03,-9.990000000000000000e+02,-1.000000000000000000e+03,-1.687047754276398415e-01,-1.000000000000000000e+03,-1.000000000000000000e+03,-1.882044283057328904e-01,-2.734156930015183007e-01,-1.000000000000000000e+03,-1.000000000000000000e+03,-2.657291416660412242e-01,-1.242351992981780978e-01,-1.395569578920684561e-01,-1.580001531149175797e-01,-9.696076956925876733e-02,5.392071878686190665e-03,-9.990000000000000000e+02,-1.307103869344115599e-01,-9.990000000000000000e+02
-9.990000000000000000e+02,-9.990000000000000000e+02,-1.000000000000000000e+03,-1.116035407204100660e-01,-9.990000000000000000e+02,-1.718290576539074632e-01,-1.000000000000000000e+03,-1.000000000000000000e+03,-9.474318461508211831e-02,-1.000000000000000000e+03,-1.000000000000000000e+03,-1.000000000000000000e+03,-1.000000000000000000e+03,-1.000000000000000000e+03,-1.433920156462123174e-01,-9.990000000000000000e+02,-9.990000000000000000e+02,-9.990000000000000000e+02,-1.449292345259665382e-01,-1.000000000000000000e+03,-2.047330266441652891e-01
-1.914358393738810685e-02,-3.513124984491500236e-01,-9.990000000000000000e+02,-1.000000000000000000e+03,-1.173431476077199526e-01,-1.287543004473762354e-01,-1.000000000000000000e+03,-9.990000000000000000e+02,-2.034737925985240781e-01,-1.778549401081854775e-01,-8.025666217838565986e-02,-2.723756008087793723e-01,-1.613506864749527370e-01,-9.990000000000000000e+02,-4.753587297277738211e-01,-1.000000000000000000e+03,-9.990000000000000000e+02,-1.353517372658925855e-01,-1.208376518685810169e-01,-1.000000000000000000e+03,-9.990000000000000000e+02
-8.247741400924979427e-02,-1.000000000000000000e+03,-1.595544847962478141e-01,-1.091041561062626175e-01,-9.990000000000000000e+02,-5.275275437285331659e-02,-1.000000000000000000e+03,-1.000000000000000000e+03,-7.795510413856811260e-02,-3.554125568114330225e-02,-1.308051880289425872e-01,-1.000000000000000000e+03,-1.000000000000000000e+03,-1.719721653074805234e-01,1.010121743112922799e-01,-1.000000000000000000e+03,6.114603011293867629e-02,-1.227261705455921365e-01,-1.687704720550866344e-01,-8.237814022064229857e-02,-1.688074038828593082e-01
-9.990000000000000000e+02,-9.990000000000000000e+02,-1.000000000000000000e+03,-9.990000000000000000e+02,-9.990000000000000000e+02,7.889403789045591753e-02,-1.000000000000000000e+03,-9.990000000000000000e+02,6.560568027473261121e-02,6.586502730103128977e-02,-1.000000000000000000e+03,5.322986937625564380e-02,-1.789388174734726500e-01,-1.000000000000000000e+03,-1.662663618563132717e-01,-9.990000000000000000e+02,-9.990000000000000000e+02,2.060923535142029570e-02,-9.990000000000000000e+02,-2.714212798495353740e-02,-9.990000000000000000e+02
1.170886600324085869e-01,-9.990000000000000000e+02,-1.000000000000000000e+03,-1.391750586307842763e-01,-1.000000000000000000e+03,-1.122664554944298627e-02,2.995907265024650920e-02,-1.000000000000000000e+03,8.058454205686826910e-02,-1.611377854817376207e-02,2.023392360678568161e-02,-9.990000000000000000e+02,-1.000000000000000000e+03,-1.000000000000000000e+03,9.406217329550825568e-02,-1.000000000000000000e+03,3.105041141795028548e-02,-1.357155680956844968e-01,4.351256399002420799e-04,-9.990000000000000000e+02,-1.641658385167292511e-01
2.804989332055786780e-02,-1.000000000000000000e+03,-9.990000000000000000e+02,-1.401648720696671291e-01,-9.990000000000000000e+02,-1.000000000000000000e+03,-9.990000000000000000e+02,-9.990000000000000000e+02,-5.099861271979672095e-03,-7.672709754776929104e-03,-9.990000000000000000e+02,6.314141193331711255e-02,-9.990000000000000000e+02,-1.000000000000000000e+03,5.805057157110055099e-02,-9.990000000000000000e+02,-9.990000000000000000e+02,-4.563499613052840465e-02,-3.056532876023935683e-02,-9.990000000000000000e+02,-2.446783593159962689e-01
2.175763282015644173e-03,3.466777524790820575e-02,-9.990000000000000000e+02,-6.673949592858842428e-02,-1.349586574745679779e-01,7.582043009880326707e-03,-9.990000000000000000e+02,-6.216834811529588396e-03,-1.000000000000000000e+03,-1.687875116493632588e-01,1.044362728621483910e-01,6.885998483929746394e-02,4.865501649191905642e-02,9.265088482204543452e-02,3.863087184179361117e-02,-6.985254004522654936e-02,-1.000000000000000000e+03,-5.557527687083347462e-02,1.636249823717343677e-02,-9.990000000000000000e+02,-9.990000000000000000e+02
-3.980800156769450510e-02,-9.990000000000000000e+02,-1.000000000000000000e+03,-1.000000000000000000e+03,-1.794180702767780577e-01,-5.244865691656885875e-02,-4.439879332607396534e-02,-9.990000000000000000e+02,-1.430531567811404170e-01,-8.813845773370120040e-02,-8.363172183909674262e-03,-2.198361445994754040e-02,-7.219209859381166272e-02,-7.845565832244372206e-02,-8.127029330873158930e-02,-3.192942730322115980e-03,-1.257430778829291829e-01,-1.078313697201374460e-01,-9.990000000000000000e+02,-1.899709575514662296e-01,-9.990000000000000000e+02
-9.990000000000000000e+02,-1.657070008838520681e-01,-1.000000000000000000e+03,-1.000000000000000000e+03,-2.054323049676140267e-01,2.654747446275869394e-03,5.431903848753838471e-02,-9.990000000000000000e+02,-2.113739641131020044e-02,-1.069496730898441238e-02,2.672358394213006014e-02,-6.038248041207217032e-02,-1.059786413852911863e-01,3.186822109453615881e-02,-3.073213022688248142e-02,8.226738688437519598e-02,-9.990000000000000000e+02,-2.839779367856929554e-03,3.596667887718376505e-02,-9.990000000000000000e+02,-1.561429333257531582e-01
-9.990000000000000000e+02,-1.000000000000000000e+03,-1.000000000000000000e+03,4.785719938679959193e-03,-6.123418876172622566e-02,7.769993477258330117e-02,5.118905580385755411e-02,-9.990000000000000000e+02,-9.990000000000000000e+02,2.025312692209532001e-02,-9.990000000000000000e+02,-1.249874369231404082e-02,-1.839437641204287599e-01,8.284941424034622179e-03,-1.000000000000000000e+03,7.022755253436781427e-03,-9.990000000000000000e+02,-1.883032018810617539e-03,-6.236302820056967983e-02,-9.990000000000000000e+02,-1.735422601413985355e-01
-9.990000000000000000e+02,-3.169632192424885753e-02,-1.783436253300019203e-01,-9.990000000000000000e+02,-1.000000000000000000e+03,2.492351723426019031e-02,-1.000000000000000000e+03,3.646239514929387054e-02,-1.004942817690828022e-01,7.809073366234404491e-03,-9.990000000000000000e+02,-9.990000000000000000e+02,-1.000000000000000000e+03,-9.990000000000000000e+02,-9.990000000000000000e+02,-9.990000000000000000e+02,-9.990000000000000000e+02,-1.000000000000000000e+03,-9.556047361966689413e-02,-9.990000000000000000e+02,-9.990000000000000000e+02
-6.765609893965422728e-02,-9.990000000000000000e+02,-9.990000000000000000e+02,-7.034219496235570579e-02,-9.990000000000000000e+02,-6.230766101734814405e-02,-1.000000000000000000e+03,-1.381706834200645828e-01,1.351621130470236631e-01,3.669376270422273351e-02,5.613916945093135741e-02,4.486654311159882225e-02,-9.990000000000000000e+02,-9.990000000000000000e+02,6.667477881056922684e-02,-5.092955302121742606e-02,-1.000000000000000000e+03,4.488676042519978981e-02,2.809558710560704567e-02,9.860484578727131411e-02,-9.990000000000000000e+02
-1.524239500055514229e-01,-1.000000000000000000e+03,-1.109078389689970162e-01,-9.990000000000000000e+02,3.203996613076298683e-02,-1.306511527574753806e-01,-9.990000000000000000e+02,-9.299639220466775213e-02,-1.000000000000000000e+03,-1.641768332555007259e-01,-1.519222670006393217e-01,-1.522340685062661125e-01,-1.522764528507091208e-01,-1.524784331812120974e-01,-2.389797722723455975e-01,-1.934495837712544297e-01,-9.188083162482020561e-02,-1.330023147248200754e-01,-1.000000000000000000e+03,-5.617102402032384673e-02,-3.256480734885837114e-01
-1.000000000000000000e+03,-2.425184615805681468e-02,-1.000000000000000000e+03,-1.000000000000000000e+03,-9.990000000000000000e+02,-1.577961080183582221e-01,-1.000000000000000000e+03,-9.990000000000000000e+02,-1.737706157695145526e-01,-9.990000000000000000e+02,-1.000000000000000000e+03,-1.522567697267354081e-01,-9.990000000000000000e+02,-9.990000000000000000e+02,-7.990112861573127334e-02,-5.080371778875791833e-02,-3.080468919876365105e-02,-1.000000000000000000e+03,-1.505999485782185954e-01,-9.990000000000000000e+02,-1.452032949819443697e-01
5.527876104505569793e-02,-9.990000000000000000e+02,-8.904931174682545816e-03,9.430220876936068475e-03,-3.751058973430218546e-02,8.209215017364836220e-02,1.120225611136041882e-01,-9.990000000000000000e+02,-1.000000000000000000e+03,-1.020993346543060953e-01,-1.000000000000000000e+03,9.432227567229402310e-02,2.128167616685885943e-02,-9.990000000000000000e+02,-1.310258537571170473e-02,7.115793100840006602e-02,2.274259841640326185e-02,-9.341293277469182865e-02,-1.032397359090247019e-01,-9.990000000000000000e+02,-9.990000000000000000e+02
-1.510194716777644823e-02,2.009264617175706216e-02,-9.990000000000000000e+02,-5.583594598451212948e-02,-9.649947216939057382e-02,7.460189303106060099e-02,-1.000000000000000000e+03,-9.990000000000000000e+02,-8.996869082170484699e-02,-1.772406864629898493e-01,-3.299414562425881936e-01,-1.000000000000000000e+03,-1.609121362429444257e-01,-7.955707122018711164e-02,-1.493226568289295342e-01,-1.000000000000000000e+03,8.819095195732255810e-03,-1.597011467681169472e-01,-1.000000000000000000e+03,-9.990000000000000000e+02,-1.000000000000000000e+03
-3.679209115362985782e-02,-9.990000000000000000e+02,-9.990000000000000000e+02,-1.000000000000000000e+03,-9.990000000000000000e+02,-2.083207788557283058e-01,-1.000000000000000000e+03,-1.042612321308771239e-01,-9.282220567422849733e-02,-9.990000000000000000e+02,9.708398841664024961e-03,-9.990000000000000000e+02,4.200115393112700130e-02,-1.646818048210913210e-01,-1.613834945111659314e-01,-1.278296638322862742e-02,-1.742718638269615816e-01,-1.000000000000000000e+03,-1.742261436250422679e-01,-9.990000000000000000e+02,-9.990000000000000000e+02
8.823995941791988595e-02,-9.990000000000000000e+02,-1.000000000000000000e+03,4.570935394804770402e-02,-6.528584722788337291e-02,-6.179898729292618992e-02,3.426851550907340088e-02,-9.990000000000000000e+02,-9.990000000000000000e+02,-1.394393796027247612e-01,-1.125651959651948752e-01,-9.990000000000000000e+02,-9.990000000000000000e+02,4.831326546563331076e-02,-9.990000000000000000e+02,-9.990000000000000000e+02,-9.990000000000000000e+02,-2.456245587703338729e-02,-9.990000000000000000e+02,-5.724151071610669023e-03,-1.375893372462468900e-01
-9.990000000000000000e+02,-9.990000000000000000e+02,4.807553862905571823e-02,-1.000000000000000000e+03,-1.105210111257462074e-01,3.411793930505235134e-02,-1.000000000000000000e+03,-6.345747882674353246e-02,-4.644612064333084739e-02,-1.341063323195111926e-03,-9.990000000000000000e+02,-9.990000000000000000e+02,-9.990000000000000000e+02,-1.000000000000000000e+03,-1.275100168414961821e-01,6.547280383493815636e-02,-5.844950685625066589e-02,-1.105227276908047340e-01,-1.995782936419749909e-01,-1.000000000000000000e+03,-9.990000000000000000e+02
-1.000000000000000000e+03,-9.367355216753710245e-02,-9.990000000000000000e+02,-9.127898069261063119e-02,-7.128708702889106907e-02,-1.104329541333770454e-01,-1.000000000000000000e+03,-1.449153243830898774e-01,-6.538562544720662173e-02,-8.760318611639139608e-02,-9.990000000000000000e+02,-9.990000000000000000e+02,-8.168737607024216529e-02,-3.532016339875678201e-01,-1.199321802565447292e-01,-1.123905987093744424e-01,-6.687720971585540963e-02,-7.468302798733551795e-02,-8.543616604190239217e-02,-6.874234179143050294e-02,-1.000000000000000000e+03
-1.229326023849398181e-01,-9.990000000000000000e+02,-9.990000000000000000e+02,-9.990000000000000000e+02,-9.990000000000000000e+02,-7.556518689827029789e-02,-1.178336985087088395e-01,-1.000000000000000000e+03,-1.960637418723053249e-01,-3.942751457986042041e-02,-1.290067248960078128e-01,-1.101686685684539202e-01,-2.144069052144761123e-01,-9.990000000000000000e+02,-1.712039672704642468e-01,-5.627149452276610647e-02,-8.564068750251868645e-02,-4.579946631915476907e-02,-8.634282548457032636e-02,-1.917512856305470803e-01,-6.853788546337458154e-02
-1.000000000000000000e+03,-9.990000000000000000e+02,2.865681079532235529e-03,2.904550287619314317e-04,4.212679979778279765e-02,-4.295222906147624226e-02,-9.990000000000000000e+02,-8.003699044781199812e-02,-3.268602841926016023e-02,-1.372569596400882198e-02,-1.114462086796619983e-01,-3.500042771927001223e-02,-1.000000000000000000e+03,1.455985044770186781e-02,-5.672900819503113451e-02,-1.887684385119388700e-02,-2.273572312613139634e-02,-1.311169526982222666e-02,2.809985301737353506e-03,-9.990000000000000000e+02,-9.739117862070649501e-02
-1.000000000000000000e+03,-1.000000000000000000e+03,-1.752061928076988073e-01,-8.533822984797957700e-02,-5.373907001638777298e-02,-1.486684073408960083e-01,-9.990000000000000000e+02,-6.385519638105183367e-03,-7.137999005097139804e-02,-6.007534133990641984e-02,-8.459854138534113333e-02,-4.422505291356391283e-02,-1.765604297949054935e-01,-8.483355954858503830e-04,-3.431950288356772766e-02,-5.576706630217846510e-03,-3.749354436728538631e-02,5.427597684799136818e-04,-9.990000000000000000e+02,-6.728083232541866299e-02,-7.212133915478245727e-02
3.588501525510683771e-02,-1.000000000000000000e+03,-9.990000000000000000e+02,-9.990000000000000000e+02,-9.990000000000000000e+02,-2.173051759332910934e-02,-9.990000000000000000e+02,-9.990000000000000000e+02,-9.990000000000000000e+02,-9.990000000000000000e+02,-9.990000000000000000e+02,-2.992619660317041852e-01,-1.179642414594343491e-01,-1.000000000000000000e+03,-1.179263723238138661e-01,-6.197679984248320034e-02,-9.990000000000000000e+02,-9.990000000000000000e+02,-1.000000000000000000e+03,-9.990000000000000000e+02,-9.990000000000000000e+02
-3.523112691166608440e-02,-4.333394393323872912e-02,-9.990000000000000000e+02,-3.581410893999083939e-02,-2.636144095149922650e-01,-1.000000000000000000e+03,-1.087927945844335137e-01,-2.070515283711127641e-01,-3.979552398367644517e-02,-1.091476444684017361e-01,-8.295773836928334311e-02,-1.056786986035852943e-01,-8.314860385206600257e-02,-2.650010673593052313e-01,-8.410151422785823450e-02,-7.698710495081384497e-02,-9.990000000000000000e+02,-1.441977379283793381e-01,-9.990000000000000000e+02,-9.990000000000000000e+02,-9.990000000000000000e+02
2.552526681764468938e-02,-3.188405824660663773e-02,-1.000000000000000000e+03,3.468031633134612685e-02,-5.508040404097410553e-02,-3.210254803283885822e-02,4.303250858504940185e-02,-3.683028076267554768e-02,-4.350947028630892249e-02,2.190387991842367155e-03,-9.990000000000000000e+02,2.640683567295615264e-02,3.076609218352917632e-02,-9.990000000000000000e+02,3.155172514922455901e-02,-1.633623697417229542e-02,2.791102414321440517e-02,-3.195721327649930082e-02,-2.768525893268121343e-03,-1.000000000000000000e+03,-1.000000000000000000e+03
-6.578993766158711121e-03,-9.990000000000000000e+02,-9.990000000000000000e+02,-1.045105813262723754e-01,3.884958125699074921e-02,-1.278410815582983195e-01,-1.000000000000000000e+03,-9.990000000000000000e+02,-1.057727204517431296e-01,-9.893878518176961456e-02,-8.991082186493316863e-02,-1.531430298507244769e-01,-9.527369546458241967e-02,-1.190092425751052563e-01,-8.416405342087403263e-02,-9.075777253442431081e-02,-4.119428789275678821e-02,-1.000000000000000000e+03,-1.067777053895424544e-01,-9.990000000000000000e+02,-1.000000000000000000e+03
-2.712378385368718892e-02,-9.990000000000000000e+02,7.749362231627281682e-03,-9.990000000000000000e+02,-9.990000000000000000e+02,-1.420972171285389551e-01,-1.189382655010897266e-01,-4.531962636297329899e-02,-3.955488552450480561e-02,-6.099871524368447734e-02,-9.990000000000000000e+02,-6.343563050453161767e-02,-1.000000000000000000e+03,-9.990000000000000000e+02,-3.208703523645845684e-02,-1.223776481950672457e-01,-1.351659477856864688e-02,-3.220086371206992010e-02,-1.000000000000000000e+03,-9.990000000000000000e+02,-6.642696066681864908e-02
-6.652969180338645649e-02,-9.990000000000000000e+02,-9.990000000000000000e+02,-1.000000000000000000e+03,-9.990000000000000000e+02,-8.055223591358701141e-02,-1.000000000000000000e+03,-9.990000000000000000e+02,-1.119623049152273508e-01,-9.990000000000000000e+02,-9.990000000000000000e+02,-9.990000000000000000e+02,-1.000000000000000000e+03,-1.825613205046508203e-01,-2.414006222501610122e-01,-9.990000000000000000e+02,-7.628597981981143084e-02,-8.279007543107330669e-02,-1.195706463632163347e-01,-1.023614600247257228e-01,-8.072760071537206372e-02
-7.894052821710624557e-02,-9.990000000000000000e+02,-9.990000000000000000e+02,-1.126699430851026557e-01,-1.000000000000000000e+03,-1.028627367520697500e-01,-9.990000000000000000e+02,-1.000000000000000000e+03,-1.559483372989265149e-01,-1.927315765347642762e-01,-1.000000000000000000e+03,-1.000000000000000000e+03,-1.434709521245427777e-01,-9.990000000000000000e+02,-9.556726410221194623e-02,-7.960587724660216080e-02,-9.990000000000000000e+02,-1.670718817993645244e-01,-9.990000000000000000e+02,-9.990000000000000000e+02,-1.097432740954626812e-01
-9.990000000000000000e+02,-1.127295936402329807e-01,-1.251172164411776533e-01,-9.990000000000000000e+02,-1.394933419663124397e-01,-7.507277490017368049e-02,-9.990000000000000000e+02,-1.000000000000000000e+03,-9.990000000000000000e+02,-1.376925373621372684e-01,-1.000000000000000000e+03,-9.990000000000000000e+02,-9.990000000000000000e+02,-9.990000000000000000e+02,-9.990000000000000000e+02,-2.048018427294517885e-01,-5.034516217752077472e-02,-9.069560835266819721e-02,-9.990000000000000000e+02,-9.990000000000000000e+02,-9.990000000000000000e+02
-6.855533559444960956e-02,-8.071438463174306077e-02,-1.000000000000000000e+03,-9.990000000000000000e+02,-1.724783134721448452e-01,-1.071626323864323799e-01,-5.816958290633358897e-02,3.470113082927139912e-03,-9.990000000000000000e+02,-1.292086936009520237e-01,-1.000000000000000000e+03,-9.990000000000000000e+02,-9.990000000000000000e+02,-9.990000000000000000e+02,-5.123229994786523273e-02,-1.244811905332767060e-01,-2.274586912945734951e-01,-1.000000000000000000e+03,-1.077584696095419819e-01,-5.299901800826847115e-02,-9.990000000000000000e+02
7.376648889482616440e-04,-9.990000000000000000e+02,-9.990000000000000000e+02,-6.487307110812441657e-02,-1.065558321849456869e-01,-9.990000000000000000e+02,-9.990000000000000000e+02,-1.000000000000000000e+03,-1.030248824190002216e-01,-8.456331906724635916e-02,-1.909870454212763413e-01,-9.990000000000000000e+02,-9.990000000000000000e+02,-9.990000000000000000e+02,-6.181730579571967366e-02,-3.065576820455376827e-01,-9.990000000000000000e+02,-5.757642463284848300e-03,-9.990000000000000000e+02,-9.990000000000000000e+02,-7.345779842802652171e-02
-9.990000000000000000e+02,-1.000000000000000000e+03,-1.000000000000000000e+03,-9.191278332163532738e-02,-1.274632372409151837e-01,-1.000000000000000000e+03,-1.000000000000000000e+03,-1.000000000000000000e+03,-1.269376078870365909e-01,-1.147550912192655675e-01,-1.000000000000000000e+03,-1.000000000000000000e+03,-1.040623195066924800e-01,-9.990000000000000000e+02,-6.253850325027286716e-02,-1.159389374171208020e-01,-9.990000000000000000e+02,-6.733026140808746896e-02,-6.912078686210672285e-02,-9.990000000000000000e+02,-4.883494408884655330e-02
-3.524322887229295459e-02,-9.990000000000000000e+02,-9.990000000000000000e+02,-9.990000000000000000e+02,-2.221623250486375323e-01,-1.000000000000000000e+03,-9.990000000000000000e+02,-1.000000000000000000e+03,-3.415440430982868980e-02,-1.930737157044416508e-01,-9.990000000000000000e+02,-9.990000000000000000e+02,-6.809041570163266999e-02,-9.990000000000000000e+02,-8.751641786165732795e-02,-6.573149022109672779e-02,-9.990000000000000000e+02,-1.338265134435703274e-01,-5.908473840774757652e-02,-2.147530762377898306e-01,-4.920335281140031380e-02
-2.138950212846358612e-01,-3.141429874984962844e-01,-1.000000000000000000e+03,1.741711269601865439e-02,-1.778817980926795383e-01,-1.000000000000000000e+03,-1.541060883349200383e-01,-9.990000000000000000e+02,-9.990000000000000000e+02,-9.296006713420505718e-02,-1.894921079839975153e-01,-7.244084861506627782e-02,-7.158383156849310036e-02,-9.990000000000000000e+02,-1.893424842077419956e-01,-8.698428294970787789e-02,-9.990000000000000000e+02,-1.104052993443825903e-01,-1.000000000000000000e+03,-1.138057435169014947e-01,-9.990000000000000000e+02
-9.990000000000000000e+02,4.251200552149910633e-02,-9.990000000000000000e+02,-2.885437241033748587e-02,-9.990000000000000000e+02,-9.990000000000000000e+02,-4.571124553263881257e-02,4.896979046196792140e-02,7.524938473094681946e-02,5.366277588615789296e-02,5.308293892279417059e-02,7.082508769345452482e-02,-9.990000000000000000e+02,5.896917921598567730e-02,-1.000000000000000000e+03,4.868529095762687969e-02,7.482406987043173363e-02,-1.002005496494016712e-01,-1.080432778360455731e-01,-1.217045685402406430e-01,-9.990000000000000000e+02
-9.990000000000000000e+02,-3.367681690339172085e-01,-6.418611221646279563e-02,-1.014076107684496603e-01,-6.503949502968932317e-02,-1.058865321498666939e-01,-9.990000000000000000e+02,-8.484946322576229771e-02,-6.847496336302043296e-02,-1.836994354543681762e-01,-9.990000000000000000e+02,-9.990000000000000000e+02,-8.859398316495831205e-02,-9.990000000000000000e+02,-6.154389497008400794e-02,-9.990000000000000000e+02,-1.382301716542087833e-01,-1.000000000000000000e+03,-9.990000000000000000e+02,-1.387696443924360812e-01,-9.990000000000000000e+02
-9.990000000000000000e+02,-1.057877944477717130e-01,-9.990000000000000000e+02,-8.423944556190787747e-02,-4.706944582087319029e-02,-7.384827141802606520e-02,-9.990000000000000000e+02,-1.668417709499687707e-01,-8.069306478076550271e-02,-1.190999142224783008e-01,-9.990000000000000000e+02,-9.990000000000000000e+02,-5.984156415174630289e-02,-1.652598686264348526e-01,-1.121623661977787928e-01,-6.150177891466312996e-02,-9.990000000000000000e+02,-2.287205342100930017e-01,-5.446178722341103035e-02,-1.000000000000000000e+03,-1.000000000000000000e+03
-1.153658924589282125e-01,-9.990000000000000000e+02,-1.000000000000000000e+03,-1.000000000000000000e+03,-9.990000000000000000e+02,-7.687095577023350668e-02,-2.186519159683480706e-01,-1.000000000000000000e+03,-8.801395795518125731e-02,-7.297806936704100134e-02,-9.990000000000000000e+02,-9.990000000000000000e+02,-9.990000000000000000e+02,-1.113218631599150604e-01,-1.520512342729658795e-01,-3.850801745729376391e-02,-5.416541040459506989e-02,-1.832910583991346487e-01,-1.000000000000000000e+03,-1.082559652524144878e-01,-1.109994347948560223e-01
-9.636337343832386548e-02,-3.442138331628619152e-01,-9.990000000000000000e+02,-1.000000000000000000e+03,-5.174741067817770213e-02,-9.068296409113829615e-02,-1.000000000000000000e+03,-9.990000000000000000e+02,-1.000000000000000000e+03,-1.092293707301734973e-02,-9.990000000000000000e+02,-7.789023518155498149e-02,-8.430293825787038564e-02,-1.000000000000000000e+03,-8.887983796577235418e-02,-9.990000000000000000e+02,-9.990000000000000000e+02,-9.990000000000000000e+02,-9.990000000000000000e+02,-9.990000000000000000e+02,-1.000000000000000000e+03
-8.496781829851228485e-02,-1.000000000000000000e+03,-9.990000000000000000e+02,-9.990000000000000000e+02,-1.000000000000000000e+03,-1.106670539856635244e-01,-9.990000000000000000e+02,-1.000000000000000000e+03,-5.958035376969151448e-02,-1.557067064631091069e-01,-1.106097779440411294e-01,-2.910217891979727800e-01,-9.990000000000000000e+02,-9.990000000000000000e+02,-7.485726944208249967e-02,-8.078248017109850021e-02,-9.990000000000000000e+02,-9.154157269381883733e-02,-6.392136095680535368e-02,-1.000000000000000000e+03,-3.906167871055187674e-02
-8.407494841886951897e-02,-9.990000000000000000e+02,-1.000000000000000000e+03,-5.236065317152976267e-02,-9.990000000000000000e+02,-4.563861728306075477e-02,-9.990000000000000000e+02,-9.990000000000000000e+02,-5.591948881668414723e-02,-1.000000000000000000e+03,-5.392017592914882806e-02,-9.990000000000000000e+02,-9.990000000000000000e+02,-9.990000000000000000e+02,-8.519783031479694069e-02,-3.594724991472086212e-02,-6.898091747014749309e-02,-9.414749456665766347e-02,-9.990000000000000000e+02,-9.990000000000000000e+02,-1.000000000000000000e+03
-8.073779555222360127e-02,-1.278166334280430860e-01,-9.990000000000000000e+02,-9.990000000000000000e+02,-9.990000000000000000e+02,-5.521961846751772401e-02,-5.022989975810600999e-02,-7.953453949432905123e-02,-8.854956601866663390e-02,-8.662799964658880747e-02,-9.990000000000000000e+02,-9.990000000000000000e+02,-1.000000000000000000e+03,-8.635066192259290008e-02,-9.843561436481507165e-02,-1.744476592998477071e-01,-1.002210427310148283e-01,-1.794020001756169436e-01,-7.218994687236042485e-02,-9.990000000000000000e+02,-9.990000000000000000e+02
-9.990000000000000000e+02,-9.990000000000000000e+02,-9.990000000000000000e+02,-1.492048679505975917e-01,-7.690080714231316283e-02,-8.199206785849003087e-02,-9.990000000000000000e+02,5.246823221602087139e-02,-1.000000000000000000e+03,3.007138208403830823e-02,7.441035616045242607e-02,-1.000000000000000000e+03,-1.149747228381836628e-01,-5.673638887234189881e-02,9.919094609881886140e-03,-9.200763989063659443e-02,-2.485139628411271728e-01,-1.428408791954145773e-02,-2.210340417897523613e-01,-3.677780270591141792e-02,-1.168424018831627914e-01
-1.000000000000000000e+03,-4.110735456378639824e-02,-5.601595837827993973e-02,-9.990000000000000000e+02,-7.434440092504449038e-02,-1.280375682473999521e-01,-9.990000000000000000e+02,-9.776135546769730567e-02,-9.990000000000000000e+02,-1.156424366123769421e-01,-1.165112193093389009e-01,-9.990000000000000000e+02,-6.432696313743370420e-02,-9.990000000000000000e+02,-5.004717637254577078e-02,-1.095680592028311917e-01,-7.018970597466267503e-02,-1.413279974022464414e-01,-9.191582165364815815e-02,-5.223096448812714065e-02,-2.772323003219220316e-01
-1.290447847301145513e-02,-6.996185083557202034e-02,-9.990000000000000000e+02,-9.990000000000000000e+02,-9.990000000000000000e+02,-2.516008862171369986e-01,-1.790105302491862282e-02,-9.990000000000000000e+02,-2.336335488359167056e-03,-7.040641041817194412e-02,-2.569328594120142209e-02,3.132537860706568339e-02,-5.661852815246165571e-02,-1.000000000000000000e+03,-2.731727000421838372e-02,-1.716563385553640866e-02,3.367253503421839544e-02,-1.017580929329539446e-01,-9.990000000000000000e+02,-3.095310051695628339e-01,-9.990000000000000000e+02
-1.915909485843485804e-01,-9.990000000000000000e+02,-9.990000000000000000e+02,-1.000000000000000000e+03,-2.376637548988248250e-01,-8.735957284126903699e-02,-1.699325077875894208e-01,-1.550269781392321355e-01,-1.000000000000000000e+03,-8.988818336206085002e-02,-7.951433960783423072e-02,-1.000000000000000000e+03,-7.650739521464174075e-02,-9.990000000000000000e+02,4.598753643289483356e-02,-6.604092773542270811e-02,-1.124294776539183638e-01,-1.014607212293440613e-01,-9.990000000000000000e+02,-9.745515540290768108e-02,-1.000000000000000000e+03
-9.990000000000000000e+02,-8.053288486761821241e-02,-5.852926074628238967e-02,-9.990000000000000000e+02,-9.990000000000000000e+02,-7.229318817460911317e-02,-1.426338226616429561e-01,-7.473501610837961218e-02,-8.951878079534264510e-02,-1.000000000000000000e+03,-4.363153657206197966e-02,-9.990000000000000000e+02,-5.325110203830379918e-02,-9.990000000000000000e+02,-6.239019637903003845e-02,-6.659944254631398886e-02,-6.692133165038370579e-02,-1.502835977171859960e-01,-1.082637452661569660e-01,-8.453693682200115467e-02,-9.990000000000000000e+02
-7.607188933860656310e-02,-7.258799835906143416e-02,-6.329200272967110130e-02,-4.965546918625054346e-02,-2.507014052096829260e-01,-5.788771951099808133e-02,-1.155023620502093062e-01,-9.990000000000000000e+02,-1.234600773348592112e-01,-6.178686857448226211e-02,-9.990000000000000000e+02,-5.936577233686211180e-02,-6.894492192098228278e-02,-9.990000000000000000e+02,-9.990000000000000000e+02,6.204208961629648078e-02,-4.683646426448982020e-02,-6.149364772972373133e-02,-1.259679312797091777e-01,-1.000000000000000000e+03,-1.000000000000000000e+03
-9.990000000000000000e+02,-9.990000000000000000e+02,-9.990000000000000000e+02,-9.990000000000000000e+02,-1.602761892661553889e-01,-9.139456264502295035e-02,-9.990000000000000000e+02,-9.990000000000000000e+02,-9.472995284075221012e-02,-1.000000000000000000e+03,-1.000000000000000000e+03,-5.591434139351993821e-02,-5.390126932498787160e-02,-9.990000000000000000e+02,-1.007398893321894695e-01,-1.059059247143091104e-01,-9.306521340871382053e-02,-6.022796897104239905e-02,-6.969374898677854757e-02,-9.990000000000000000e+02,-4.694741992935900360e-02
-6.485870566486985622e-02,-7.600022977211871866e-02,-9.990000000000000000e+02,-1.488676463049539989e-01,-9.990000000000000000e+02,-6.753244517787719559e-02,-1.106960793388103853e-01,-9.990000000000000000e+02,-1.000000000000000000e+03,-8.969472253351361279e-02,-9.990000000000000000e+02,-9.265190611988928515e-02,-4.901005082690958886e-02,-3.440281486709892422e-01,-9.990000000000000000e+02,-6.071422729746395186e-02,-1.000000000000000000e+03,-6.684878771080654536e-02,-9.066177302451013109e-02,-8.397735621358247415e-02,-9.141344891465136291e-02
-1.000000000000000000e+03,-9.990000000000000000e+02,-4.148886062221455312e-02,-9.990000000000000000e+02,-9.990000000000000000e+02,-9.990000000000000000e+02,-1.000000000000000000e+03,-9.990000000000000000e+02,5.831587875822945993e-02,-7.519439808942307568e-02,-9.990000000000000000e+02,-1.000000000000000000e+03,-9.990000000000000000e+02,-1.000000000000000000e+03,-8.474044180926580683e-02,-1.000000000000000000e+03,-9.990000000000000000e+02,-9.990000000000000000e+02,2.222045788509603714e-02,-9.990000000000000000e+02,-1.600234101575505885e-01
-4.878593489918200271e-02,-5.905159858381279353e-02,-9.990000000000000000e+02,-9.990000000000000000e+02,-1.000000000000000000e+03,-9.990000000000000000e+02,-1.803336889294689105e-01,-1.000000000000000000e+03,-6.166981948641564459e-02,-1.976756827791536775e-01,-9.990000000000000000e+02,-1.000000000000000000e+03,-1.423201350219419348e-01,-2.159946842792057342e-01,-9.990000000000000000e+02,-1.217824594598054394e-01,-1.234575173407899684e-01,4.239586656384402436e-02,-9.990000000000000000e+02,-9.990000000000000000e+02,-9.990000000000000000e+02
3.879649420265696841e-02,6.374414914733826654e-02,-1.000000000000000000e+03,-9.990000000000000000e+02,1.049665877614325421e-01,1.271657609480118800e-01,7.429974032530074768e-02,9.650921752781232987e-02,-6.981304425585997675e-03,-2.880045155737397111e-02,8.600674916467877795e-02,-2.778748280712935517e-02,-9.276507698931381329e-02,-3.120959956371491956e-03,9.055167160960249373e-02,7.937954901090420179e-02,5.890411134462984061e-02,7.188986034737743225e-02,8.861967710540390175e-02,4.281772533649121776e-02,-9.990000000000000000e+02
-1.000000000000000000e+03,-1.467877688112649015e-01,-3.490890621671681182e-01,-6.609171540654364130e-02,6.402098226578706308e-02,-4.803380517497905962e-03,-1.335435031959963659e-01,5.473506583423948940e-02,5.575897820380038700e-02,8.427738985814364758e-02,1.011561502242739885e-01,-7.997321483789109064e-02,1.932585125159841377e-02,-9.990000000000000000e+02,7.912879937461499147e-02,9.188074618168283123e-03,2.450904197602396181e-02,5.154054881626988355e-02,1.215725239713601608e-01,7.687747793929057549e-02,-2.238370306236993346e-01
6.940469062523399978e-03,4.873667775094315396e-02,3.905010173042089416e-02,-1.000000000000000000e+03,1.772097365306788200e-02,2.879296221178516413e-02,-1.294609703409627978e-02,-1.121700409185536346e-01,6.637754957217248397e-02,-1.051814354288847370e-01,-1.093711168317723637e-02,4.967687157408342408e-02,2.822667806122726789e-02,4.034694910403374690e-02,-7.979196266452394035e-03,-1.388702230355866839e-02,-1.058273196886365267e-03,-7.053622743125050054e-02,-9.990000000000000000e+02,9.723536442163012439e-02,-9.990000000000000000e+02
-7.472811567328395410e-02,5.552135681466008332e-02,-9.990000000000000000e+02,-1.000000000000000000e+03,9.565515864423015935e-03,-8.561262702317761278e-03,3.452387797399238817e-02,-8.419824489894327593e-03,2.978506676927143368e-02,-4.171112744137610989e-02,-1.000000000000000000e+03,5.300928224444217962e-02,1.197645997211218422e-01,-7.761567243524132576e-02,6.294172026287178645e-02,2.682600280855486352e-02,2.938018627152720955e-02,-1.000000000000000000e+03,-5.529854740894811493e-03,1.610571226937595676e-02,-3.542621951697769167e-01
2.493959171344148351e-02,-9.990000000000000000e+02,9.293526695466464149e-02,-1.000000000000000000e+03,-8.235408010679366730e-03,4.549549031076771666e-02,2.389068232247528942e-02,2.886815024911730185e-02,5.381921396044581779e-02,8.915222440955673604e-05,-4.472040909682741504e-03,-8.144582934583963207e-02,5.391063720429556394e-02,-1.534238456020583325e-03,5.583604693320182166e-02,-1.579629261297364404e-02,-6.174442164171331515e-02,-5.479309918382750839e-03,-1.048726318899698313e-02,-4.015851738698469203e-02,-8.790409742197607956e-02
-7.714824707774359247e-02,-1.597246885234130387e-01,-1.567223672917355815e-01,-1.283260787873128916e-01,-9.603673554721059435e-02,-1.000000000000000000e+03,-7.141248349589908451e-02,-9.706493348016116685e-02,-9.827059688194317300e-02,-1.258950674736061259e-01,-9.896567242056046598e-02,-9.560389363938719132e-02,-6.164042770167543761e-02,-1.313781509363752820e-01,-1.638248772463006819e-01,-9.576056481334806192e-02,-8.120511288987712628e-02,-1.279467917637704677e-01,-1.735399313649920450e-01,-1.526531212985782482e-01,-6.697007284294449747e-02
3.776959324729670803e-02,3.548923596753537218e-02,-1.000000000000000000e+03,-4.140225876354445417e-02,1.277775974964079075e-01,3.865698253182797087e-03,2.770626618974909861e-02,8.564559130017568300e-02,5.431624909437151455e-02,6.066424629893810844e-02,5.362309147905108125e-02,-6.318957195643520874e-02,5.027019515282115519e-02,3.167775937146166676e-02,9.473000465458014663e-02,2.299205852266366853e-02,4.914099870708590195e-02,8.873407252473224094e-02,3.636409557394370412e-02,5.318416774037854067e-02,-9.651263975531033934e-02
-8.246011714968953799e-02,-2.016906568519293008e-02,-9.990000000000000000e+02,-1.587679017201216458e-01,-1.048123752453181678e-01,-1.177592569775071513e-01,-1.830656027600269520e-01,-1.071792152731161213e-01,-1.012649473081062013e-01,-1.606470144699359004e-01,-1.678766275673891084e-01,-9.990000000000000000e+02,-3.533369809135823991e-01,-9.897115143001682103e-02,-9.843647885461370706e-02,-1.006513124418799560e-01,-1.000000000000000000e+03,2.950229358449119044e-02,-8.773443680909946696e-02,-9.990000000000000000e+02,-9.990000000000000000e+02
-1.277635097590008595e-01,-6.585413648127262654e-02,-4.125247511114061433e-02,-7.153718115231044727e-02,6.453886187814128483e-02,-9.990000000000000000e+02,-1.000000000000000000e+03,-5.365619121062317060e-02,-2.788945341398595471e-02,-1.085053774226189122e-02,-6.440924655254719189e-02,-1.047314743743547466e-01,-1.039188004542006966e-01,-6.602663816375088646e-02,-2.449283279628072883e-03,-1.442272070003602635e-01,-9.205274040784901246e-02,-2.073629608326883408e-02,5.918542173112110311e-02,6.351830933692632908e-02,-2.225944898074273259e-01
-8.624861103665722173e-02,-1.000000000000000000e+03,-1.683097014473475539e-01,-9.990000000000000000e+02,-1.000000000000000000e+03,-1.246331015360535588e-01,-7.552723695714728958e-02,-1.000000000000000000e+03,-1.806461767978458088e-01,-2.614895222611189340e-01,-1.858187456210189936e-01,-1.067430408337386866e-01,-1.800423046997000898e-01,-9.990000000000000000e+02,-8.221204872336020097e-02,-6.903404819937294934e-02,-1.008189122791225273e-01,-7.744798975322747525e-02,-5.314686148338501614e-02,-1.000000000000000000e+03,-4.923045533649944572e-02
-1.474174531907473940e-01,-1.544711934309463131e-01,-6.548912229165780585e-02,-2.491000313976258485e-01,-7.444396175644708846e-02,-7.373140574579127582e-02,-8.580949429989960520e-02,-9.151402607251996058e-02,-7.489594090490551970e-02,-1.211600600808617062e-01,-7.932489310666325510e-02,-1.050106112825305860e-01,-1.000000000000000000e+03,-9.990000000000000000e+02,2.359518700495945309e-02,-9.990000000000000000e+02,-1.264302962057382851e-01,-1.510741808723796153e-01,-1.209097848453559304e-01,-7.347540274427460938e-02,-9.175375488255284318e-02
-1.017158482648723716e-03,1.982682925157799869e-02,-1.000000000000000000e+03,5.898204650916697572e-02,-5.293334035961186346e-02,-9.586117243932272547e-02,1.568053696841754940e-02,-3.967635243921235899e-02,-1.983952184602757671e-02,-6.684949497428240017e-03,2.603511018472460734e-02,-2.399757065621500526e-02,1.192155230245825655e-02,5.030470736799711601e-02,5.962477710041175910e-02,-2.872981370313359636e-02,-7.144998858597664815e-02,-1.885009302670334966e-02,1.156512866178109090e-02,-6.214161118462809691e-02,-6.789093438716715945e-02
-1.000000000000000000e+03,-1.905022366026632719e-01,-1.000000000000000000e+03,-9.990000000000000000e+02,-4.464640684592497029e-03,-5.495510117329044375e-02,-9.990000000000000000e+02,-1.401516610140957353e-01,-1.114776552267410653e-01,-1.065968831329009436e-01,-1.039866976766477130e-01,-1.000000000000000000e+03,-9.591568450296095172e-02,-7.236291328492366892e-02,-9.990000000000000000e+02,-1.070675156898832636e-01,-1.250505343505473876e-01,-1.595657509212084491e-01,-1.988578370664364006e-02,-1.000000000000000000e+03,-1.000000000000000000e+03
-9.990000000000000000e+02,1.573049656453843342e-02,-1.000000000000000000e+03,-1.000000000000000000e+03,-7.327840210321136249e-02,-9.990000000000000000e+02,-8.406138641644987641e-03,-5.936146512211234322e-02,1.707728168275204255e-03,-3.884518532117512551e-02,-9.990000000000000000e+02,5.520594023330559902e-02,-9.808254240334757235e-02,-1.000000000000000000e+03,-3.772072368094082136e-03,1.102992778591876943e-02,-1.466802432108616806e-02,-6.735421273386438257e-02,-9.990000000000000000e+02,-9.990000000000000000e+02,-1.000000000000000000e+03
-1.008521571530689685e-02,2.012012792019437016e-02,2.594755930570995239e-02,-8.839423321084076413e-02,1.047904173721321032e-02,1.299790736205109522e-02,-8.877063065471359161e-04,7.143586274483991472e-03,-1.594637360471211698e-02,-3.073223057664523430e-02,5.721857198163978614e-03,-7.579358925580846618e-02,-1.000000000000000000e+03,1.033370017728150146e-02,6.000820131265603014e-03,-1.488488997953670186e-02,1.141349020507554345e-02,-1.139897154614144710e-02,-4.792823964178228452e-02,-6.319928753268395406e-03,-9.949525607338029209e-02
2.130917654337744285e-02,-4.952825365998886342e-02,-1.000000000000000000e+03,-2.353722879637877921e-02,-5.671913999892052444e-02,1.558349442341049919e-02,-5.232617204646599490e-02,-6.981889885336355073e-02,2.243411568836826964e-02,-4.263972004459951060e-02,-9.990000000000000000e+02,3.903000906499361211e-02,-7.460872613475044712e-02,-4.436415307232238758e-02,-6.512347223692351028e-02,1.067702769456678989e-02,1.008403840682957353e-02,-8.663699014409760590e-02,-5.404260181148690112e-02,-7.214382132751871735e-02,-9.990000000000000000e+02
-1.004945171955418520e-01,-9.990000000000000000e+02,-1.000000000000000000e+03,-1.892206179595598559e-02,-1.427576569987737132e-01,-5.355847388451007857e-02,-8.369305523828328430e-02,-2.574890192615510165e-02,3.150066973667098313e-03,-4.438805885077911489e-02,2.772476402230784984e-03,-5.271566701506230634e-02,-1.882295650547140820e-01,4.216270180268727463e-02,-1.253100748466740300e-01,-6.999237286817534820e-02,-3.868119409672574061e-02,-1.253802597790159012e-01,-9.990000000000000000e+02,-1.557570090764008597e-01,-9.990000000000000000e+02
-1.641987473318972379e-01,-4.644061769388587169e-01,-1.262449728095194346e-01,-9.990000000000000000e+02,-7.602960455146866303e-02,-3.265144127609511115e-01,-1.672966027217350771e-01,-8.680148348354636834e-02,-1.206010941418632632e-01,-9.831596782537858903e-02,-1.826021309165033191e-01,-1.262530084587465684e-01,-1.063573936405895620e-01,-1.160866281352871815e-01,-1.310560828778578324e-01,-7.259063878965325844e-02,-1.117797823933091711e-01,-9.564491415642013827e-02,-1.000000000000000000e+03,-8.995054176069182394e-02,-9.990000000000000000e+02
-5.686547506071336876e-03,-9.990000000000000000e+02,-2.840096129356664556e-02,-1.000000000000000000e+03,-1.918424308299021249e-03,-1.309307518991272845e-01,-1.196714306463694394e-01,4.499967209365218768e-02,-5.699535136395943863e-02,-1.230916658468467033e-02,-1.080969565551026940e-01,9.460707724804562346e-03,-4.283039752579317211e-02,-4.267908858564226776e-02,5.099343840057813521e-02,-4.451445443374512506e-02,1.978181232219356975e-02,1.466260469914088850e-02,-7.981098717663948072e-02,9.109986545684738146e-02,-1.025576660630377474e-01
6.725898528660632751e-03,6.734176020920557004e-02,-1.649351783414450823e-01,-5.728066803266031876e-02,-1.259014052414159923e-01,-1.656853084594164527e-01,-6.842810229072084083e-02,6.726192783026180289e-02,-3.200246367722844182e-02,1.086586341183135539e-02,-7.199920098654470635e-02,-5.677724380686829247e-02,-1.888854343513481082e-02,3.822119564601407504e-02,1.579688406639595186e-02,-1.000000000000000000e+03,-2.174439656155033318e-02,5.247297132720595697e-02,-9.990000000000000000e+02,-1.003215273072713826e-01,-2.284872457576142268e-01
-1.406074287231650066e-01,-6.753163056186646529e-02,-9.704145067413361136e-02,-7.036174734939466824e-02,-8.709462341497313520e-02,-9.196667952332053531e-02,-7.599982287883443044e-02,-2.179220322868912277e-02,-6.076880863076436490e-02,-1.159729783633199479e-01,-6.096393550323495059e-02,-1.029599819690273366e-01,-9.990000000000000000e+02,-7.754281670903585832e-02,-7.315017155070947796e-02,-1.812768353355080908e-01,-5.316117418512006365e-02,-1.000000000000000000e+03,-9.990000000000000000e+02,-1.463114039003886868e-01,-8.327703415402226694e-02
-1.717976333315757165e-01,-1.000000000000000000e+03,-9.990000000000000000e+02,-9.990000000000000000e+02,-1.000000000000000000e+03,-8.957573535543190968e-02,-9.990000000000000000e+02,-9.990000000000000000e+02,-1.762803018768566987e-01,-3.184077493750649412e-01,-8.409621011408076330e-02,-1.700063748964661114e-01,-2.232640539326847529e-01,-9.990000000000000000e+02,-8.768871414835670286e-02,-1.072013791900520291e-01,-1.695985483673300431e-01,-8.198400705263793331e-02,-4.376794356182184959e-02,-3.296371247019072026e-01,-1.157369966259816502e-01
-7.232023031164913629e-02,-3.757645582598092004e-01,-1.000000000000000000e+03,-4.643386131507076797e-02,5.201174040045386526e-02,-9.908336294855163429e-02,-9.990000000000000000e+02,2.368573986340334961e-02,-3.280298105093838040e-02,-4.231469387187847264e-02,3.854261795374721439e-02,-1.407136187907749580e-01,-1.320209206087472054e-01,2.736674672214088958e-02,2.583977142866678012e-02,-1.000000000000000000e+03,-9.990000000000000000e+02,3.783125466824516225e-02,5.153466212726659501e-02,-9.990000000000000000e+02,-9.990000000000000000e+02
-9.990000000000000000e+02,-8.604299383400930423e-02,-1.216875337049291295e-01,-1.000000000000000000e+03,-9.990000000000000000e+02,-9.632957192329533180e-02,-9.990000000000000000e+02,-9.990000000000000000e+02,-1.832470977499403852e-01,-9.492532697648176088e-02,-7.092921375836104547e-02,-8.351729021657509910e-02,-7.442264878007855133e-02,-9.990000000000000000e+02,-7.599261122546936698e-02,-7.702288949711481869e-02,-1.460184265651739699e-01,-1.060308357313802102e-01,-9.990000000000000000e+02,-1.498383488885728365e-01,-9.990000000000000000e+02
-9.990000000000000000e+02,-7.065848717337598617e-02,4.939627803229202155e-03,-1.000000000000000000e+03,-1.000000000000000000e+03,-5.355737181142736919e-02,-2.202982506648941061e-02,-1.385579429054409617e-01,-1.809359009838246504e-02,-5.843275277538028528e-02,-2.769491145506415911e-02,-6.894900114168212024e-02,-6.117777966923409333e-02,-9.990000000000000000e+02,-5.576324661828773593e-02,-4.719691634618809056e-02,-4.774121456570219052e-02,-1.809595363689130432e-01,3.571709909676804105e-03,-1.180529991780764759e-02,-8.354147213597472310e-02
-9.990000000000000000e+02,-9.990000000000000000e+02,-9.990000000000000000e+02,-9.990000000000000000e+02,-1.080015619531672355e-01,-6.816929736208809931e-02,-1.000000000000000000e+03,-1.185850563872143382e-01,-1.051869913538362872e-01,-1.462533731987020469e-01,-3.386894884717671084e-01,-9.990000000000000000e+02,-9.990000000000000000e+02,-1.000000000000000000e+03,-1.097905926525322290e-01,-7.257805733599496933e-02,-1.559163177528930799e-01,-1.957261757877922781e-01,-9.990000000000000000e+02,-1.056241099295362335e-01,-9.582207506936891994e-02
4.256392061598549686e-02,-9.990000000000000000e+02,-1.000000000000000000e+03,-1.132115818264433672e-02,4.748188016324145916e-02,6.135013467268249192e-03,6.136879076310124831e-02,4.792550529464179032e-02,-9.809137125605290816e-03,6.496647414517321695e-02,-6.348789173434776778e-02,-1.254857572639023477e-01,5.581268938961844034e-02,1.821060923946763929e-02,6.194041324919122987e-02,8.960247077061239684e-02,-1.530651367382390715e-02,-1.268787449046114048e-02,-2.191586121554500721e-02,3.515143491555338534e-02,-7.554328968074315587e-02
-1.000000000000000000e+03,-9.990000000000000000e+02,-2.630757991051355105e-01,-9.990000000000000000e+02,-2.468116615130602209e-01,-9.025778148315909133e-02,-1.035436948376051297e-01,-9.727926284948484881e-02,8.458988001577459268e-03,-8.298599415725267658e-02,-9.990000000000000000e+02,-1.152006972907442112e-01,-5.019777912642261336e-02,-3.224235080487178329e-02,2.796173259606983888e-02,-5.132597977820849838e-02,-1.752019465913122465e-01,-7.070105469008503007e-02,-8.951269818920708221e-02,-9.990000000000000000e+02,-2.896288259707752166e-01
-9.990000000000000000e+02,-1.000000000000000000e+03,-1.000000000000000000e+03,-1.873080110170690371e-01,-9.945000867084452523e-02,-1.281786551561466259e-01,-7.570372388959674403e-02,-9.990000000000000000e+02,-7.623150467746279968e-02,-6.909699715571865353e-02,-9.735319132241369855e-02,-8.628290756590717425e-02,-1.940098777763636095e-01,-1.706955863288953934e-01,-1.921901274305766461e-01,-1.542917147524149046e-01,-2.012241628457799025e-01,-1.072139615411170227e-01,-2.040863358477106038e-01,-9.990000000000000000e+02,-2.088172913096798811e-01
-1.000000000000000000e+03,-2.194182133125967826e-01,1.048982339102238516e-02,3.137154560043201729e-02,-1.729877326216082423e-02,-3.905947026434544028e-02,2.569481367714176664e-02,-2.058210722109066540e-02,-2.072300955738060405e-02,-1.316458523409205078e-02,-1.742480449653399308e-02,-2.332479382674950211e-02,-1.005085633978415084e-02,-1.690012239915478567e-02,-5.080926443298042910e-02,-2.727624649797196280e-02,8.329305055553921011e-04,-6.080856094416784569e-02,-5.449001904146717756e-03,-5.364634841213062472e-02,-1.620747060984289722e-01
-9.990000000000000000e+02,-9.990000000000000000e+02,-1.697469693371429778e-02,2.160521833338033271e-02,9.281768480200349239e-03,-7.409702229323159028e-02,-1.000000000000000000e+03,3.765463094212045427e-04,-3.696466614216753488e-02,-4.536343622317140500e-03,-2.984140370149785879e-02,3.948317593723709752e-03,-1.113775203014883836e-01,-1.000000000000000000e+03,-1.180000894339089945e-01,-4.132247877276021969e-02,2.458928585129780547e-03,-4.213312849415788881e-03,-2.560144679304522317e-02,-1.043821150139799259e-01,-2.174971020201613703e-01
-6.482443905244017479e-02,-1.086059238217965267e-01,-1.000000000000000000e+03,-1.093608484759102800e-01,-9.111055382013943937e-02,-8.975000975202311604e-02,-7.307457379574090750e-02,-1.000000000000000000e+03,-9.990000000000000000e+02,-9.736166582462235652e-02,-9.023674103981903227e-02,-1.000000000000000000e+03,-9.023763332760315059e-02,-1.264690564123640282e-01,-9.552097999867992240e-02,-8.881434175568451994e-02,-1.752671534844705559e-01,-1.221325083787449667e-01,-9.990000000000000000e+02,-9.990000000000000000e+02,-6.591253111638051276e-02
-2.376642144257183065e-01,1.386074143103990276e-02,-1.431730818364254816e-02,-7.775388263433512248e-02,-1.022483849459402405e-01,-5.788661691371913692e-02,-2.143181688157098641e-01,-3.262853878099691851e-02,-2.187843914983384971e-02,6.444558922248569584e-03,-1.058442519700438650e-02,-5.126386705501530944e-02,1.505426464559943105e-02,-9.990000000000000000e+02,1.746259933836850908e-02,-1.000000000000000000e+03,-6.626911781345277974e-02,-5.764855160001473161e-03,-7.875928724734820863e-02,-9.990000000000000000e+02,-6.957986339559098232e-02
-9.990000000000000000e+02,-3.977069574771135291e-02,-1.000000000000000000e+03,-9.990000000000000000e+02,-3.071869431454958901e-02,-8.551707977096434377e-02,-1.000000000000000000e+03,-7.352972941098145920e-02,-1.304572106046415769e-01,-5.355717827644333046e-02,-9.990000000000000000e+02,-2.344465451701012171e-01,-2.560865278820386171e-01,-1.749870248072799284e-01,-3.262909296270911225e-02,-9.035550739610460902e-02,-1.621721776187335651e-01,-8.516504368615518406e-02,-5.683788662549473653e-02,-2.693758341124343203e-01,-1.658313863297888047e-01
-1.847861165924219104e-02,-3.260016651664462278e-02,-9.990000000000000000e+02,-9.990000000000000000e+02,-1.527766047141390360e-01,-5.746374211667029663e-02,-9.390053527045912063e-02,-1.000000000000000000e+03,-3.066925609929244123e-02,-1.712628747551421526e-01,-2.939718739721446372e-01,9.693320592548166845e-03,-7.707976480379476192e-02,-1.000000000000000000e+03,-3.354374777204865293e-02,-1.000000000000000000e+03,-1.347300613879899578e-01,-1.272642087437060587e-01,-1.093156633111616732e-01,-1.281329805017449031e-01,-9.990000000000000000e+02
-9.990000000000000000e+02,-9.990000000000000000e+02,-9.990000000000000000e+02,-9.664383055997516347e-02,-4.642725152457565646e-02,-6.650609987556617420e-02,-9.990000000000000000e+02,-1.063710082346886049e-01,-6.866187318715698262e-02,-7.090962638400422069e-02,2.274945853932975118e-02,-9.293409854007252113e-02,-9.162295342404402909e-02,-9.990000000000000000e+02,-2.127019392113306540e-01,-1.921365578080057868e-01,-9.867658713593137343e-02,-6.794129780681897046e-02,-7.978318260586791943e-02,-1.000000000000000000e+03,-1.000000000000000000e+03
-3.968638295892044227e-02,-1.000000000000000000e+03,-1.014265754104301115e-01,-7.406890546565896016e-02,-2.569627359278837120e-01,-1.400729349325633422e-01,3.855932987053816569e-02,-3.870916492144551441e-02,-1.720547232140451008e-02,1.959094540151659278e-04,5.632777918865744526e-02,-6.159831374559795319e-02,-6.205197938983525452e-02,-3.236101423719960762e-02,3.599361998812364988e-02,-4.548141491899668903e-02,3.622629683313698806e-02,-2.489364522988569625e-02,1.475860148558094144e-02,-1.903232687312741631e-02,-9.990000000000000000e+02
-9.990000000000000000e+02,-9.990000000000000000e+02,-9.990000000000000000e+02,-1.135608047233954004e-01,-1.000000000000000000e+03,-1.314693352595966147e-01,-8.022705975419024138e-02,-9.990000000000000000e+02,-1.190638454401546503e-01,-8.126270921176929896e-02,-5.732179304747189036e-02,-1.412571924057587081e-01,-2.361623228217563097e-01,-9.990000000000000000e+02,-1.166291298139711108e-01,-1.189758345042329357e-01,-1.291376312795499137e-01,-1.239210451215104897e-01,-6.448679716384114746e-02,-2.118396893642451040e-01,-8.707037297338308945e-02
-6.593240374257935965e-02,-1.256400804765823997e-01,-1.000000000000000000e+03,-1.000000000000000000e+03,-9.990000000000000000e+02,-1.389339657557294716e-01,-5.128750436406840502e-02,-1.085395079664970286e-01,-7.500161352968100215e-02,-2.398173276886012284e-01,-9.990000000000000000e+02,-1.233846293726151150e-01,-1.416806397756573410e-01,6.847880740173258041e-02,1.177567975580448697e-03,-3.785719212225450298e-02,5.968737620444527353e-02,1.682525353073745580e-02,-9.990000000000000000e+02,-9.990000000000000000e+02,-1.000000000000000000e+03
-1.260651434822478156e-01,-9.990000000000000000e+02,-6.482981097383318236e-02,-2.182917998717790464e-01,-9.990000000000000000e+02,-8.231427578653484345e-02,-1.258725461293966896e-01,-1.000000000000000000e+03,-9.990000000000000000e+02,-1.321184920298460186e-01,-1.000000000000000000e+03,-1.700464797310297094e-01,-9.973348864582752549e-02,-1.056356401610154955e-01,-8.898440040890882863e-02,-1.554314768861863316e-01,-1.075057152990170350e-01,-3.945097738116650626e-02,-9.892214220006106951e-02,-9.990000000000000000e+02,-6.874002090732687920e-02
-1.313964479151886466e-01,-1.585930522283222344e-01,-1.000000000000000000e+03,-9.990000000000000000e+02,-8.682013004863824157e-02,-8.327040542435430737e-02,-1.744307831655392549e-01,-8.213002801457496005e-02,-1.580997587060865017e-01,-1.000000000000000000e+03,-1.000000000000000000e+03,-9.861107955651526868e-02,-1.488279227467383947e-01,-1.000000000000000000e+03,-8.856670441373343250e-02,-8.563828848224901147e-02,-7.816922633128627063e-02,-2.001038885232850895e-01,-9.990000000000000000e+02,-1.205438082062796762e-01,-9.990000000000000000e+02
-7.365137732377720348e-02,-9.990000000000000000e+02,-3.112244307416138223e-01,-1.000000000000000000e+03,-1.321935984918782940e-02,-7.530072826831389621e-02,3.605630690269594207e-02,4.525086216181318371e-02,-3.408934492437641628e-03,4.825594371799266785e-02,2.460360835600318430e-02,-4.828533522630205216e-02,-7.145360725993014916e-02,-6.384649519509096038e-02,-8.721068867022750692e-03,-3.925647968566885887e-02,5.221420380379774434e-02,4.880484643107968479e-02,-2.406857141536941636e-02,4.731234622015322998e-04,-9.990000000000000000e+02
-6.945403735266784950e-02,-1.973155826515823053e-01,-9.990000000000000000e+02,-9.990000000000000000e+02,-6.436929954931036590e-02,-5.465002930431527295e-01,-9.990000000000000000e+02,-9.990000000000000000e+02,-5.101447637528002538e-02,-8.867339535786337990e-02,-1.124202501322139475e-01,-8.647201181328351138e-02,-1.090467807577484988e-01,-9.990000000000000000e+02,-1.000000000000000000e+03,-8.675736215038835908e-02,-8.939517067781621584e-02,-1.535324776913136458e-01,-9.990000000000000000e+02,-6.676460377075089936e-02,-9.990000000000000000e+02
-7.805943654873725990e-02,-1.149924692247700914e-01,-1.278351113386128335e-01,-9.990000000000000000e+02,-1.652250108590978817e-01,-2.281945228833026917e-01,-9.735358502737585795e-02,-5.579702045905710062e-02,1.395252976950703792e-02,-1.138672039445442347e-01,-1.030936777431144674e-01,-7.564618777265529059e-02,-1.357394124207828845e-01,-9.990000000000000000e+02,-1.000000000000000000e+03,-7.305302867048968363e-02,-9.147916481763847252e-02,-7.783953852359470904e-02,-1.632486249006413759e-01,-2.845700966549046251e-01,-9.990000000000000000e+02
