1.330741941109764293e-02,9.152827904761335828e-03,0.000000000000000000e+00,-4.210542206015594618e-02,-3.569426959182663006e-02,-1.094417930982756193e-01,0.000000000000000000e+00,-5.255936280686494128e-02,3.239227899882327760e-02,1.451853823548763384e-02,0.000000000000000000e+00,-1.917196649615110216e-01,-9.970470756506427668e-02,4.376285667759425430e-02,6.908405668295702906e-02,-5.076562527203853925e-02,9.191517040485659706e-03,1.042022654825494913e-03,-8.981727454695301316e-02,5.244136147923392915e-02,-2.022280552565106637e-01
0.000000000000000000e+00,-1.120124832354795208e-01,-1.728301943693598963e-01,-1.341568422316766485e-01,-3.660986669669736293e-01,-1.677691155389130773e-01,-1.995239155246552321e-01,0.000000000000000000e+00,-7.737608785549604518e-02,-1.343894849027933713e-01,-2.775982266686591871e-01,0.000000000000000000e+00,-1.498778418247617428e-01,0.000000000000000000e+00,-1.580298632043829477e-01,-1.368550576275362196e-01,-1.059717458679907826e-01,-6.200698204634856603e-02,-1.519461138157718882e-01,-7.995364086858464114e-02,-8.994353609381917913e-02
-4.999473246937165966e-02,0.000000000000000000e+00,-1.690582584788254128e-01,-1.873892842778178136e-01,-9.781705867361598083e-02,-1.285737848434361508e-01,-1.381843471265754852e-01,-9.147499921310170423e-02,-1.272606363731929313e-01,-1.519269108067690943e-01,-1.206567799870756630e-01,-1.503689116103273937e-01,-1.884295884005528221e-01,-1.920805887878202223e-01,-1.166454282813075838e-01,0.000000000000000000e+00,-1.049099450384847476e-01,-1.566093096425798803e-01,-1.644135070429166012e-01,-1.621003750089168027e-01,-8.895764834183139680e-02
-9.803405989492625094e-02,0.000000000000000000e+00,0.000000000000000000e+00,-1.454793012470194380e-01,-1.892897456818397328e-01,-8.759708557058414058e-02,-9.073933296398158099e-02,-6.498423490890684051e-02,-1.116082898532229917e-01,0.000000000000000000e+00,1.155918476682300799e-01,-1.116634869947737557e-01,-1.230949531785340695e-01,0.000000000000000000e+00,-1.283066925751569221e-01,-1.560577420040392682e-01,-1.577803693747650837e-01,-1.102821422595508423e-02,-1.516016860628287832e-01,-1.263843223315154196e-01,-1.589126165321669559e-01
-2.161832074974768259e-01,-6.315528581454256385e-02,-1.045060029773542398e-01,-8.166895804090794353e-02,-7.928402181752713940e-02,-1.500664966543900913e-01,-1.666656824322286512e-01,0.000000000000000000e+00,-1.443254877692034255e-01,-1.037753478864055223e-01,-4.930433459535662477e-01,-9.744398266560563848e-02,-2.024151405876360721e-01,0.000000000000000000e+00,-1.316902643686443941e-01,0.000000000000000000e+00,-1.236023489444069562e-01,-7.699206532216089360e-02,-1.881527736099609105e-01,-1.434193080124307185e-01,-1.621889191615280279e-01
0.000000000000000000e+00,0.000000000000000000e+00,-1.399425933214316076e-01,0.000000000000000000e+00,-1.648740624672855593e-01,-1.796558427998631302e-01,-9.266742754848750208e-02,0.000000000000000000e+00,-2.125080734365475121e-01,-1.334969008774647414e-01,-1.601946134627938723e-01,-1.758728249776546626e-01,-2.119900285187267530e-01,-1.574427395853906508e-01,-2.667076239943014238e-01,-1.751597546438267150e-01,-2.316753291248254132e-01,-1.317334503175272842e-01,-1.022630434459418092e-01,-7.645164071132633243e-02,-7.263469272959668932e-02
0.000000000000000000e+00,0.000000000000000000e+00,-2.068008908560095005e-01,-2.943065824152040766e-01,-1.063721084234253433e-01,-2.244289774491698419e-01,-6.042137814619802372e-02,-8.890691413276247124e-02,-1.532136521122623163e-01,-1.182434316967320986e-01,-1.059843680929240528e-01,-2.020718344790288779e-01,-6.679478289391101165e-02,0.000000000000000000e+00,-7.965285723598138079e-02,-6.467067322675540408e-02,-8.415529855715397911e-02,-1.163613126241675039e-01,-9.594064530555304615e-02,-1.659573059103784110e-01,-2.232634750186144879e-01
0.000000000000000000e+00,-5.726359943078473957e-02,0.000000000000000000e+00,-1.825959326474141942e-01,-9.106015143246731780e-02,-1.071072823727687584e-01,0.000000000000000000e+00,1.143778413178818442e-03,-1.642344838211786395e-01,0.000000000000000000e+00,-9.662670635355426196e-02,0.000000000000000000e+00,0.000000000000000000e+00,0.000000000000000000e+00,-1.708573699715163485e-01,-1.873745135252833371e-01,-9.901430422188448044e-02,-1.575244840666584212e-01,-1.411868152052200565e-01,0.000000000000000000e+00,-1.905207245348475853e-01
0.000000000000000000e+00,0.000000000000000000e+00,5.091808845355198093e-02,-3.925875809251022641e-01,-7.760387688774485031e-03,1.669704179138627176e-02,-6.033579578107876179e-02,-1.061300772856500763e-01,-4.838845319635858011e-02,-5.340126375569435868e-02,-1.139877883147470405e-01,1.219792292820961882e-01,0.000000000000000000e+00,0.000000000000000000e+00,6.581498500437699128e-02,4.695512711685335960e-02,5.063320645878197773e-02,-2.084297827468857556e-01,-4.657336219260541782e-02,0.000000000000000000e+00,-2.044578180945250678e-01
0.000000000000000000e+00,1.127427559624928077e-01,5.189016431324394892e-03,6.896720013963197893e-02,-2.754082710147323990e-02,8.569294471208710462e-02,0.000000000000000000e+00,7.230632973621053949e-02,6.070417509119110933e-02,2.822055426683537510e-02,-1.038164116366559475e-01,0.000000000000000000e+00,0.000000000000000000e+00,3.146018478362627019e-02,-4.491072466692931642e-02,1.247986872422221227e-01,1.061552258091827267e-01,0.000000000000000000e+00,-2.547615681307783056e-02,0.000000000000000000e+00,0.000000000000000000e+00
-1.340186372666617443e-01,-1.106037521567895948e-01,0.000000000000000000e+00,-4.720055616944427573e-02,-1.296804395366514540e-01,-1.022117759782885209e-02,0.000000000000000000e+00,-1.674286995894987973e-01,-1.825831119568145644e-02,-1.994254563542408043e-01,-1.190096431365876284e-01,5.551825209841308034e-02,0.000000000000000000e+00,-3.956207176004378906e-02,3.655777680936409674e-02,-7.794540832951646347e-02,-1.909391172241529100e-01,-1.637867183375564251e-01,-1.744721248282044557e-01,-1.158295329835285631e-01,0.000000000000000000e+00
-6.891248014921567966e-02,-2.503946844699962426e-01,0.000000000000000000e+00,0.000000000000000000e+00,-2.296548094257211403e-01,-6.899283722587697121e-02,0.000000000000000000e+00,0.000000000000000000e+00,0.000000000000000000e+00,-1.579270126418658160e-01,-1.173251479043382478e-01,-1.796151993782578171e-01,-1.651583281980820161e-01,-1.640277993052711158e-01,0.000000000000000000e+00,-3.955096197360864763e-02,-2.054055952087218140e-01,0.000000000000000000e+00,-9.349176458073626961e-02,0.000000000000000000e+00,0.000000000000000000e+00
-1.733722777077408850e-01,0.000000000000000000e+00,-1.709707653335813538e-01,-1.278739213954843967e-01,-1.721942901692853356e-01,-1.557708984964783772e-01,-5.471580529177585972e-02,0.000000000000000000e+00,0.000000000000000000e+00,-5.843394598838780318e-02,0.000000000000000000e+00,-1.457097543723416821e-01,-5.664328783149950169e-02,0.000000000000000000e+00,0.000000000000000000e+00,-1.630868375965320027e-01,-1.447836279199772314e-01,0.000000000000000000e+00,-1.245994734563239670e-01,0.000000000000000000e+00,0.000000000000000000e+00
-1.802811643842172074e-01,0.000000000000000000e+00,0.000000000000000000e+00,0.000000000000000000e+00,0.000000000000000000e+00,-6.242911652319366178e-02,0.000000000000000000e+00,0.000000000000000000e+00,-8.419021882606786411e-02,-1.906081441390162778e-01,0.000000000000000000e+00,-4.970709558299615249e-01,-1.462339247948963306e-01,0.000000000000000000e+00,-1.473020237773763896e-01,-7.063988443600904832e-02,-9.926575809952040141e-02,-5.303862387557941455e-02,-1.025211955651587625e-01,0.000000000000000000e+00,0.000000000000000000e+00
-3.728747364469669479e-01,0.000000000000000000e+00,-3.011046576783095730e-01,-1.336345565153459758e-01,-1.173604579711931412e-01,0.000000000000000000e+00,-1.458351352724546468e-01,0.000000000000000000e+00,-1.517918595800415715e-01,-8.658149556345219600e-02,-7.077421718143640794e-02,-2.374784541326196985e-01,-1.548196093410969809e-01,-2.156030525556745514e-01,-2.087207935966653716e-01,-1.644884855116686695e-01,-5.965790954070656488e-02,-1.252197997316729372e-01,-7.293117942368503026e-02,0.000000000000000000e+00,0.000000000000000000e+00
7.596623449067736733e-02,1.527037026159957026e-02,0.000000000000000000e+00,-1.164511726822785725e-01,-7.983145964699334129e-02,-1.293875860817757240e-01,0.000000000000000000e+00,1.795091338189312713e-02,2.941297123710355857e-02,2.705231935067900495e-02,0.000000000000000000e+00,6.152945639837636982e-02,-9.962771358224251084e-02,-8.054837095957972926e-02,7.275442722399029505e-02,3.607484566598118114e-02,-2.026492774789667717e-02,2.169365822407834724e-02,-8.872891161041863983e-02,-4.558140352487588531e-02,-1.818290426111971170e-01
-1.895903364411053726e-01,8.335638385182990440e-02,0.000000000000000000e+00,0.000000000000000000e+00,0.000000000000000000e+00,6.845567710196909239e-02,0.000000000000000000e+00,0.000000000000000000e+00,6.321080432969932231e-03,-1.074299880867045781e-01,0.000000000000000000e+00,5.972766468264885387e-02,-2.327820701634273348e-01,0.000000000000000000e+00,0.000000000000000000e+00,-1.286791843883178244e-01,-9.992050954492681658e-02,-1.572651470719575173e-01,-8.387956727836069770e-02,0.000000000000000000e+00,-1.599158224319513488e-01
-8.071580912675024866e-02,-1.222714092220084925e-01,0.000000000000000000e+00,-9.164677487229941355e-02,-6.944543470863272228e-02,2.602433566312085250e-02,0.000000000000000000e+00,0.000000000000000000e+00,-1.568102691705680340e-01,-1.160792613787434979e-01,1.894684426386961454e-02,0.000000000000000000e+00,0.000000000000000000e+00,-1.871933411331205832e-01,-2.032376239372842008e-02,-1.543400121726797025e-01,0.000000000000000000e+00,-1.785777805671412977e-01,0.000000000000000000e+00,0.000000000000000000e+00,-1.815157101582526300e-01
0.000000000000000000e+00,5.312935610186929336e-02,0.000000000000000000e+00,3.764395811095967714e-02,-2.305574288439464839e-02,1.275185377371862612e-02,0.000000000000000000e+00,-6.230012732208447396e-02,-1.256736089981889612e-02,-1.678661819621770079e-01,2.342629786710366188e-02,4.180297370104158611e-02,0.000000000000000000e+00,0.000000000000000000e+00,6.971146631912672476e-03,9.351712710884031721e-02,7.742827856443264267e-02,-5.765195004625941338e-02,-1.303521045205972284e-01,7.706530699025421378e-03,-9.479944416809039931e-02
-1.442441788292848359e-01,0.000000000000000000e+00,0.000000000000000000e+00,-9.475684873965278809e-02,0.000000000000000000e+00,-1.354747869427734563e-01,0.000000000000000000e+00,1.207858993233552336e-01,0.000000000000000000e+00,1.605744940312110389e-03,0.000000000000000000e+00,-1.975577113781392669e-01,0.000000000000000000e+00,-9.639835460119258737e-02,-1.751992102803942020e-01,-5.915623372708647687e-02,-1.836780716012099968e-02,0.000000000000000000e+00,-8.744078375360131439e-02,-1.400202754428401253e-01,-1.050941272502129986e-01
0.000000000000000000e+00,0.000000000000000000e+00,-1.499887743560250619e-01,0.000000000000000000e+00,0.000000000000000000e+00,-1.704382541469538770e-01,-9.698877061042068815e-02,0.000000000000000000e+00,-6.246764091098939292e-02,-8.223973003032213069e-02,-1.359810003401999701e-01,-1.916521397978450392e-01,0.000000000000000000e+00,-3.632532679873004544e-01,-1.678216811231541539e-01,-1.545149894340205610e-01,-1.500542617471697093e-01,-1.750802823652241047e-01,-2.975340084253928485e-01,-1.768531141785121830e-01,-1.295894745410494375e-01
-1.478928306304492790e-01,0.000000000000000000e+00,0.000000000000000000e+00,0.000000000000000000e+00,-2.691467039443651288e-01,-1.984861978239967351e-01,-1.705984111757125610e-01,0.000000000000000000e+00,0.000000000000000000e+00,-5.989215948980090160e-02,-1.298871281923814902e-01,-7.069690920962962144e-02,-1.843622365678207475e-01,0.000000000000000000e+00,-1.122870887949435625e-01,0.000000000000000000e+00,-1.332978212635842485e-01,0.000000000000000000e+00,0.000000000000000000e+00,0.000000000000000000e+00,0.000000000000000000e+00
-6.260589423706404422e-02,0.000000000000000000e+00,0.000000000000000000e+00,3.005336139863399453e-02,2.132041532940706641e-02,-1.399843012887938276e-01,0.000000000000000000e+00,-1.451171079003124934e-02,-1.249305807441630778e-02,-6.575234392024510710e-02,-7.243362785548358718e-02,0.000000000000000000e+00,-1.148003701408853300e-01,0.000000000000000000e+00,-1.089421530101268402e-02,5.375898272292625735e-02,1.902417864430763425e-02,3.171415812860944872e-02,-5.700267852278664837e-02,0.000000000000000000e+00,0.000000000000000000e+00
-6.892631845167510041e-02,0.000000000000000000e+00,0.000000000000000000e+00,0.000000000000000000e+00,0.000000000000000000e+00,-7.008201137398410718e-02,-8.528010269367146401e-02,0.000000000000000000e+00,-9.663426778656973581e-02,0.000000000000000000e+00,8.863824417938725997e-02,-1.410322788350812651e-01,-2.710204502373868563e-01,0.000000000000000000e+00,-1.039550234489363401e-01,-9.355535248566011763e-02,0.000000000000000000e+00,4.165178910656178179e-02,0.000000000000000000e+00,0.000000000000000000e+00,-1.996721226299749963e-01
-8.543338309986905910e-02,0.000000000000000000e+00,-9.840095230425391359e-02,0.000000000000000000e+00,0.000000000000000000e+00,-1.788986222994554676e-01,0.000000000000000000e+00,0.000000000000000000e+00,3.057746922938845216e-02,-7.562974782008818897e-02,-9.712206213243945729e-02,0.000000000000000000e+00,0.000000000000000000e+00,-1.159839500014652608e-02,-2.246466211729044454e-02,-8.749272819705188053e-02,-5.710296132445922407e-03,-1.138085603884646524e-01,-1.268671433822428918e-01,0.000000000000000000e+00,-9.446176858849761326e-02
0.000000000000000000e+00,-4.602313838172639865e-02,-1.059092346485791813e-01,-3.201408644735927872e-02,0.000000000000000000e+00,3.700762829923391097e-03,0.000000000000000000e+00,0.000000000000000000e+00,0.000000000000000000e+00,-4.860909958169701978e-02,-9.239141834494088434e-02,0.000000000000000000e+00,0.000000000000000000e+00,-3.936600923722269330e-02,-8.331731769005823462e-02,-1.018917955151232152e-01,-6.068724191582727107e-02,-2.459856657840705507e-01,0.000000000000000000e+00,-1.358876520817794697e-01,-1.869491464147907678e-01
-7.114784962569957460e-02,-1.927773283364138390e-01,0.000000000000000000e+00,-5.681772123392806462e-01,-1.348996140676027300e-01,-1.492816320275179853e-01,-1.282573414683635393e-01,0.000000000000000000e+00,-1.543209497488795823e-01,-6.617002540118260834e-02,-9.011534762860787251e-02,-1.261295257367560929e-01,-1.532489859143549571e-01,-1.740873026136596224e-01,-1.765666484428480565e-01,-1.899084253479911000e-01,-6.829915483575735302e-02,-1.354383296359344402e-01,-1.019635885391283053e-01,0.000000000000000000e+00,-7.347846782417127853e-02
0.000000000000000000e+00,-6.846709417188094615e-02,0.000000000000000000e+00,-1.332146892784845937e-01,-8.801616851135814212e-02,-5.506419361200505513e-02,0.000000000000000000e+00,0.000000000000000000e+00,0.000000000000000000e+00,0.000000000000000000e+00,1.836058394957034920e-02,-1.297104309862451288e-01,0.000000000000000000e+00,-1.079731451372795692e-01,-3.760215698482157615e-02,-1.742372642489516676e-01,-1.023726281804393234e-01,-1.979807480538958164e-01,-5.887599517563429918e-02,-8.566672596679091034e-02,-4.004298001056280643e-02
0.000000000000000000e+00,0.000000000000000000e+00,0.000000000000000000e+00,4.206759190557658734e-02,-1.731836379764301048e-01,-1.040411636776417403e-01,-1.200027786889877081e-02,0.000000000000000000e+00,0.000000000000000000e+00,-1.165976653335678605e-02,-1.086366380231732209e-01,-7.328723973184270157e-02,-3.107076709343306042e-01,-1.079274500675267562e-01,-2.390585387534347600e-02,5.709391883792511169e-02,-2.810714364814069152e-02,-1.535303798250163554e-01,0.000000000000000000e+00,-1.778847454145838225e-01,0.000000000000000000e+00
-1.465055457037398867e-01,0.000000000000000000e+00,-1.127911702828905682e-01,0.000000000000000000e+00,-6.715244533222571033e-02,-1.562001093060444712e-01,-1.337377409694706365e-01,-2.218148135530070564e-01,0.000000000000000000e+00,-1.059526209105701444e-01,0.000000000000000000e+00,-1.035553899638439468e-01,-8.426453536533858035e-02,-1.521230164027830012e-01,-2.270690458149103585e-01,-1.660798144691562339e-01,-1.918202046050919429e-01,0.000000000000000000e+00,0.000000000000000000e+00,-1.609930776524019780e-01,0.000000000000000000e+00
-3.860365530798960665e-02,0.000000000000000000e+00,0.000000000000000000e+00,-2.471337764527356262e-01,0.000000000000000000e+00,-8.670112716811401166e-02,-1.833890042481355620e-01,-1.316303123774044959e-01,-9.630015240039310753e-02,-8.587917065347662471e-02,-1.369684490173748159e-01,0.000000000000000000e+00,-2.003050851079073713e-01,-2.035478722774108351e-01,-1.874991539162186027e-01,-1.284931906649708355e-01,-8.383313605761222309e-02,-7.375705883505638549e-02,-5.833271229892837695e-02,-1.149855989738074180e-01,-1.399913853681741538e-01
0.000000000000000000e+00,0.000000000000000000e+00,-1.249069992604665974e-01,-1.687430789832121969e-01,0.000000000000000000e+00,-1.476575485501135099e-01,0.000000000000000000e+00,-5.986132386529337962e-02,0.000000000000000000e+00,-4.829244336741907173e-02,-5.185000887347092358e-02,0.000000000000000000e+00,0.000000000000000000e+00,0.000000000000000000e+00,-3.470258759087994915e-02,-1.534154550804910644e-01,-1.744714132911812376e-01,-1.131217988676298525e-01,-7.355139130313757823e-02,0.000000000000000000e+00,-5.326224183059138223e-02
9.002863269978150784e-02,-3.247537335055859092e-02,-5.760734093638912590e-03,-1.218166128075117427e-01,-3.654325962682375591e-03,-8.356575022426289412e-02,0.000000000000000000e+00,-1.866124789035370976e-02,3.403643587904879586e-02,-1.985707346751482485e-02,7.607391597564021335e-02,0.000000000000000000e+00,-1.312813698574147592e-01,5.724681027590738935e-02,0.000000000000000000e+00,2.419334087941022934e-02,3.109838204355015734e-02,1.971287258974439155e-02,-2.914746596055991373e-02,4.148788399244875830e-02,-5.903689502349592638e-02
-6.093023342780529150e-02,5.998383753741674124e-02,-7.093421312630367181e-02,-1.162857172735164424e-01,0.000000000000000000e+00,-1.216717194763824172e-01,1.277291902607139151e-01,-1.599944634145736566e-01,4.128861200832204675e-02,-7.022987815506848142e-02,-7.334996157440712428e-02,0.000000000000000000e+00,0.000000000000000000e+00,-3.035536126381842628e-02,-3.362906333838952544e-02,-6.996221662687079901e-02,0.000000000000000000e+00,4.038842818913915798e-03,7.058792472753336322e-02,0.000000000000000000e+00,-1.075590112501016160e-01
-1.252868923228048215e-01,-1.633383586201543336e-01,-7.829168454759793949e-02,-1.363752791098317707e-01,0.000000000000000000e+00,-1.320185599194039772e-01,-1.626315827644466694e-01,0.000000000000000000e+00,-1.043316382938188069e-01,-1.018692182085091102e-01,-5.830518293370638705e-02,0.000000000000000000e+00,0.000000000000000000e+00,-1.382010896738070371e-01,-5.911713773209958944e-02,-2.687994400173420728e-01,0.000000000000000000e+00,-9.907652527574518919e-02,0.000000000000000000e+00,0.000000000000000000e+00,0.000000000000000000e+00
-3.045291274508238333e-02,0.000000000000000000e+00,-1.800099975957474285e-01,0.000000000000000000e+00,-2.498402174085522995e-02,-1.396508903667006141e-01,0.000000000000000000e+00,0.000000000000000000e+00,-4.071553652889941394e-02,0.000000000000000000e+00,-5.389274464346806293e-02,-4.034135192787070834e-02,0.000000000000000000e+00,-2.438311978969976215e-02,-4.711985448568027646e-02,-9.013423442457096924e-02,0.000000000000000000e+00,-1.185758121841560819e-01,-7.900685160977741206e-02,3.215758478365842582e-02,-1.194729599164085082e-01
3.344907353247000142e-02,3.708719368810631939e-02,3.683688200789252826e-02,-4.157906866858774447e-02,-9.883980366711189736e-02,1.014208780335552201e-01,1.009565937668196502e-02,-1.103848542444920977e-01,1.939500354509033492e-03,-2.667772898756716818e-02,-5.376528617345952693e-02,0.000000000000000000e+00,-1.725179316973286803e-01,4.633683583899220193e-02,5.533640618877161584e-03,1.522441253727421784e-02,3.230187792436394617e-02,-1.487821996293670346e-01,-1.775475856704110678e-01,6.900356502872401210e-02,-1.372323099680020364e-01
0.000000000000000000e+00,0.000000000000000000e+00,-1.488052653737190478e-01,-3.611467124078724528e-02,-2.068007420492955772e-01,-4.268225496055633172e-02,-9.828605555256225701e-02,0.000000000000000000e+00,0.000000000000000000e+00,-8.027385076598954339e-02,-2.057394675295564634e-01,0.000000000000000000e+00,-8.441764461810696840e-02,-2.217884424353343265e-01,0.000000000000000000e+00,-1.331448088701948362e-01,-1.966591226474817267e-01,-8.197368006516618510e-02,0.000000000000000000e+00,-5.928946298476864274e-02,-1.568331950072763270e-01
0.000000000000000000e+00,0.000000000000000000e+00,0.000000000000000000e+00,-1.951789517205949620e-01,-1.878415034708224574e-01,-6.178566869724737287e-02,-2.403791483898165549e-01,-1.875408857498291337e-01,-6.218673858322855408e-02,-1.310653307876323836e-01,0.000000000000000000e+00,-1.067604673245031305e-01,0.000000000000000000e+00,-1.895713356027948215e-01,-2.269647178656533093e-01,-2.136343366864926485e-01,-2.626900417536133792e-01,0.000000000000000000e+00,-1.127254888163706087e-01,-1.597071973310157933e-01,0.000000000000000000e+00
0.000000000000000000e+00,5.147218535313986820e-02,-7.777974351795896579e-02,0.000000000000000000e+00,-3.582695361298559450e-02,-9.023024786120938112e-02,0.000000000000000000e+00,-2.085196721412541782e-02,-2.068214871020067624e-01,1.909168798881620728e-03,2.263167116140390317e-02,-1.719092602243670331e-01,0.000000000000000000e+00,-1.628717146951898787e-01,-1.120054150384469926e-01,-1.652524751075502008e-01,-7.002510048327856285e-02,0.000000000000000000e+00,-1.150038702188447559e-01,0.000000000000000000e+00,-6.194821961008151190e-02
0.000000000000000000e+00,-9.413424572258105583e-02,0.000000000000000000e+00,-1.081572556923571932e-01,-8.802844743065485478e-02,0.000000000000000000e+00,-1.065508798611719127e-01,0.000000000000000000e+00,-1.668707436987133530e-01,-1.195641268576224797e-01,0.000000000000000000e+00,0.000000000000000000e+00,0.000000000000000000e+00,0.000000000000000000e+00,-1.164023847463641487e-01,-1.519143396974055038e-01,-1.779545265035333557e-01,-5.520410200764538922e-02,-1.401197841653323561e-01,-2.142015312172384500e-01,-1.309434290832097725e-01
-2.373858746435281858e-02,0.000000000000000000e+00,0.000000000000000000e+00,-1.663135464868009117e-01,0.000000000000000000e+00,-8.516371156617276450e-02,0.000000000000000000e+00,0.000000000000000000e+00,-3.334899747086027544e-01,-1.185525494964283222e-01,0.000000000000000000e+00,0.000000000000000000e+00,0.000000000000000000e+00,0.000000000000000000e+00,-1.902409460619061965e-01,-1.151274640911582325e-01,-6.760198520558331481e-01,0.000000000000000000e+00,-1.684993423011031111e-01,0.000000000000000000e+00,-6.618116913152866099e-02
0.000000000000000000e+00,0.000000000000000000e+00,-2.290971842195288488e-01,0.000000000000000000e+00,0.000000000000000000e+00,0.000000000000000000e+00,0.000000000000000000e+00,0.000000000000000000e+00,-1.195985840069147543e-01,-1.221968396306463284e-01,-1.676803309873909631e-01,0.000000000000000000e+00,0.000000000000000000e+00,0.000000000000000000e+00,0.000000000000000000e+00,-2.697801597203040580e-01,0.000000000000000000e+00,-7.751876205107702256e-02,-1.640960229622965005e-01,0.000000000000000000e+00,0.000000000000000000e+00
-7.819435249950586198e-02,0.000000000000000000e+00,0.000000000000000000e+00,-1.335276387429136791e-01,-1.701327682609824199e-01,-2.111985979112605549e-01,-4.732152061836156220e-01,0.000000000000000000e+00,-1.380238886112709895e-01,-1.339067143780132141e-01,0.000000000000000000e+00,0.000000000000000000e+00,-2.442417104402509476e-01,-1.713036570809459147e-01,0.000000000000000000e+00,-5.070399199262278778e-01,0.000000000000000000e+00,-9.915774177492855945e-02,0.000000000000000000e+00,0.000000000000000000e+00,0.000000000000000000e+00
6.912931359331016268e-02,0.000000000000000000e+00,-1.882095597487381533e-01,-3.660088143779788306e-02,9.225707586968541485e-02,-2.078906650859747157e-02,0.000000000000000000e+00,0.000000000000000000e+00,1.206503771081107318e-01,8.782528412780388205e-02,0.000000000000000000e+00,5.861286261599371605e-02,-7.239907145614622730e-02,0.000000000000000000e+00,-8.574558210520248289e-03,-4.397664817819891582e-03,0.000000000000000000e+00,0.000000000000000000e+00,-5.059501951695134780e-02,-3.829729572107878899e-02,0.000000000000000000e+00
-3.518633482877001617e-01,-1.390080392371865481e-01,0.000000000000000000e+00,-2.120830585020851422e-01,-9.464763870742716467e-02,-1.119133678899854323e-01,0.000000000000000000e+00,0.000000000000000000e+00,-1.764939503200189663e-01,-1.585162045146991938e-01,0.000000000000000000e+00,0.000000000000000000e+00,0.000000000000000000e+00,0.000000000000000000e+00,-1.200413391897098975e-01,-2.937890503737546899e-01,0.000000000000000000e+00,0.000000000000000000e+00,-1.396504813118509547e-01,0.000000000000000000e+00,0.000000000000000000e+00
0.000000000000000000e+00,-2.765981624399774796e-01,0.000000000000000000e+00,-8.752453243787378101e-02,0.000000000000000000e+00,-2.267697034815486790e-01,-1.221165893036581414e-02,0.000000000000000000e+00,-1.079709022689532005e-01,-1.887384520527060072e-01,-4.727577699588358939e-02,0.000000000000000000e+00,0.000000000000000000e+00,-1.675121029186741606e-01,-1.759836076244777614e-01,-1.736996014897978224e-01,-1.152953181981373337e-01,-1.154972018634576603e-01,0.000000000000000000e+00,0.000000000000000000e+00,0.000000000000000000e+00
8.536809612166325334e-02,6.761563545218339522e-02,0.000000000000000000e+00,0.000000000000000000e+00,0.000000000000000000e+00,-1.187616554808040431e-01,0.000000000000000000e+00,7.765348335542338054e-02,-1.526656385185652109e-01,0.000000000000000000e+00,-1.747148421485391623e-01,1.995721290006947923e-02,0.000000000000000000e+00,0.000000000000000000e+00,0.000000000000000000e+00,4.777779685322978975e-02,-3.434644984818256003e-02,-4.933014373505335143e-02,0.000000000000000000e+00,0.000000000000000000e+00,-5.360850101226578845e-02
-1.380457853691113498e-02,-1.905410868311942507e-01,0.000000000000000000e+00,-3.019346473934798880e-02,-1.342459899864372197e-01,-8.651070934511973301e-03,0.000000000000000000e+00,0.000000000000000000e+00,-9.806916258505417316e-02,-2.570049523215739429e-01,0.000000000000000000e+00,0.000000000000000000e+00,0.000000000000000000e+00,0.000000000000000000e+00,-1.495716463118834660e-01,0.000000000000000000e+00,-2.754407378121314157e-03,-6.183645598052452813e-02,0.000000000000000000e+00,-1.542158180526472244e-01,0.000000000000000000e+00
-8.945375848717132539e-02,0.000000000000000000e+00,-8.706208344597569926e-02,-1.158239562819314283e-01,-2.545562745251835901e-01,-1.658461093335415748e-01,0.000000000000000000e+00,0.000000000000000000e+00,-8.024453649633503383e-02,-1.095510634743314532e-01,0.000000000000000000e+00,0.000000000000000000e+00,0.000000000000000000e+00,0.000000000000000000e+00,-9.653565013543659312e-02,-1.540749678070525985e-01,-6.721727573321711890e-02,-1.442080831323701018e-01,0.000000000000000000e+00,0.000000000000000000e+00,-1.336051101495418225e-01
5.599257567419262116e-02,-3.962182108612084114e-02,-7.935546686224642654e-02,0.000000000000000000e+00,-1.440054053181561988e-01,0.000000000000000000e+00,-6.759937054910881982e-02,-9.169106499711668357e-02,0.000000000000000000e+00,-6.913527384258127961e-02,-3.499368771984698312e-02,-1.444575902363605564e-02,0.000000000000000000e+00,0.000000000000000000e+00,8.726044963173706231e-03,4.640229100021800446e-02,-1.511175903486454419e-01,-7.323204428201245120e-02,-9.014682213769910357e-02,0.000000000000000000e+00,0.000000000000000000e+00
6.002454877193699051e-02,-2.851158214741237283e-03,0.000000000000000000e+00,-3.440914387035316074e-02,0.000000000000000000e+00,4.192520330167889137e-02,1.045667475940025709e-02,0.000000000000000000e+00,9.895720932130609715e-02,0.000000000000000000e+00,0.000000000000000000e+00,-5.901662739227718328e-03,-1.082013919751714515e-01,6.531322104177940402e-02,0.000000000000000000e+00,4.589612283764617912e-02,2.421481546323041648e-02,8.708300691136070665e-03,-3.584304667156063690e-02,0.000000000000000000e+00,0.000000000000000000e+00
-3.416960654112403961e-02,-7.519009818296741587e-02,0.000000000000000000e+00,0.000000000000000000e+00,0.000000000000000000e+00,0.000000000000000000e+00,-1.170658047263449519e-01,-6.019146027893620965e-02,0.000000000000000000e+00,-7.970639332789564158e-02,0.000000000000000000e+00,-6.271531924122208945e-02,0.000000000000000000e+00,0.000000000000000000e+00,-6.785709746333980219e-02,-4.932647194876562530e-02,-1.444223352310578523e-01,-6.198605010501362193e-03,-1.485702100346114884e-01,-1.541445439008886087e-01,-1.775001172207107680e-01
0.000000000000000000e+00,0.000000000000000000e+00,0.000000000000000000e+00,-8.654498152312228854e-02,0.000000000000000000e+00,-1.402530735688519714e-01,0.000000000000000000e+00,0.000000000000000000e+00,-1.262129842854189388e-01,0.000000000000000000e+00,0.000000000000000000e+00,0.000000000000000000e+00,0.000000000000000000e+00,-1.737333609581465099e-01,0.000000000000000000e+00,-1.758112546596730941e-01,-1.649931944762286773e-01,0.000000000000000000e+00,-3.525614372701143528e-01,-8.584094891950448669e-02,0.000000000000000000e+00
4.093058429429823758e-02,8.421111971222210169e-02,0.000000000000000000e+00,0.000000000000000000e+00,0.000000000000000000e+00,-1.384499148990440964e-01,-9.464017969616160542e-02,0.000000000000000000e+00,-1.651135398297725876e-01,-1.335105234719813072e-01,-1.137019681610066391e-01,0.000000000000000000e+00,0.000000000000000000e+00,4.416190903898460640e-02,-4.900039327241864640e-02,2.828773195519516948e-02,8.895507757680300165e-02,0.000000000000000000e+00,0.000000000000000000e+00,0.000000000000000000e+00,0.000000000000000000e+00
4.739095915429551026e-02,0.000000000000000000e+00,0.000000000000000000e+00,2.463466119394933790e-02,3.527545748168207061e-03,0.000000000000000000e+00,0.000000000000000000e+00,0.000000000000000000e+00,0.000000000000000000e+00,2.146860650490039005e-02,3.580469832903351163e-02,0.000000000000000000e+00,-1.168478014950998511e-01,-7.060681504909638306e-02,4.912378173126787789e-02,0.000000000000000000e+00,0.000000000000000000e+00,-6.971175650112132471e-02,1.607266342149455025e-03,0.000000000000000000e+00,0.000000000000000000e+00
0.000000000000000000e+00,-3.071937412718203086e-01,0.000000000000000000e+00,0.000000000000000000e+00,-1.083152363762932696e-01,-1.097749625026181591e-01,0.000000000000000000e+00,0.000000000000000000e+00,0.000000000000000000e+00,-1.489566880290201512e-01,0.000000000000000000e+00,0.000000000000000000e+00,0.000000000000000000e+00,0.000000000000000000e+00,0.000000000000000000e+00,-9.124615624589768603e-02,0.000000000000000000e+00,0.000000000000000000e+00,-8.232220315521715515e-02,0.000000000000000000e+00,0.000000000000000000e+00
8.644591310200518347e-05,0.000000000000000000e+00,0.000000000000000000e+00,0.000000000000000000e+00,4.871762263654046826e-02,-4.485979160384780812e-02,0.000000000000000000e+00,0.000000000000000000e+00,0.000000000000000000e+00,-1.230690607220557425e-01,0.000000000000000000e+00,0.000000000000000000e+00,3.195843126487058622e-02,0.000000000000000000e+00,6.232394881533233344e-02,-1.564671148001016976e-01,0.000000000000000000e+00,6.973165690645949204e-03,0.000000000000000000e+00,0.000000000000000000e+00,0.000000000000000000e+00
0.000000000000000000e+00,-1.610507178801167949e-01,0.000000000000000000e+00,-1.248197061092081311e-01,0.000000000000000000e+00,-1.112918270721890562e-01,-7.728687134575458473e-02,-1.122236848428676548e-01,-3.697697523792450869e-01,-8.172997949596248757e-02,3.905312928127609162e-02,0.000000000000000000e+00,-8.914056979752611742e-02,-8.732938976528598074e-02,-1.339289019711450701e-01,-4.703454823007120061e-02,-6.985452961797639082e-02,0.000000000000000000e+00,0.000000000000000000e+00,-1.228739051873587174e-01,-1.744777746724569534e-01
-1.303871107700222132e-01,-1.403968433341484245e-01,0.000000000000000000e+00,-6.111483784285870469e-02,-1.205454185758094848e-01,-1.425558530400175272e-01,0.000000000000000000e+00,0.000000000000000000e+00,-1.330942676315225170e-01,-1.098419705671781037e-02,0.000000000000000000e+00,0.000000000000000000e+00,-1.220020751154353988e-01,-1.561751701667378478e-01,-1.628599032244597566e-01,-1.722781740655866534e-01,-9.389932173802452431e-02,1.938410311807834893e-02,-9.903802343056618274e-02,0.000000000000000000e+00,0.000000000000000000e+00
-2.984839268786170299e-02,0.000000000000000000e+00,0.000000000000000000e+00,0.000000000000000000e+00,0.000000000000000000e+00,-1.492046693956820824e-01,0.000000000000000000e+00,0.000000000000000000e+00,-1.454654846906487387e-01,-2.514321308903153529e-01,0.000000000000000000e+00,0.000000000000000000e+00,-3.172619382520266984e-01,-1.051703596735557023e-01,-1.104782922955483276e-01,-1.408533549614661706e-01,-6.384143502837819062e-02,1.701009568290740709e-02,0.000000000000000000e+00,-1.136493406883948704e-01,0.000000000000000000e+00
0.000000000000000000e+00,0.000000000000000000e+00,0.000000000000000000e+00,-9.113516568331898882e-02,0.000000000000000000e+00,-1.566951368373583342e-01,0.000000000000000000e+00,0.000000000000000000e+00,-8.536937774990303873e-02,0.000000000000000000e+00,0.000000000000000000e+00,0.000000000000000000e+00,0.000000000000000000e+00,0.000000000000000000e+00,-1.193498787852111664e-01,0.000000000000000000e+00,0.000000000000000000e+00,0.000000000000000000e+00,-1.232158982692957566e-01,0.000000000000000000e+00,-1.979379650365016841e-01
1.815729566363499803e-03,-3.463103266636506361e-01,0.000000000000000000e+00,0.000000000000000000e+00,-1.102669152343555281e-01,-1.047822777095144264e-01,0.000000000000000000e+00,0.000000000000000000e+00,-1.687547881804951910e-01,-1.114551229381369052e-01,-8.658384856671114127e-02,-2.756672856351157774e-01,-1.342045603224636396e-01,0.000000000000000000e+00,-5.141580529552015610e-01,0.000000000000000000e+00,0.000000000000000000e+00,-1.046215189748793406e-01,-1.096147701961010523e-01,0.000000000000000000e+00,0.000000000000000000e+00
-5.957840618875796801e-02,0.000000000000000000e+00,-1.394879223120937539e-01,-8.157417546805621755e-02,0.000000000000000000e+00,-3.709257793616952542e-02,0.000000000000000000e+00,0.000000000000000000e+00,-6.230531687924589779e-02,-1.381337261693829817e-02,-1.141531613824837421e-01,0.000000000000000000e+00,0.000000000000000000e+00,-1.527051399267045917e-01,1.064994773805108264e-01,0.000000000000000000e+00,6.801414011777370816e-02,-1.064675737405581246e-01,-1.428264095700641223e-01,-6.863953508995671027e-02,-1.486302904103470324e-01
0.000000000000000000e+00,0.000000000000000000e+00,0.000000000000000000e+00,0.000000000000000000e+00,0.000000000000000000e+00,7.880750302296705978e-02,0.000000000000000000e+00,0.000000000000000000e+00,7.635215828646117753e-02,7.913845038441554014e-02,0.000000000000000000e+00,5.694080193092562747e-02,-1.624382799631632623e-01,0.000000000000000000e+00,-1.546412159729016189e-01,0.000000000000000000e+00,0.000000000000000000e+00,3.704493823637464850e-02,0.000000000000000000e+00,-5.876044958339042210e-03,0.000000000000000000e+00
1.273596499476994937e-01,0.000000000000000000e+00,0.000000000000000000e+00,-1.290879290140991564e-01,0.000000000000000000e+00,2.103100147579552420e-03,4.314254842638651222e-02,0.000000000000000000e+00,9.545874017059503835e-02,-9.062376014767260790e-03,2.862941345488584366e-02,0.000000000000000000e+00,0.000000000000000000e+00,0.000000000000000000e+00,1.036189141874262337e-01,0.000000000000000000e+00,3.927247814337660181e-02,-1.137056347820169649e-01,1.399603330878300411e-02,0.000000000000000000e+00,-1.493454284000778343e-01
3.732113140462570144e-02,0.000000000000000000e+00,0.000000000000000000e+00,-1.229233031632986084e-01,0.000000000000000000e+00,0.000000000000000000e+00,0.000000000000000000e+00,0.000000000000000000e+00,3.738827101393835291e-03,3.711006223595202450e-03,0.000000000000000000e+00,7.340211530311113730e-02,0.000000000000000000e+00,0.000000000000000000e+00,7.660787344881143934e-02,0.000000000000000000e+00,0.000000000000000000e+00,-3.447242365125735564e-02,-2.213422805404539201e-02,0.000000000000000000e+00,-2.074626797496052222e-01
9.378954735514916444e-03,4.847922924814399015e-02,0.000000000000000000e+00,-4.947803405815405509e-02,-1.648081852047779405e-01,2.133158113683962173e-02,0.000000000000000000e+00,4.672987367819242920e-03,0.000000000000000000e+00,-1.559006554134037270e-01,1.168554913587031563e-01,7.877246331239910748e-02,6.632999203571109115e-02,1.074388956377569232e-01,4.500834158599021501e-02,-5.547260214729982097e-02,0.000000000000000000e+00,-4.369927418965984661e-02,2.785983209679444156e-02,0.000000000000000000e+00,0.000000000000000000e+00
-2.641730371896816587e-02,0.000000000000000000e+00,0.000000000000000000e+00,0.000000000000000000e+00,-1.557110089185855806e-01,-3.431063398915108059e-02,-3.706335733343996824e-02,0.000000000000000000e+00,-1.222646907286924489e-01,-6.109125850148815207e-02,1.150862869797939989e-02,-1.265771619051162325e-02,-4.864798714265007595e-02,-5.969965931697819583e-02,-5.339639403899251041e-02,1.302342107423494662e-02,-1.067048161446796511e-01,-9.646111430644489781e-02,0.000000000000000000e+00,-1.853349170495970921e-01,0.000000000000000000e+00
0.000000000000000000e+00,-1.569780042102322526e-01,0.000000000000000000e+00,0.000000000000000000e+00,-1.366111647775087867e-01,1.438619632644374223e-02,6.630272360180633484e-02,0.000000000000000000e+00,-1.020019670944057218e-02,1.161116039699958830e-03,2.918152491153390080e-02,-5.033267032397311519e-02,-8.160222007977238623e-02,3.780803440450204028e-02,-1.973845014584030277e-02,9.566089703501358399e-02,0.000000000000000000e+00,1.159060427373086698e-02,4.689725918509492913e-02,0.000000000000000000e+00,-1.418620132177470516e-01
0.000000000000000000e+00,0.000000000000000000e+00,0.000000000000000000e+00,1.580209443665785835e-02,-4.488130710565030324e-02,8.692205911938569174e-02,6.309317934523733795e-02,0.000000000000000000e+00,0.000000000000000000e+00,3.396914957449708589e-02,0.000000000000000000e+00,-3.281784191939611604e-04,-1.468593326533740306e-01,1.860143304541515483e-02,0.000000000000000000e+00,1.951482532455045549e-02,0.000000000000000000e+00,1.449098231534641859e-02,-3.827875249735090274e-02,0.000000000000000000e+00,-1.619554909883659521e-01
0.000000000000000000e+00,-2.637364509126151335e-02,-1.630819170726320877e-01,0.000000000000000000e+00,0.000000000000000000e+00,3.623998492479912903e-02,0.000000000000000000e+00,5.087935525041277496e-02,-7.738887191033140545e-02,2.432567693427667779e-02,0.000000000000000000e+00,0.000000000000000000e+00,0.000000000000000000e+00,0.000000000000000000e+00,0.000000000000000000e+00,0.000000000000000000e+00,0.000000000000000000e+00,0.000000000000000000e+00,-6.867218362150724620e-02,0.000000000000000000e+00,0.000000000000000000e+00
-5.320121797405613639e-02,0.000000000000000000e+00,0.000000000000000000e+00,-5.784255915610997389e-02,0.000000000000000000e+00,-4.865091506063990573e-02,0.000000000000000000e+00,-1.100860078905509659e-01,1.429683558293786960e-01,4.628119387631352000e-02,6.507412566588094416e-02,5.258658470725095097e-02,0.000000000000000000e+00,0.000000000000000000e+00,7.778072012883363584e-02,-3.673010070196861682e-02,0.000000000000000000e+00,5.631672934563346222e-02,3.494386284294547645e-02,1.072026120307743163e-01,0.000000000000000000e+00
-1.361911163580165063e-01,0.000000000000000000e+00,-1.058853590722647064e-01,0.000000000000000000e+00,4.010786044120951549e-02,-1.177290602998367908e-01,0.000000000000000000e+00,-6.509429877187394853e-02,0.000000000000000000e+00,-1.360763106003356204e-01,-1.249548147677520954e-01,-1.290730592461527271e-01,-1.307664354744711155e-01,-1.324671829252299093e-01,-2.033262671101681573e-01,-1.592555654420680644e-01,-6.601152237616000895e-02,-1.056628546703897442e-01,0.000000000000000000e+00,-4.231340185358811040e-02,-4.178097671962135995e-01
0.000000000000000000e+00,-1.532273329195048793e-02,0.000000000000000000e+00,0.000000000000000000e+00,0.000000000000000000e+00,-1.291321174949432438e-01,0.000000000000000000e+00,0.000000000000000000e+00,-1.506184225530493859e-01,0.000000000000000000e+00,0.000000000000000000e+00,-8.975927544667942903e-02,0.000000000000000000e+00,0.000000000000000000e+00,-5.619390939903166904e-02,-3.992093916480197319e-02,-1.664833847874455305e-02,0.000000000000000000e+00,-1.440571836917417803e-01,0.000000000000000000e+00,-1.197603345591448515e-01
6.811095748830049701e-02,0.000000000000000000e+00,6.093701442417655441e-03,1.992415551523822256e-02,-1.814089343825695325e-02,8.976838147118977596e-02,1.243325437816859419e-01,0.000000000000000000e+00,0.000000000000000000e+00,-8.417033555227193542e-02,0.000000000000000000e+00,1.057250114305642308e-01,3.157213747941699927e-02,0.000000000000000000e+00,-8.504533430102913238e-03,8.272476581621163172e-02,3.256875786686580510e-02,-7.409497765663719537e-02,-7.518727636286658134e-02,0.000000000000000000e+00,0.000000000000000000e+00
-3.038453908111733368e-03,2.520043896270477563e-02,0.000000000000000000e+00,-3.772647442147260277e-02,-6.910770302472707405e-02,8.251406032570642035e-02,0.000000000000000000e+00,0.000000000000000000e+00,-6.545514140531850933e-02,-1.283451508643283223e-01,-4.429637017312915148e-01,0.000000000000000000e+00,-2.125044658607368186e-01,-5.849475707713469586e-02,-1.335229578043039267e-01,0.000000000000000000e+00,1.837339910510259189e-02,-1.392591429301820727e-01,0.000000000000000000e+00,0.000000000000000000e+00,0.000000000000000000e+00
-2.304831605718950932e-02,0.000000000000000000e+00,0.000000000000000000e+00,0.000000000000000000e+00,0.000000000000000000e+00,-1.518351649544232573e-01,0.000000000000000000e+00,-9.352203544297592319e-02,-6.110139322714118471e-02,0.000000000000000000e+00,2.248889427730366153e-02,0.000000000000000000e+00,5.079991356081572235e-02,-1.509973074213045996e-01,-1.080168679233609597e-01,9.412836782524388116e-03,-1.632805655595854499e-01,0.000000000000000000e+00,-1.640518266393377889e-01,0.000000000000000000e+00,0.000000000000000000e+00
9.937104963045992334e-02,0.000000000000000000e+00,0.000000000000000000e+00,5.037829229481759208e-02,-3.968244319490644989e-02,-5.028250561376410716e-02,4.170470140406414006e-02,0.000000000000000000e+00,0.000000000000000000e+00,-9.742328331309504930e-02,-9.123846358680547108e-02,0.000000000000000000e+00,0.000000000000000000e+00,6.125742542954706188e-02,0.000000000000000000e+00,0.000000000000000000e+00,0.000000000000000000e+00,-1.102879866300446147e-02,0.000000000000000000e+00,1.073042767478621373e-02,-1.245551770214737425e-01
0.000000000000000000e+00,0.000000000000000000e+00,5.378694369972938927e-02,0.000000000000000000e+00,-9.253200115592832842e-02,4.445361136901846560e-02,0.000000000000000000e+00,-4.387931402492656341e-02,-3.923036433930796041e-02,1.151977411052242453e-02,0.000000000000000000e+00,0.000000000000000000e+00,0.000000000000000000e+00,0.000000000000000000e+00,-1.097450051410151645e-01,6.858226001008893569e-02,-5.232137218854390065e-02,-1.127292665082768736e-01,-1.642342544353423972e-01,0.000000000000000000e+00,0.000000000000000000e+00
0.000000000000000000e+00,-9.168754299616460601e-02,0.000000000000000000e+00,-9.501193855135796340e-02,-7.256187386732697309e-02,-1.094107579853913909e-01,0.000000000000000000e+00,-1.449747350779152788e-01,-6.473522986330104700e-02,-8.461386509762931774e-02,0.000000000000000000e+00,0.000000000000000000e+00,-9.268871483086767171e-02,-5.326782080576848433e-01,-1.160351790071119521e-01,-1.119198569570765273e-01,-6.025873275215117009e-02,-7.142801601005988044e-02,-9.258487089466879705e-02,-6.849087818325090560e-02,0.000000000000000000e+00
-1.281904695098472768e-01,0.000000000000000000e+00,0.000000000000000000e+00,0.000000000000000000e+00,0.000000000000000000e+00,-7.629131792949130075e-02,-1.134302996073040803e-01,0.000000000000000000e+00,-2.045367573810804307e-01,-3.707610586875927788e-02,-9.243535867638633108e-02,-9.706971291958255144e-02,-1.666237607175862223e-01,0.000000000000000000e+00,-1.811647284574120498e-01,-5.967460769098995033e-02,-8.151162271309578267e-02,-4.646785358563051971e-02,-8.652983483258126773e-02,-1.887601037769042756e-01,-6.075989581245236359e-02
0.000000000000000000e+00,0.000000000000000000e+00,5.721454138554420490e-03,2.580861732055002387e-03,4.501722915345454656e-02,-4.052078662544242316e-02,0.000000000000000000e+00,-8.531671816506079808e-02,-2.982551040158708602e-02,-1.172228177963536254e-02,-1.016532267784515248e-01,-3.170654376224894822e-02,0.000000000000000000e+00,1.818699250415904342e-02,-5.492055512063243050e-02,-5.142095593401158245e-03,-2.073594564176367561e-02,-1.022048136111701304e-02,5.940067856689189470e-03,0.000000000000000000e+00,-9.276815220964926278e-02
0.000000000000000000e+00,0.000000000000000000e+00,-1.868420974145156011e-01,-8.357253261477370909e-02,-5.174765355268303585e-02,-1.465491609074066892e-01,0.000000000000000000e+00,-3.901344445973762426e-03,-6.905297319487556373e-02,-5.622422098702190008e-02,-7.776220875683373390e-02,-3.761548788324493159e-02,-1.855133491687709635e-01,2.610485993599118842e-03,-3.090049693606182826e-02,-3.284603854509142787e-03,-3.704845446128040426e-02,2.494835549712717121e-03,0.000000000000000000e+00,-6.036102855442574550e-02,-7.774017713379932637e-02
3.924198707384005114e-02,0.000000000000000000e+00,0.000000000000000000e+00,0.000000000000000000e+00,0.000000000000000000e+00,-1.935013906922429527e-02,0.000000000000000000e+00,0.000000000000000000e+00,0.000000000000000000e+00,0.000000000000000000e+00,0.000000000000000000e+00,-3.874468566073089315e-01,-1.163216229736664803e-01,0.000000000000000000e+00,-1.112068966070422354e-01,-5.679246996976231032e-02,0.000000000000000000e+00,0.000000000000000000e+00,0.000000000000000000e+00,0.000000000000000000e+00,0.000000000000000000e+00
-3.318208461572803164e-02,-4.004101765106190397e-02,0.000000000000000000e+00,-3.386157858469177051e-02,-2.474090856031177232e-01,0.000000000000000000e+00,-1.098869199856383899e-01,-1.808625080364257287e-01,-4.213019705360845912e-02,-1.122337370213566943e-01,-8.225605519822894174e-02,-1.081808499171107024e-01,-8.351022902138326154e-02,-2.567983478731736824e-01,-8.123204787275740968e-02,-8.085455719158464449e-02,0.000000000000000000e+00,-1.501293116496230096e-01,0.000000000000000000e+00,0.000000000000000000e+00,0.000000000000000000e+00
2.841760238894741608e-02,-2.271497876861477277e-02,0.000000000000000000e+00,3.804006459016463781e-02,-5.538303755105881271e-02,-2.935717862919864918e-02,4.676476393461239528e-02,-2.918721133712579713e-02,-4.129222223363973598e-02,4.704392563905011176e-03,0.000000000000000000e+00,2.749753940369949190e-02,3.539081895375775777e-02,0.000000000000000000e+00,3.456041956501883228e-02,-1.150451368461651545e-02,3.089138256530478410e-02,-2.890093637478045874e-02,2.162625725595940262e-04,0.000000000000000000e+00,0.000000000000000000e+00
-5.013289719179414572e-03,0.000000000000000000e+00,0.000000000000000000e+00,-1.051906744866221294e-01,4.157526484022495278e-02,-1.269893843730960648e-01,0.000000000000000000e+00,0.000000000000000000e+00,-1.003029538188830172e-01,-7.939914508980049079e-02,-9.301314005265529095e-02,-1.613457284984425033e-01,-9.216270889541437750e-02,-1.276260425091426398e-01,-8.263923751644706994e-02,-8.741167388878448574e-02,-3.718046021205648199e-02,0.000000000000000000e+00,-9.877967806118939653e-02,0.000000000000000000e+00,0.000000000000000000e+00
-2.477718801414306379e-02,0.000000000000000000e+00,9.092319282049217063e-03,0.000000000000000000e+00,0.000000000000000000e+00,-1.468704520004623371e-01,-1.238146363755128487e-01,-3.522089628559552793e-02,-4.395640772213637443e-02,-6.029363119316195202e-02,0.000000000000000000e+00,-5.981763934186410531e-02,0.000000000000000000e+00,0.000000000000000000e+00,-2.813820482380489582e-02,-1.175299261394961159e-01,-1.394240761626818967e-02,-3.055863658408689357e-02,0.000000000000000000e+00,0.000000000000000000e+00,-6.681058318910852722e-02
-6.481133588940350687e-02,0.000000000000000000e+00,0.000000000000000000e+00,0.000000000000000000e+00,0.000000000000000000e+00,-7.674726822469045417e-02,0.000000000000000000e+00,0.000000000000000000e+00,-1.021138463058394313e-01,0.000000000000000000e+00,0.000000000000000000e+00,0.000000000000000000e+00,0.000000000000000000e+00,-1.762933290798546215e-01,-1.541019920634180140e-01,0.000000000000000000e+00,-7.296131890888050975e-02,-8.120158243292481537e-02,-1.107706422136992275e-01,-9.648115696463707702e-02,-8.062997063072277482e-02
-6.748525469025624945e-02,0.000000000000000000e+00,0.000000000000000000e+00,-1.068368207907982037e-01,0.000000000000000000e+00,-9.721122903368936696e-02,0.000000000000000000e+00,0.000000000000000000e+00,-1.565863995497422945e-01,-1.897553995760175027e-01,0.000000000000000000e+00,0.000000000000000000e+00,-1.320596512431297942e-01,0.000000000000000000e+00,-8.744378108632301638e-02,-7.514696601293262279e-02,0.000000000000000000e+00,-1.661030810833581950e-01,0.000000000000000000e+00,0.000000000000000000e+00,-1.231017075262437616e-01
0.000000000000000000e+00,-1.240215396440302459e-01,-1.154007190180089404e-01,0.000000000000000000e+00,-1.439809147396264033e-01,-7.706918646103748383e-02,0.000000000000000000e+00,0.000000000000000000e+00,0.000000000000000000e+00,-1.099701744628022310e-01,0.000000000000000000e+00,0.000000000000000000e+00,0.000000000000000000e+00,0.000000000000000000e+00,0.000000000000000000e+00,-1.490406739482584009e-01,-4.774421091190753086e-02,-8.526282991052241966e-02,0.000000000000000000e+00,0.000000000000000000e+00,0.000000000000000000e+00
-6.138414857133262653e-02,-9.498571870384839300e-02,0.000000000000000000e+00,0.000000000000000000e+00,-1.591663455398918403e-01,-1.133677941138682144e-01,-5.533822196504457891e-02,6.373873186252519002e-03,0.000000000000000000e+00,-1.146832480399407050e-01,0.000000000000000000e+00,0.000000000000000000e+00,0.000000000000000000e+00,0.000000000000000000e+00,-5.116473988128127093e-02,-1.294552001010847997e-01,-2.526534272315019147e-01,0.000000000000000000e+00,-9.849029964339869880e-02,-4.417221297958190407e-02,0.000000000000000000e+00
2.359060585242251534e-04,0.000000000000000000e+00,0.000000000000000000e+00,-5.226001447291500623e-02,-1.064163193589448692e-01,0.000000000000000000e+00,0.000000000000000000e+00,0.000000000000000000e+00,-1.096852852434997694e-01,-8.281391480685829087e-02,-1.573305902185457295e-01,0.000000000000000000e+00,0.000000000000000000e+00,0.000000000000000000e+00,-5.791132093623523047e-02,-2.296974208900325609e-01,0.000000000000000000e+00,-3.328285443093729947e-03,0.000000000000000000e+00,0.000000000000000000e+00,-7.224239454491392098e-02
0.000000000000000000e+00,0.000000000000000000e+00,0.000000000000000000e+00,-8.907524824314526357e-02,-1.061087523262849858e-01,0.000000000000000000e+00,0.000000000000000000e+00,0.000000000000000000e+00,-1.277228563852888799e-01,-1.076109666372757206e-01,0.000000000000000000e+00,0.000000000000000000e+00,-1.011735762199846012e-01,0.000000000000000000e+00,-5.867761581074530663e-02,-1.254033260137813743e-01,0.000000000000000000e+00,-6.054136796176645685e-02,-6.375166865013635886e-02,0.000000000000000000e+00,-4.340755560954040471e-02
-3.533442250478874280e-02,0.000000000000000000e+00,0.000000000000000000e+00,0.000000000000000000e+00,-2.526395849323799236e-01,0.000000000000000000e+00,0.000000000000000000e+00,0.000000000000000000e+00,-2.370080815231882104e-02,-1.773973934778957096e-01,0.000000000000000000e+00,0.000000000000000000e+00,-7.181776072497264574e-02,0.000000000000000000e+00,-8.186727859603624979e-02,-5.983979093473136557e-02,0.000000000000000000e+00,-1.258621536074867875e-01,-5.813115633697638757e-02,-1.941125793910785935e-01,-4.320514220963501961e-02
-2.071607891258215872e-01,-2.939894576111303781e-01,0.000000000000000000e+00,2.104644997240468635e-02,-1.761720651704498375e-01,0.000000000000000000e+00,-1.531032531232520144e-01,0.000000000000000000e+00,0.000000000000000000e+00,-8.638279318841722565e-02,-1.341768610542434792e-01,-6.766575309322767073e-02,-6.137857033624345704e-02,0.000000000000000000e+00,-1.416268996476565956e-01,-8.680283175668963846e-02,0.000000000000000000e+00,-1.103924078827314414e-01,0.000000000000000000e+00,-1.024012031781899035e-01,0.000000000000000000e+00
0.000000000000000000e+00,4.495033880385435748e-02,0.000000000000000000e+00,-2.453253935799526789e-02,0.000000000000000000e+00,0.000000000000000000e+00,-4.108983603953150765e-02,5.396270269633159783e-02,7.787408907597544172e-02,5.648219960717466848e-02,5.723681725430999900e-02,7.496575563228342898e-02,-6.664833845203614882e-01,6.276995534666048038e-02,0.000000000000000000e+00,5.285823274274092931e-02,7.903126743867013027e-02,-1.067964306973795130e-01,-1.038554281296424631e-01,-1.189349520937234700e-01,0.000000000000000000e+00
0.000000000000000000e+00,-3.950300491398943126e-01,-5.613814840780245730e-02,-1.047922148420345340e-01,-6.002508585041874123e-02,-1.030497019729767066e-01,0.000000000000000000e+00,-8.168537368892503370e-02,-6.719227214263796821e-02,-1.703527732522863158e-01,0.000000000000000000e+00,0.000000000000000000e+00,-6.797815259487952066e-02,0.000000000000000000e+00,-5.412759366258668853e-02,0.000000000000000000e+00,-1.330675734281495659e-01,0.000000000000000000e+00,0.000000000000000000e+00,-1.458924551984023543e-01,0.000000000000000000e+00
0.000000000000000000e+00,-1.067833357500629354e-01,0.000000000000000000e+00,-9.178138261173557355e-02,-4.485004203877324819e-02,-7.097199320574758274e-02,0.000000000000000000e+00,-1.530495038796254315e-01,-7.358850350538440055e-02,-1.081438842574415915e-01,0.000000000000000000e+00,0.000000000000000000e+00,-5.758819230107337789e-02,-1.969187300063972024e-01,-1.104498627372344499e-01,-5.235960319035375121e-02,0.000000000000000000e+00,-1.774404031622219546e-01,-6.429573340386206259e-02,0.000000000000000000e+00,0.000000000000000000e+00
-1.136148715976876417e-01,0.000000000000000000e+00,0.000000000000000000e+00,0.000000000000000000e+00,0.000000000000000000e+00,-7.566936519993512633e-02,-2.748105199016882549e-01,0.000000000000000000e+00,-9.400030069155404511e-02,-7.283053782095445794e-02,0.000000000000000000e+00,0.000000000000000000e+00,0.000000000000000000e+00,-1.125309126486038341e-01,-1.399994791722818654e-01,-3.892814786708856389e-02,-5.386735011398776501e-02,-1.960420458592510573e-01,0.000000000000000000e+00,-1.024726159846719720e-01,-1.057416181814635758e-01
-9.173144825186616003e-02,-3.361617758382886567e-01,0.000000000000000000e+00,0.000000000000000000e+00,-4.130239601088740026e-02,-7.846134914919247749e-02,0.000000000000000000e+00,0.000000000000000000e+00,0.000000000000000000e+00,-4.385297604710417831e-03,0.000000000000000000e+00,-6.512661961178278780e-02,-8.570146990692541211e-02,0.000000000000000000e+00,-9.301034520377433890e-02,0.000000000000000000e+00,0.000000000000000000e+00,0.000000000000000000e+00,0.000000000000000000e+00,0.000000000000000000e+00,0.000000000000000000e+00
-7.449687049757694468e-02,0.000000000000000000e+00,0.000000000000000000e+00,0.000000000000000000e+00,0.000000000000000000e+00,-9.815736152638454559e-02,0.000000000000000000e+00,0.000000000000000000e+00,-6.317819398366773809e-02,-1.548172859319729422e-01,-1.133553551837431783e-01,-2.245059094471841543e-01,0.000000000000000000e+00,0.000000000000000000e+00,-8.616030248014504289e-02,-8.446875388724268963e-02,0.000000000000000000e+00,-9.773564205155609030e-02,-5.650082540327086567e-02,0.000000000000000000e+00,-4.290733534527982340e-02
-5.423425387946795989e-02,0.000000000000000000e+00,0.000000000000000000e+00,-5.992827651818353335e-02,0.000000000000000000e+00,-4.261562085604266026e-02,0.000000000000000000e+00,0.000000000000000000e+00,-5.329490577476012070e-02,0.000000000000000000e+00,-5.267299782392183966e-02,0.000000000000000000e+00,0.000000000000000000e+00,0.000000000000000000e+00,-7.212399664193046289e-02,-4.057922938520665962e-02,-6.559329765202474849e-02,-8.391816553326070238e-02,0.000000000000000000e+00,0.000000000000000000e+00,0.000000000000000000e+00
-7.820922440767642814e-02,-1.303218071973037684e-01,0.000000000000000000e+00,0.000000000000000000e+00,0.000000000000000000e+00,-6.049578959645574017e-02,-4.779634265769568124e-02,-7.555482190988722924e-02,-8.561425503697217554e-02,-8.161797750571909982e-02,0.000000000000000000e+00,0.000000000000000000e+00,0.000000000000000000e+00,-8.618976314436109509e-02,-9.964078065395533257e-02,-1.727202501717617078e-01,-9.706365424794834162e-02,-1.772604231989808043e-01,-6.712499277041296397e-02,0.000000000000000000e+00,0.000000000000000000e+00
0.000000000000000000e+00,0.000000000000000000e+00,0.000000000000000000e+00,-1.291006107771027478e-01,-7.146403092397801693e-02,-7.915638459528138993e-02,0.000000000000000000e+00,5.667020750220636699e-02,0.000000000000000000e+00,3.381621231473724148e-02,7.829803403788684890e-02,0.000000000000000000e+00,-1.149513921835446650e-01,-5.359577559126212087e-02,1.286051082043179229e-02,-8.833810953416659784e-02,-2.334645326616895944e-01,-1.210388843470370721e-02,-2.181607533914708130e-01,-3.562638625246122848e-02,-1.100023248827394218e-01
0.000000000000000000e+00,-3.786094939154650840e-02,-4.326257407555245821e-02,0.000000000000000000e+00,-9.625559767118210819e-02,-1.443157239918265999e-01,0.000000000000000000e+00,-8.612271443570697349e-02,0.000000000000000000e+00,-1.209913477302072826e-01,-1.002032337033713361e-01,-4.082497015035750909e-01,-6.504287667373132020e-02,0.000000000000000000e+00,-4.880310109239544003e-02,-1.143300088407067233e-01,-6.817161421600230475e-02,-1.363332668415121463e-01,-9.628170904814430109e-02,-4.383426169510681175e-02,-3.119650557281338221e-01
-7.768520510800077696e-03,-5.521035122621737595e-02,0.000000000000000000e+00,0.000000000000000000e+00,0.000000000000000000e+00,-2.611451891598131070e-01,-1.508039741879354557e-02,0.000000000000000000e+00,-4.520609298456525205e-04,-6.722606865825503375e-02,-2.181348212189851768e-02,3.480157556905993238e-02,-5.518357834914532078e-02,0.000000000000000000e+00,-2.391065862165488512e-02,-1.542027194548005985e-02,3.704322520786373918e-02,-1.005294257114526246e-01,0.000000000000000000e+00,-3.120246991720024843e-01,0.000000000000000000e+00
-2.030285729994490418e-01,0.000000000000000000e+00,0.000000000000000000e+00,0.000000000000000000e+00,-2.503111630641625118e-01,-8.410213383732480230e-02,-1.665055388777220424e-01,-1.488434742951442458e-01,0.000000000000000000e+00,-7.993286185850650982e-02,-7.014306988614756044e-02,0.000000000000000000e+00,-6.998912879157817568e-02,0.000000000000000000e+00,4.928764707971927672e-02,-6.610141592619980799e-02,-1.160488094368813117e-01,-1.020372007051868896e-01,0.000000000000000000e+00,-9.865148712819318821e-02,0.000000000000000000e+00
0.000000000000000000e+00,-7.688064339249689461e-02,-5.847801553563741761e-02,0.000000000000000000e+00,0.000000000000000000e+00,-7.145486605173735628e-02,-1.537662786460498032e-01,-7.171482411168426940e-02,-7.885610327562100896e-02,0.000000000000000000e+00,-4.351674616754352964e-02,0.000000000000000000e+00,-5.382016598416162340e-02,0.000000000000000000e+00,-5.902057960734889003e-02,-5.546007887716551676e-02,-5.675296766379036434e-02,-1.574115307995384017e-01,-1.060743568185019692e-01,-9.303260800448334700e-02,0.000000000000000000e+00
-6.909830667333689835e-02,-6.829716193197071794e-02,-5.383868415183266920e-02,-4.056094413964028006e-02,-2.358285832361373957e-01,-4.016912304663483591e-02,-1.012461311072443970e-01,0.000000000000000000e+00,-1.205793948129669363e-01,-6.391426995644504394e-02,0.000000000000000000e+00,-6.990873024045847484e-02,-6.862092218696640156e-02,0.000000000000000000e+00,0.000000000000000000e+00,6.513697645247928936e-02,-4.459769406438313794e-02,-6.783231715281994034e-02,-1.076350914007070947e-01,0.000000000000000000e+00,0.000000000000000000e+00
0.000000000000000000e+00,0.000000000000000000e+00,0.000000000000000000e+00,0.000000000000000000e+00,-1.752173577407754868e-01,-8.760041615001082360e-02,0.000000000000000000e+00,0.000000000000000000e+00,-9.461344020587647563e-02,0.000000000000000000e+00,0.000000000000000000e+00,-5.204836876769608489e-02,-5.130362633916221715e-02,0.000000000000000000e+00,-1.084916795912182486e-01,-1.079029625733957803e-01,-9.430744817787575784e-02,-5.871263386887539543e-02,-6.168481603303316296e-02,0.000000000000000000e+00,-4.868825207805308614e-02
-6.457565522392764990e-02,-7.048902728651057492e-02,0.000000000000000000e+00,-1.396923053556439753e-01,0.000000000000000000e+00,-6.410075267446269098e-02,-1.053625091232860828e-01,0.000000000000000000e+00,0.000000000000000000e+00,-7.538561150644919329e-02,0.000000000000000000e+00,-7.403825138837856479e-02,-3.652509917482869156e-02,-3.457075980141951499e-01,0.000000000000000000e+00,-5.042040133008321434e-02,0.000000000000000000e+00,-6.276431395411795344e-02,-8.783154501576055651e-02,-8.027198748886073265e-02,-7.967131078018237222e-02
0.000000000000000000e+00,0.000000000000000000e+00,-4.072780827965014061e-02,0.000000000000000000e+00,0.000000000000000000e+00,0.000000000000000000e+00,0.000000000000000000e+00,0.000000000000000000e+00,5.929020150176810000e-02,-6.982615976437600569e-02,0.000000000000000000e+00,0.000000000000000000e+00,0.000000000000000000e+00,0.000000000000000000e+00,-8.184852861334426799e-02,0.000000000000000000e+00,0.000000000000000000e+00,0.000000000000000000e+00,2.783424439822893351e-02,0.000000000000000000e+00,-1.545140875416136927e-01
-4.072789328976333945e-02,-6.181932966706808058e-02,0.000000000000000000e+00,0.000000000000000000e+00,0.000000000000000000e+00,0.000000000000000000e+00,-2.024841254805922475e-01,0.000000000000000000e+00,-5.596756711717668087e-02,-1.869311918448809673e-01,0.000000000000000000e+00,0.000000000000000000e+00,-1.236211207150504088e-01,-1.608212388042336294e-01,0.000000000000000000e+00,-1.147044336138616921e-01,-1.489679432134066450e-01,4.551205226951154925e-02,0.000000000000000000e+00,0.000000000000000000e+00,0.000000000000000000e+00
4.193927227773031063e-02,6.800477971177937286e-02,0.000000000000000000e+00,0.000000000000000000e+00,1.091227678258882144e-01,1.313212259163357432e-01,7.662370421713952939e-02,9.875869303265163990e-02,-2.847815114724878971e-03,-2.606195900645442293e-02,8.731579315225793114e-02,-2.527733709880349011e-02,-9.550318542851156389e-02,5.230180741680701085e-04,9.460614893830777972e-02,8.302271374460515330e-02,6.281295089406410681e-02,7.553050797403042249e-02,9.247621725336722942e-02,4.691815697341972236e-02,0.000000000000000000e+00
0.000000000000000000e+00,-1.325101745085706939e-01,-4.036928666076575190e-01,-6.140458441408904594e-02,6.990845898458675212e-02,-2.448007871984522223e-03,-1.248565322820911760e-01,6.023158419995162938e-02,5.893837427680782837e-02,8.806810729788815129e-02,1.060277637154888597e-01,-7.797610907310703610e-02,2.260457369858502250e-02,0.000000000000000000e+00,8.299717377031447241e-02,1.310326134682747098e-02,2.809790636558663623e-02,5.506993814479353017e-02,1.259324036667327229e-01,8.121729869333270402e-02,-2.071191681536360130e-01
9.786549084368401444e-03,5.222119281442984956e-02,4.372045773082280234e-02,0.000000000000000000e+00,1.985397292708017403e-02,3.266659120373668901e-02,-1.049012012860954524e-02,-1.084005475578733585e-01,6.911808307635243509e-02,-1.063421188171512488e-01,-4.031865251085976591e-03,5.355366192047361640e-02,3.006043472749723652e-02,4.239030064268861642e-02,-2.003012436585733039e-03,-1.098191050581350837e-02,6.127367343611461216e-04,-6.717518105217107349e-02,0.000000000000000000e+00,1.016805888119033524e-01,0.000000000000000000e+00
-7.203555315200699249e-02,5.919372420031949328e-02,0.000000000000000000e+00,0.000000000000000000e+00,1.281039215841131562e-02,-4.311422027905440629e-03,3.560168978869514278e-02,-4.401212915312916439e-03,3.187488616933838864e-02,-3.929823670212880676e-02,0.000000000000000000e+00,5.340608008862671174e-02,1.238540076248096644e-01,-7.415330868570392531e-02,6.502401491358403285e-02,3.056148480949578625e-02,3.209581993865815580e-02,0.000000000000000000e+00,-2.787958068701943976e-03,1.893098326020217423e-02,-3.039562432579965834e-01
2.900868042323351964e-02,0.000000000000000000e+00,9.642346233650944676e-02,0.000000000000000000e+00,-4.099178909468607392e-03,4.905356914381778927e-02,2.712429136248101572e-02,3.428480105629381353e-02,5.814422289583494330e-02,2.943750726172961359e-03,-2.040162697066218427e-03,-8.298829893834257232e-02,5.666095213532990060e-02,1.138039118925784779e-03,6.025416050202288959e-02,-1.239394304827830424e-02,-6.012620679834683457e-02,-1.800726531575599400e-03,-8.033613973474493936e-03,-4.525297693393527665e-02,-7.277843830163768790e-02
-8.036381933068371952e-02,-1.597043667190416183e-01,-1.668032071467986655e-01,-1.342976058683184870e-01,-9.689263520112263717e-02,0.000000000000000000e+00,-9.203705492869748706e-02,-1.106241621480235776e-01,-9.987042748287711103e-02,-1.327939012379903139e-01,-1.141000318689354975e-01,-1.005179714432493654e-01,-6.983022749466831491e-02,-1.431434564160187495e-01,-1.679582505499915279e-01,-9.935576031409554254e-02,-8.932964841466302375e-02,-1.357926207228231374e-01,-1.813861184706139773e-01,-1.657489406938196241e-01,-7.134335054224287542e-02
3.499704140917318795e-02,3.058809581088203777e-02,0.000000000000000000e+00,-4.555569625197215811e-02,1.291327707268365155e-01,-2.635155987703027901e-04,2.610643987154908155e-02,8.207317800219619819e-02,5.098590467093178785e-02,5.849403408478207056e-02,5.270237492879174118e-02,-7.173446623317343562e-02,4.838220742358130544e-02,2.778070338890655661e-02,9.480948861960400431e-02,1.835690002588946657e-02,4.839898084063067041e-02,8.571406640036371982e-02,3.421940114630823288e-02,4.883782685401300699e-02,-1.191947467321702314e-01
-9.103138214319596300e-02,-2.443243812283512131e-02,0.000000000000000000e+00,-1.512466806505202987e-01,-1.014389931423783642e-01,-1.248183940453609087e-01,-1.873297339146862694e-01,-1.163962357857906971e-01,-1.011982843178001190e-01,-1.778095364086322849e-01,-1.709551946828985480e-01,0.000000000000000000e+00,-3.760830841080993192e-01,-1.296763066927069386e-01,-1.086112861799139601e-01,-1.142224446629516305e-01,0.000000000000000000e+00,2.594461681019620200e-02,-9.041239060771175118e-02,0.000000000000000000e+00,0.000000000000000000e+00
-1.483454930955165063e-01,-7.491101939980045199e-02,-4.830177158695276446e-02,-8.084123264477366400e-02,6.064072635282465040e-02,0.000000000000000000e+00,0.000000000000000000e+00,-6.584505820550216881e-02,-3.309791873748272467e-02,-1.805978721962000696e-02,-6.835664316798349682e-02,-1.104661018137909761e-01,-1.093647826101221410e-01,-7.695645495085780274e-02,-8.868704006732952561e-03,-1.501268775847140746e-01,-8.738523866824711439e-02,-3.121893669957529968e-02,5.242471412433421379e-02,5.823809512282043799e-02,-2.353506714854096959e-01
-7.021399772394619487e-02,0.000000000000000000e+00,-1.799899915645748749e-01,0.000000000000000000e+00,0.000000000000000000e+00,-1.246771224769199077e-01,-8.516600254860491603e-02,0.000000000000000000e+00,-1.835300825117277546e-01,-2.776894853417434805e-01,-1.832398943372591793e-01,-1.137384315149491815e-01,-1.889660145491942889e-01,0.000000000000000000e+00,-9.120800309619676860e-02,-7.882792497428908751e-02,-1.070866918165887111e-01,-8.520938825296379970e-02,-6.636801738461944877e-02,0.000000000000000000e+00,-6.861877080063893963e-02
-2.168348085939031944e-01,-1.662457048812303884e-01,-7.279991365488412691e-02,-2.640757754998350748e-01,-7.266158037557461646e-02,-7.685066838743359607e-02,-1.007340766885328059e-01,-1.054858500595746845e-01,-7.908204317347071466e-02,-1.184494131090017832e-01,-9.699622465166907181e-02,-1.130323876892397050e-01,0.000000000000000000e+00,0.000000000000000000e+00,2.211260255535179783e-02,0.000000000000000000e+00,-1.290106695339482412e-01,-1.697572223925474522e-01,-1.386210574081646607e-01,-7.490496008390606919e-02,-9.100690932220446838e-02
-7.322467530133927247e-03,1.725868813068498139e-02,0.000000000000000000e+00,5.549502462766928157e-02,-5.279902318851453780e-02,-1.040110743828127904e-01,1.160966725270029531e-02,-4.976210980566051628e-02,-2.430084420667728493e-02,-1.352369777993252427e-02,2.233937405371321655e-02,-3.042010719839634975e-02,5.677677448550197750e-03,4.804404338522594298e-02,6.114420804921624070e-02,-3.552485656370964889e-02,-7.676060260517331146e-02,-2.455913298288114194e-02,5.424857229500920815e-03,-6.156948114768434621e-02,-8.768816166772709642e-02
0.000000000000000000e+00,-1.158671989996453711e-01,0.000000000000000000e+00,0.000000000000000000e+00,-1.018660884622369506e-02,-6.158845274398657560e-02,0.000000000000000000e+00,-1.541166573197623735e-01,-1.137782539163872120e-01,-1.139759871587912865e-01,-1.060527949877173581e-01,0.000000000000000000e+00,-9.246831082560566517e-02,-7.858914309167253087e-02,0.000000000000000000e+00,-1.066035704219772812e-01,-1.322821145259345521e-01,-1.809619854368511860e-01,-2.783974489977653760e-02,0.000000000000000000e+00,0.000000000000000000e+00
0.000000000000000000e+00,1.648994991510940519e-02,0.000000000000000000e+00,0.000000000000000000e+00,-7.808780131867171237e-02,0.000000000000000000e+00,-1.258041907054859888e-02,-7.475274606379317399e-02,-7.720552143788101751e-04,-4.494072454347490531e-02,0.000000000000000000e+00,5.366498721669189093e-02,-9.803081383837819462e-02,0.000000000000000000e+00,-9.869537629517572894e-03,6.016889067429540341e-03,-1.153419025822562984e-02,-4.705405081716765997e-02,0.000000000000000000e+00,0.000000000000000000e+00,0.000000000000000000e+00
-1.572577196330049443e-02,1.235900474782674306e-02,1.478186358392363266e-02,-9.345955797984967228e-02,2.429700451749228218e-03,6.549846749472666013e-03,-6.548062129413032700e-03,3.875446724654467781e-03,-1.967222003640846720e-02,-4.010060879706324466e-02,2.521517805021886963e-04,-8.215117918028994048e-02,0.000000000000000000e+00,3.769603585649333559e-03,1.276997359857438971e-03,-2.321426255157883756e-02,2.800977249502330322e-03,-1.860860760563793487e-02,-5.361360660503626530e-02,-1.362571932023077387e-02,-9.677802897907775148e-02
1.579177955830604607e-02,-5.677840074813556015e-02,0.000000000000000000e+00,-2.921598098548966460e-02,-6.707855710535469418e-02,1.078021557903504658e-02,-6.095712101574742720e-02,-5.946415440216232945e-02,1.754905193219225001e-02,-5.278373930311157369e-02,0.000000000000000000e+00,3.398381186828920708e-02,-7.337569039703688289e-02,-4.981126264601125342e-02,-7.101837300472457759e-02,5.506753675370124057e-03,3.012052508118667673e-03,-9.760446335944078511e-02,-6.112299245980223894e-02,-8.366599156752821398e-02,0.000000000000000000e+00
-1.028011170485790549e-01,0.000000000000000000e+00,0.000000000000000000e+00,-2.603716058735423139e-02,-1.428527051145131455e-01,-6.404841542343962801e-02,-9.533076087940389742e-02,-2.924489453846653222e-02,-2.822840291296258020e-03,-4.926030820165617358e-02,-3.792471804433888375e-03,-5.734762527244694624e-02,-1.917840781662243643e-01,4.127213911282726078e-02,-1.276389480082124883e-01,-8.030039210152772888e-02,-4.757508278546126318e-02,-1.269547855584204354e-01,0.000000000000000000e+00,-1.837342998401685079e-01,0.000000000000000000e+00
-1.663856437264313315e-01,-4.375939515939612501e-01,-1.362983829573448102e-01,0.000000000000000000e+00,-8.345322382865330568e-02,-2.499446782230128894e-01,-1.752686559190318460e-01,-7.494165370841565643e-02,-1.342575573666955902e-01,-1.015086629294380954e-01,-1.918612417560245087e-01,-1.393237528256396351e-01,-1.054893051958065708e-01,-1.322830330844604330e-01,-1.208565941500300556e-01,-7.755208368779226147e-02,-1.205046022420439844e-01,-1.060598924268690013e-01,0.000000000000000000e+00,-9.586314293429998301e-02,0.000000000000000000e+00
-1.412106566033169766e-02,0.000000000000000000e+00,-3.531632514353725411e-02,0.000000000000000000e+00,-1.054004062850581562e-02,-1.434859873458598500e-01,-1.348081135324054047e-01,4.283288455363346015e-02,-6.121381991688591012e-02,-1.882494942841770116e-02,-1.204744590267449178e-01,2.403867401826598540e-03,-5.231495074423277158e-02,-5.027705540355367764e-02,4.629747355956197186e-02,-5.319692412398793063e-02,1.475560290837851785e-02,9.876191213404201738e-03,-8.291115830980633206e-02,9.208984711835949133e-02,-1.081587466351915661e-01
-1.320754202021505582e-03,6.492321946777475372e-02,-2.423709579016268545e-01,-6.219147839662101523e-02,-1.423943573721504485e-01,-1.699993133973581316e-01,-7.485259651700067185e-02,6.677381563481911420e-02,-3.993654317436134277e-02,4.815026208262583422e-03,-8.249687549406058140e-02,-6.691217746987880577e-02,-2.839771898491869062e-02,3.223455210574533575e-02,9.425900298021110471e-03,0.000000000000000000e+00,-2.615018497214088161e-02,4.960663791801468714e-02,0.000000000000000000e+00,-1.132392888640324918e-01,-2.866838264365008659e-01
-1.486162453990849952e-01,-8.912072202562887346e-02,-1.053307274501139729e-01,-7.438313133481011530e-02,-9.342312673039443460e-02,-9.706463201966811227e-02,-8.286442728650193768e-02,-3.092768396352011187e-02,-7.346557938795765519e-02,-1.246071411150815600e-01,-6.925405865999673116e-02,-1.155296516107952587e-01,0.000000000000000000e+00,-8.266945320672502984e-02,-8.113194429858557044e-02,-1.543839741006278743e-01,-6.303732530964173408e-02,0.000000000000000000e+00,0.000000000000000000e+00,-1.690996477614213345e-01,-8.557929253412178972e-02
-1.652339563633630215e-01,0.000000000000000000e+00,0.000000000000000000e+00,0.000000000000000000e+00,0.000000000000000000e+00,-1.011087505444481505e-01,0.000000000000000000e+00,0.000000000000000000e+00,-1.925457146205322156e-01,-3.644509240347142409e-01,-8.930268871776936290e-02,-1.538598562570557271e-01,-2.081067102860309215e-01,0.000000000000000000e+00,-9.441964370988382982e-02,-1.131203452070961013e-01,-1.683810927310415428e-01,-9.185534738354281248e-02,-5.347386224938219246e-02,-3.395851756489490780e-01,-1.229304450776400187e-01
-7.951734797240039843e-02,-3.946825529923146392e-01,0.000000000000000000e+00,-4.989800569663333657e-02,5.115946099049831219e-02,-1.077741446996468011e-01,0.000000000000000000e+00,1.901282622633429856e-02,-3.806108929268432750e-02,-4.789588843347183239e-02,3.379301564353746207e-02,-1.147907583067216547e-01,-1.495469067007081099e-01,2.114014178538456065e-02,2.205565494056131032e-02,0.000000000000000000e+00,0.000000000000000000e+00,3.265023209326416848e-02,4.706699671331204815e-02,0.000000000000000000e+00,0.000000000000000000e+00
0.000000000000000000e+00,-1.058240130792807571e-01,-1.268243189983261354e-01,0.000000000000000000e+00,0.000000000000000000e+00,-1.072156824092389132e-01,0.000000000000000000e+00,0.000000000000000000e+00,-1.953362520792897294e-01,-9.524802717735658675e-02,-6.219233243097706948e-02,-8.449519025778153003e-02,-8.271672963702561554e-02,0.000000000000000000e+00,-8.029785653229806752e-02,-7.503968332124370810e-02,-1.787539633027205310e-01,-1.188639754941561433e-01,0.000000000000000000e+00,-1.626234939746531438e-01,0.000000000000000000e+00
0.000000000000000000e+00,-7.483055761731212396e-02,-4.928627637388011823e-03,0.000000000000000000e+00,0.000000000000000000e+00,-5.252040065834870375e-02,-2.866247805922101516e-02,-1.668533043023689988e-01,-2.743835041419429716e-02,-6.683917516927878610e-02,-3.528312851348999052e-02,-7.779316456312170003e-02,-6.699785480806683124e-02,0.000000000000000000e+00,-6.279028912079441527e-02,-5.680043758596900472e-02,-5.418690911486092471e-02,-1.868860624862591913e-01,-4.615574475839545610e-03,-1.679378574405726576e-02,-6.880626005619615293e-02
0.000000000000000000e+00,0.000000000000000000e+00,0.000000000000000000e+00,0.000000000000000000e+00,-1.077000144264349257e-01,-7.754033794221196207e-02,0.000000000000000000e+00,-1.377969193914880819e-01,-1.236934053420533502e-01,-1.616941421963978553e-01,-3.231552945986450598e-01,0.000000000000000000e+00,0.000000000000000000e+00,0.000000000000000000e+00,-1.161663848676347532e-01,-8.309220218325687191e-02,-1.615427006771424367e-01,-2.095247920726512891e-01,0.000000000000000000e+00,-1.622205834970646687e-01,-1.042420195808718142e-01
3.726091634230249694e-02,0.000000000000000000e+00,0.000000000000000000e+00,-1.446649157830082362e-02,4.168742227122117922e-02,6.019123081291462415e-04,6.232521017937465296e-02,4.266688865906631545e-02,-1.533967625629651527e-02,6.094418744825551293e-02,-7.193473815825417172e-02,-1.251531378688027218e-01,5.269270242457184394e-02,1.262038081770574215e-02,5.974598446915325989e-02,9.045549183662150716e-02,-2.327643309862548540e-02,-1.772644260192489732e-02,-2.911220044991865569e-02,3.055894609320285518e-02,-7.792968759663512768e-02
0.000000000000000000e+00,0.000000000000000000e+00,-2.693872573907482026e-01,0.000000000000000000e+00,-2.396010091596421643e-01,-1.013908219248839254e-01,-1.164829504599631665e-01,-1.114087062274541767e-01,2.122403583075536341e-03,-9.058745631617305671e-02,0.000000000000000000e+00,-1.253944718305441408e-01,-5.736961073199237787e-02,-4.413182450829956915e-02,2.103327768843728587e-02,-5.839906253622563492e-02,-1.774158776606065135e-01,-7.834461721237713505e-02,-9.951349800921378830e-02,0.000000000000000000e+00,-2.891103131014684524e-01
0.000000000000000000e+00,0.000000000000000000e+00,0.000000000000000000e+00,-1.810897138327227929e-01,-1.030714493202027765e-01,-1.348691851384034024e-01,-9.108912223037671230e-02,0.000000000000000000e+00,-7.141258024184891917e-02,-7.292195134726874028e-02,-1.098570912264900529e-01,-9.300650198706618410e-02,-1.836254335068328025e-01,-1.552575534702051729e-01,-1.794631011536143017e-01,-1.544455468952281307e-01,-2.257755379083991043e-01,-1.139791098819534221e-01,-1.983486263199855104e-01,0.000000000000000000e+00,-1.862894528468183597e-01
0.000000000000000000e+00,-2.247481680889478750e-01,3.761914277523606843e-03,2.671408976966995266e-02,-1.272589794103579780e-02,-4.629485821242559918e-02,2.165441717228466442e-02,-2.451128990207799077e-02,-3.048360142326903346e-02,-2.054000671845458703e-02,-2.647393566663100786e-02,-3.120463323595141711e-02,-1.788022898335313304e-02,-2.446631977743099831e-02,-5.945397068689324549e-02,-3.393655498540698590e-02,-4.681683831109625417e-03,-6.850694829533666985e-02,-1.421754430476148724e-02,-6.108078183613304540e-02,-1.597537349193393907e-01
0.000000000000000000e+00,0.000000000000000000e+00,-2.349512422321723901e-02,1.541058452891526029e-02,2.161472857941764292e-03,-8.354043546048142699e-02,0.000000000000000000e+00,-2.069329022956977859e-03,-4.690273045754095316e-02,-1.089177087132687377e-02,-3.794803515003662003e-02,-3.268887897476162666e-03,-1.179707706173626636e-01,0.000000000000000000e+00,-1.219091328953407355e-01,-4.819030397120738218e-02,-2.221075950282377833e-03,-1.154119930222037745e-02,-3.741006660662455491e-02,-1.059117776654035642e-01,-1.838176754455863871e-01
-7.987679998041655183e-02,-1.243843507833366224e-01,0.000000000000000000e+00,-1.204602696411395529e-01,-9.471618507181214786e-02,-1.037870098553019260e-01,-8.152607223243052426e-02,0.000000000000000000e+00,0.000000000000000000e+00,-9.725383120833067108e-02,-9.870667215394951510e-02,0.000000000000000000e+00,-9.164479398816843814e-02,-1.337231091490082568e-01,-9.963368843919120921e-02,-9.390821360493525893e-02,-1.784281145527864265e-01,-1.189552536385030668e-01,0.000000000000000000e+00,0.000000000000000000e+00,-7.281423104885607900e-02
-2.387590661537667691e-01,4.977773047189769894e-03,-2.615964738131733996e-02,-8.636728300235824163e-02,-1.098952335713389294e-01,-6.838449096195670096e-02,-2.354958558334821483e-01,-4.743093604286242881e-02,-2.857615751002469742e-02,-6.484549824548353899e-04,-1.828623608839970160e-02,-6.160381608729327552e-02,9.951743712476550721e-03,0.000000000000000000e+00,9.014078958586115020e-03,0.000000000000000000e+00,-7.099394885988034865e-02,-1.676114491999133524e-02,-9.850686317946490134e-02,0.000000000000000000e+00,-6.492287277365994813e-02
0.000000000000000000e+00,-4.559961061251006226e-02,0.000000000000000000e+00,0.000000000000000000e+00,-3.844093453454217740e-02,-9.255172682588388988e-02,0.000000000000000000e+00,-8.563304212683402195e-02,-1.327536648206472658e-01,-6.119462322738170035e-02,0.000000000000000000e+00,0.000000000000000000e+00,-2.531024501033015683e-01,-1.549599782635749379e-01,-4.250356858611667454e-02,-9.256172897319142612e-02,-1.763205362777383323e-01,-9.307859822687770956e-02,-6.507745389007531245e-02,-3.463688742400936604e-01,-1.682658078590385520e-01
-2.717521218529014154e-02,-4.625217598800644009e-02,0.000000000000000000e+00,0.000000000000000000e+00,-1.626858157909222558e-01,-6.370541494237323688e-02,-9.956504667471055559e-02,0.000000000000000000e+00,-3.444611381907360104e-02,-1.771277891502100743e-01,-3.133375235946834203e-01,1.748154448828802277e-03,-8.597885705715063720e-02,0.000000000000000000e+00,-4.471406647954409563e-02,0.000000000000000000e+00,-1.316961171451485335e-01,-1.301905384297807611e-01,-1.153581402181965143e-01,-1.454481344836451029e-01,0.000000000000000000e+00
0.000000000000000000e+00,0.000000000000000000e+00,0.000000000000000000e+00,-9.182820707763929280e-02,-5.225279428486725303e-02,-7.981413540016675523e-02,0.000000000000000000e+00,-1.144970099624955939e-01,-6.799203637835479763e-02,-7.695856014959136238e-02,1.512243688938431224e-02,-1.018912063577352284e-01,-1.009602513444651239e-01,0.000000000000000000e+00,-2.069282806941988295e-01,-1.877557389876342298e-01,-1.131930915549203692e-01,-7.538959171590145503e-02,-9.075299828834929028e-02,0.000000000000000000e+00,0.000000000000000000e+00
-4.764058353850113281e-02,0.000000000000000000e+00,-1.111502068095768375e-01,-8.658914583943877474e-02,-2.690128742570117026e-01,-1.375493669834057242e-01,3.400508347701221290e-02,-5.062482562227794275e-02,-2.627331010075135975e-02,-5.920991655431282613e-03,5.398369501541733229e-02,-6.581804404047481016e-02,-6.452432541782000819e-02,-3.491153629275686038e-02,3.461041786942093551e-02,-5.555351860786739149e-02,3.355708133284018846e-02,-3.004542609908257556e-02,7.537601191642534851e-03,-3.191513825861881648e-02,0.000000000000000000e+00
0.000000000000000000e+00,0.000000000000000000e+00,0.000000000000000000e+00,-1.251752895637055218e-01,0.000000000000000000e+00,-1.420690862985524161e-01,-8.359482747818915149e-02,0.000000000000000000e+00,-1.184394408565038470e-01,-8.049090579369724829e-02,-7.020396571568926491e-02,-1.746593454445419524e-01,-2.280259175477505340e-01,0.000000000000000000e+00,-1.173119160768789915e-01,-1.335068831963098501e-01,-1.355939626904408002e-01,-1.262684455574346332e-01,-7.308973798237075603e-02,-1.903815673342453552e-01,-1.013550349358691149e-01
-7.260157697601546389e-02,-1.375032318142729582e-01,0.000000000000000000e+00,0.000000000000000000e+00,0.000000000000000000e+00,-1.350436173815079133e-01,-6.706841362115679994e-02,-1.294609703613149865e-01,-7.971698791184102240e-02,-2.367718619961554083e-01,0.000000000000000000e+00,-1.303824053802156435e-01,-1.407828704168871126e-01,6.208249448121565262e-02,-8.795650405801078847e-03,-4.969204210453960491e-02,5.463902137602157094e-02,5.758225979790365656e-03,0.000000000000000000e+00,0.000000000000000000e+00,0.000000000000000000e+00
-1.255255076604444853e-01,0.000000000000000000e+00,-7.375004403830515143e-02,-2.289034605959418267e-01,0.000000000000000000e+00,-9.215875664987424609e-02,-1.356551800719289769e-01,0.000000000000000000e+00,0.000000000000000000e+00,-1.381472699413762162e-01,0.000000000000000000e+00,-1.766272481325665555e-01,-1.129115239393356229e-01,-1.153425296514986459e-01,-9.653664558114302685e-02,-1.473624200404733964e-01,-1.168836774776659260e-01,-4.640413810492955565e-02,-9.677743647645867253e-02,0.000000000000000000e+00,-8.443591784377815768e-02
-1.521251954673354112e-01,-1.740610937571814565e-01,0.000000000000000000e+00,0.000000000000000000e+00,-9.511219155818063931e-02,-8.423888085279176985e-02,-1.789928615336753293e-01,-9.333642476515285891e-02,-1.696739440652393072e-01,0.000000000000000000e+00,0.000000000000000000e+00,-9.808817509421027814e-02,-1.538731282328683059e-01,0.000000000000000000e+00,-9.106241491083082173e-02,-9.196881629900036104e-02,-8.850494907006596634e-02,-1.883255512068290338e-01,0.000000000000000000e+00,-1.296504068965780299e-01,0.000000000000000000e+00
-8.373575532568076907e-02,0.000000000000000000e+00,-3.290133390550603054e-01,0.000000000000000000e+00,-2.185962615927336539e-02,-8.576318308232205867e-02,2.972079058444577343e-02,3.924061057238851374e-02,-9.615072005865912472e-03,4.448143434560532239e-02,1.888570055529962058e-02,-5.586143763719324251e-02,-7.658912153920881261e-02,-7.010635023652343756e-02,-1.461748735563537030e-02,-4.721107088781848621e-02,4.953096135018564966e-02,4.581398125568737073e-02,-3.416863439018483911e-02,-2.559595633265735002e-03,0.000000000000000000e+00
-6.877450862882628080e-02,-1.567012122501152127e-01,0.000000000000000000e+00,0.000000000000000000e+00,-6.350452098093280207e-02,-6.732576780143528783e-01,0.000000000000000000e+00,0.000000000000000000e+00,-6.132063346722170516e-02,-9.513860919828982798e-02,-1.301996869601818596e-01,-9.678454129725733157e-02,-1.181406343869633307e-01,0.000000000000000000e+00,0.000000000000000000e+00,-9.419346353049137810e-02,-9.822334743736382823e-02,-1.620600724374147983e-01,0.000000000000000000e+00,-7.698483378853894499e-02,0.000000000000000000e+00
-8.665871552927831289e-02,-1.223356199953975071e-01,-1.509706921606054353e-01,0.000000000000000000e+00,-1.619145403531019878e-01,-2.273194793792608637e-01,-1.055905537735026267e-01,-6.604005273240409757e-02,6.585926700972172428e-03,-1.221315443958360253e-01,-1.130622605232381728e-01,-8.832679393821325775e-02,-1.443807520380624154e-01,0.000000000000000000e+00,0.000000000000000000e+00,-7.776775952155813576e-02,-1.060737741981553489e-01,-9.042394439511231008e-02,-1.773532802113055029e-01,-2.974045745170956212e-01,0.000000000000000000e+00
