1.080091608814540138e-02,7.490795781619580436e-03,0.000000000000000000e+00,-5.496436853723533217e-02,-3.935372455377463691e-02,-1.144898319795753516e-01,0.000000000000000000e+00,-5.244873195569119129e-02,2.342927438805017873e-02,9.917065143182681938e-03,0.000000000000000000e+00,-1.806956577662007513e-01,-1.072514537866170597e-01,3.761363457133999610e-02,6.514932056641048463e-02,-5.252500596766000729e-02,4.571283388724716248e-03,-2.979385107094484949e-03,-9.420179015823143542e-02,4.747140336118110815e-02,-1.854303550328758043e-01
0.000000000000000000e+00,-1.086903821436280976e-01,-1.586622050398045214e-01,-1.385256139648124440e-01,-3.168500807575486689e-01,-1.714724787732785360e-01,-2.102326350786915543e-01,0.000000000000000000e+00,-8.357748501496947702e-02,-1.403926149583740735e-01,-2.654614113620361593e-01,0.000000000000000000e+00,-1.578833785791781408e-01,0.000000000000000000e+00,-1.655097223437328180e-01,-1.387103366609925281e-01,-1.059097908229827412e-01,-6.956315225123149704e-02,-1.532347033586037022e-01,-7.035263781558453999e-02,-8.965979255944406257e-02
-7.368539850569291727e-02,0.000000000000000000e+00,-1.676554670772061328e-01,-1.831203705843296448e-01,-9.436488453712543745e-02,-1.309457722022148995e-01,-1.330391252760678711e-01,-8.729445380957039091e-02,-1.391525759836240161e-01,-1.571691601265499949e-01,-1.139788875463791651e-01,-1.454185726243442944e-01,-1.449890170404217749e-01,-2.174661182014894778e-01,-1.163059460441391579e-01,0.000000000000000000e+00,-1.111306244996936310e-01,-1.620549420517390926e-01,-1.660306263564631790e-01,-1.724925647341673807e-01,-6.546521426974306890e-02
-1.077970596379231177e-01,0.000000000000000000e+00,0.000000000000000000e+00,-1.640018789367126417e-01,-1.862998394763170085e-01,-8.834158655232249302e-02,-8.556813482669400894e-02,-6.071554406972716478e-02,-1.199801999916410150e-01,0.000000000000000000e+00,1.146744283232848244e-01,-1.198557894495175108e-01,-1.294480159176422396e-01,0.000000000000000000e+00,-1.263472187607465047e-01,-1.540519816729465363e-01,-1.601429275036948541e-01,-1.459571016575463877e-02,-1.474828736647468552e-01,-1.372712521023100318e-01,-1.590705944808677996e-01
-2.103449827164836361e-01,-8.783877346781938933e-02,-1.097172792962672477e-01,-8.196037612785966875e-02,-8.652390818941750605e-02,-1.633691790471239746e-01,-1.706256258705228790e-01,0.000000000000000000e+00,-1.575697214077426966e-01,-1.151307727158819849e-01,-5.350128627199655096e-01,-1.080236882502921131e-01,-2.006824960657593859e-01,0.000000000000000000e+00,-1.418554958021666090e-01,0.000000000000000000e+00,-1.241757960333040173e-01,-9.527424912517594435e-02,-1.847360339441191102e-01,-1.376531122241502758e-01,-1.644369754415569429e-01
0.000000000000000000e+00,0.000000000000000000e+00,-1.446227949181989880e-01,0.000000000000000000e+00,-1.531746567528116110e-01,-1.746466103942934112e-01,-8.342415158503559136e-02,0.000000000000000000e+00,-2.200053447791907035e-01,-1.419628645525390365e-01,-1.567477680487883718e-01,-1.801833631638945499e-01,-2.031231567057659171e-01,-1.668711878341474775e-01,-2.861840722464351061e-01,-1.835631501499285223e-01,-2.329823587050141587e-01,-1.328490389306077601e-01,-1.066325152952789790e-01,-7.464517014694295460e-02,-8.635118993751954297e-02
0.000000000000000000e+00,0.000000000000000000e+00,-2.233337160658509513e-01,-2.832336155665827193e-01,-8.350271221341901140e-02,-3.417684949897116797e-01,-6.759376515978195166e-02,-1.110814614021934793e-01,-1.640185514182362359e-01,-9.778253009445264654e-02,-1.117832087992437912e-01,-1.955710436647771222e-01,-7.654238756844418401e-02,0.000000000000000000e+00,-8.134169418825831777e-02,-7.760166265586590506e-02,-9.104415605304284898e-02,-1.185776847727783717e-01,-9.986499531998323242e-02,-1.705663945322258568e-01,-2.010986355593490926e-01
0.000000000000000000e+00,-6.153581829537080328e-02,0.000000000000000000e+00,-1.799600057956339816e-01,-1.030712722482908794e-01,-1.048850814335823001e-01,0.000000000000000000e+00,-3.565955721488059393e-03,-1.684030851567477893e-01,0.000000000000000000e+00,-1.006061419041921895e-01,0.000000000000000000e+00,0.000000000000000000e+00,0.000000000000000000e+00,-1.722285545919048089e-01,-1.907768564080399576e-01,-1.112395303343498149e-01,-1.513707306210219927e-01,-1.434513143945510549e-01,0.000000000000000000e+00,-1.979289495818385147e-01
0.000000000000000000e+00,0.000000000000000000e+00,4.263006649517039892e-02,-3.787357851325658942e-01,-1.755829300613252417e-02,1.203349165878069525e-02,-6.924591883567697559e-02,-6.549116425832930688e-02,-5.426365764439700090e-02,-5.809500838122914901e-02,-1.242422283051607124e-01,1.183175989643755754e-01,-4.699378926752331154e-01,0.000000000000000000e+00,6.264478157624948917e-02,4.812895378690063009e-02,5.024412419909072419e-02,-2.032840551216186231e-01,-5.756536622060527686e-02,0.000000000000000000e+00,-1.936003578181811902e-01
0.000000000000000000e+00,1.067032333859566640e-01,8.270953984227891187e-03,6.458810291630079359e-02,-2.905504175414811222e-02,8.133256929387351619e-02,0.000000000000000000e+00,6.505022743318542022e-02,5.651372708756623175e-02,2.285471804521525124e-02,-1.037887151930770024e-01,0.000000000000000000e+00,0.000000000000000000e+00,3.038779332633254407e-02,-4.807994968797503488e-02,1.195805351843185760e-01,9.905208541781160281e-02,0.000000000000000000e+00,-2.873923768936531911e-02,0.000000000000000000e+00,0.000000000000000000e+00
-1.514427770759838032e-01,-1.187953903553530532e-01,0.000000000000000000e+00,-5.631129991617313257e-02,-1.325105143883951453e-01,-1.174804067179276851e-02,0.000000000000000000e+00,-1.517536044447223842e-01,-2.401593033533977462e-02,-1.927675579396725958e-01,-1.185749388420759276e-01,5.615193070764546573e-02,0.000000000000000000e+00,-4.689020099027347427e-02,2.665058947944910078e-02,-7.239666488887092077e-02,-1.916761493748693757e-01,-1.729649444545475478e-01,-1.254442469269888283e-01,-1.332786280619693564e-01,0.000000000000000000e+00
-7.482180793688267273e-02,-1.672477090366359664e-01,0.000000000000000000e+00,0.000000000000000000e+00,-2.427477696290504250e-01,-9.067789304688049501e-02,0.000000000000000000e+00,0.000000000000000000e+00,0.000000000000000000e+00,-1.557921432327818989e-01,-1.235477940672783659e-01,-1.849879649683293381e-01,-1.804492255646445997e-01,-1.759921824849630667e-01,0.000000000000000000e+00,-4.593032898581367318e-02,-1.491917218184715954e-01,0.000000000000000000e+00,-9.137295307906249942e-02,0.000000000000000000e+00,0.000000000000000000e+00
-1.814781195272986425e-01,0.000000000000000000e+00,-1.748695598465787038e-01,-1.293754257685340026e-01,-1.755030482824766203e-01,-1.511094001602854842e-01,-5.141286787716439072e-02,0.000000000000000000e+00,0.000000000000000000e+00,-6.606043749855072811e-02,0.000000000000000000e+00,-1.533469423151579691e-01,-5.905082204966757148e-02,0.000000000000000000e+00,0.000000000000000000e+00,-1.627670449270517128e-01,-1.480128091905474064e-01,0.000000000000000000e+00,-1.157374107798299911e-01,0.000000000000000000e+00,0.000000000000000000e+00
-1.544004006126238893e-01,0.000000000000000000e+00,0.000000000000000000e+00,0.000000000000000000e+00,0.000000000000000000e+00,-6.652753587500502552e-02,0.000000000000000000e+00,0.000000000000000000e+00,-7.614218403371167398e-02,-2.018120411431280348e-01,0.000000000000000000e+00,-4.253459029640391242e-01,-1.478553046836953710e-01,0.000000000000000000e+00,-1.478260898505934229e-01,-6.448151985959346688e-02,-8.610873569220571511e-02,-6.355140659152294647e-02,-9.427371631746885028e-02,0.000000000000000000e+00,0.000000000000000000e+00
-1.884415952293276852e-01,0.000000000000000000e+00,-2.512559409068005345e-01,-1.356929575586558190e-01,-1.136049110614708174e-01,0.000000000000000000e+00,-7.663912088334980111e-02,0.000000000000000000e+00,-1.384626809769414491e-01,-9.258519045264029801e-02,-6.723093832033247286e-02,-2.602277741386466725e-01,-1.574627552223324400e-01,-2.138518977274471433e-01,-2.120206494054124313e-01,-1.665833325022419986e-01,-6.242459686399202262e-02,-1.212525197130854410e-01,-7.871648392022219387e-02,0.000000000000000000e+00,0.000000000000000000e+00
7.062418829053088154e-02,1.837088486630679765e-02,0.000000000000000000e+00,-1.159848864581402572e-01,-7.729621985599691159e-02,-1.290815874401533836e-01,0.000000000000000000e+00,1.404680567565715077e-02,3.073817847428937308e-02,2.355375365275811858e-02,0.000000000000000000e+00,5.639934622155511057e-02,-9.795922518539504353e-02,-8.167610140221520654e-02,7.309229325215109430e-02,3.772345303971275793e-02,-2.329099357881799642e-02,1.758003005028875229e-02,-9.384391078657391971e-02,-4.705225551791131222e-02,-1.863895980551294462e-01
-1.826335378722170888e-01,7.411740112642893619e-02,0.000000000000000000e+00,0.000000000000000000e+00,0.000000000000000000e+00,6.253446724278993729e-02,0.000000000000000000e+00,0.000000000000000000e+00,-1.759835142374393700e-03,-1.129836165422257177e-01,0.000000000000000000e+00,5.635140405326156954e-02,-2.514316359725989325e-01,0.000000000000000000e+00,0.000000000000000000e+00,-1.410027826878367807e-01,-1.184098018445782080e-01,-1.599511202126823184e-01,-8.812482603999090280e-02,0.000000000000000000e+00,-1.711851075577415782e-01
-8.181474549470207913e-02,-1.613668795867774231e-01,0.000000000000000000e+00,-9.532064822162934770e-02,-7.166770646939459033e-02,2.289530289953477585e-02,0.000000000000000000e+00,0.000000000000000000e+00,-1.596586676310397523e-01,-1.105524204671358979e-01,1.110404771317020922e-02,0.000000000000000000e+00,0.000000000000000000e+00,-1.969808319542160346e-01,-3.138724929540073066e-02,-1.575506783721203063e-01,0.000000000000000000e+00,-1.633152379799971965e-01,0.000000000000000000e+00,0.000000000000000000e+00,-1.829105827174776211e-01
0.000000000000000000e+00,4.754227541311660532e-02,0.000000000000000000e+00,3.448491931394659371e-02,-2.343582351856571613e-02,1.172779158895751253e-02,0.000000000000000000e+00,-7.563747456272920666e-02,-1.022291686529300768e-02,-1.754394407058659511e-01,2.022815713191508311e-02,3.305606273396959754e-02,0.000000000000000000e+00,0.000000000000000000e+00,6.131543065137317131e-03,9.132379295227689708e-02,7.255714284631244182e-02,-5.630081602911948813e-02,-1.343873191459708238e-01,2.574564671038067666e-03,-9.382873047974552017e-02
-1.514964535508877830e-01,0.000000000000000000e+00,0.000000000000000000e+00,-1.053995704025311730e-01,0.000000000000000000e+00,-1.417480355479730780e-01,0.000000000000000000e+00,1.176483472132990316e-01,0.000000000000000000e+00,5.013643325114645194e-03,0.000000000000000000e+00,-1.659820224287198998e-01,0.000000000000000000e+00,-1.034053899356852657e-01,-1.697941013444986269e-01,-6.149574646381175680e-02,-2.736123418419656936e-02,0.000000000000000000e+00,-9.222046467822768434e-02,-1.498097805860139631e-01,-1.113555348584690657e-01
0.000000000000000000e+00,0.000000000000000000e+00,-1.529646969668412571e-01,0.000000000000000000e+00,0.000000000000000000e+00,-1.762997611214281724e-01,-9.869469644667035191e-02,0.000000000000000000e+00,-6.922103294634696091e-02,-8.567994062006777101e-02,-1.537941317251680928e-01,-2.044712590023649856e-01,0.000000000000000000e+00,-2.696615827162754941e-01,-1.663275496700248324e-01,-1.549592094380854435e-01,-1.445949300465015352e-01,-1.747079188483341705e-01,-2.122844531449456507e-01,-1.799371864451683733e-01,-1.310606678188650509e-01
-1.201659902058285906e-01,0.000000000000000000e+00,0.000000000000000000e+00,0.000000000000000000e+00,-1.322640868533027925e-01,-1.867494994552805210e-01,-1.300280510691624869e-01,0.000000000000000000e+00,0.000000000000000000e+00,-6.638656193707580255e-02,-1.422238925120830055e-01,-7.527299276533516714e-02,-1.977093478788165826e-01,0.000000000000000000e+00,-1.108866684428579108e-01,0.000000000000000000e+00,-1.423199789590424702e-01,0.000000000000000000e+00,0.000000000000000000e+00,0.000000000000000000e+00,0.000000000000000000e+00
-8.140889494336084331e-02,0.000000000000000000e+00,0.000000000000000000e+00,1.706645166828131902e-02,1.458695543742636637e-02,-1.480110423260143915e-01,0.000000000000000000e+00,-1.621248760962902893e-02,-2.100638736024229569e-02,-7.626299076743699168e-02,-8.285473637215524934e-02,0.000000000000000000e+00,-1.167892271799441523e-01,0.000000000000000000e+00,-1.574052707581794983e-02,4.609444031886358872e-02,1.345419854334089192e-02,2.555273479466837333e-02,-4.914880971913022228e-02,0.000000000000000000e+00,0.000000000000000000e+00
-7.706354413957029748e-02,0.000000000000000000e+00,0.000000000000000000e+00,0.000000000000000000e+00,0.000000000000000000e+00,-7.570375364047372824e-02,-7.507277632941872225e-02,0.000000000000000000e+00,-9.142101849821759885e-02,0.000000000000000000e+00,8.437539767642356081e-02,-1.498925879574161957e-01,-2.638555644768103559e-01,0.000000000000000000e+00,-1.109051672977998254e-01,-9.379283160591417312e-02,0.000000000000000000e+00,4.603775559627374531e-02,0.000000000000000000e+00,0.000000000000000000e+00,-2.077662962085675968e-01
-8.859096284521944531e-02,0.000000000000000000e+00,-1.272875333183936253e-01,0.000000000000000000e+00,0.000000000000000000e+00,-1.888251128624227615e-01,0.000000000000000000e+00,0.000000000000000000e+00,2.337798836336050373e-02,-8.606561229109653544e-02,-8.846226635426794604e-02,0.000000000000000000e+00,0.000000000000000000e+00,-2.593033420278505544e-02,-2.909245077219098710e-02,-9.263740995592359417e-02,-2.233026626788133656e-02,-1.171888314059537362e-01,-1.358172759555929809e-01,0.000000000000000000e+00,-1.093679089410442007e-01
0.000000000000000000e+00,-5.921929900579233491e-02,-1.106685323483391353e-01,-3.847407458313272660e-02,0.000000000000000000e+00,-3.356190135476737682e-03,0.000000000000000000e+00,0.000000000000000000e+00,0.000000000000000000e+00,-5.648399586527193261e-02,-1.013533054375172632e-01,0.000000000000000000e+00,0.000000000000000000e+00,-5.277070673189025729e-02,-9.031138066669772146e-02,-1.056670137270847021e-01,-7.603970730988354743e-02,-2.544151661555553723e-01,0.000000000000000000e+00,-1.430371627171184434e-01,-1.934814292189531992e-01
-6.028641825827439626e-02,-2.015068325546809924e-01,0.000000000000000000e+00,-3.508803953743493409e-01,-1.445871244616866724e-01,-1.353531634470731548e-01,-1.440100324746111660e-01,0.000000000000000000e+00,-1.645797333034645094e-01,-6.839131747355635393e-02,-9.181838038005908642e-02,-1.291743163314474918e-01,-1.593675210904728912e-01,-1.680907437728650089e-01,-1.682740952727561912e-01,-1.935248200795605666e-01,-7.730700162434192557e-02,-1.292781062702656747e-01,-1.098942874593090008e-01,0.000000000000000000e+00,-1.102163120132478302e-01
0.000000000000000000e+00,-6.982228676741164541e-02,0.000000000000000000e+00,-1.527292685333374866e-01,-8.634675971833576102e-02,-6.120600113316563423e-02,0.000000000000000000e+00,0.000000000000000000e+00,0.000000000000000000e+00,0.000000000000000000e+00,1.115691349399777245e-02,-1.467545785156993132e-01,0.000000000000000000e+00,-1.186767358284320228e-01,-5.467787710051964789e-02,-1.707134818891657135e-01,-9.976080079391042021e-02,-2.313214485915198182e-01,-6.252883360650633715e-02,-8.947932833912006223e-02,-4.488227490649648876e-02
0.000000000000000000e+00,0.000000000000000000e+00,0.000000000000000000e+00,3.418344041956536405e-02,-1.951024564837179898e-01,-1.125745694912308748e-01,-1.513494637308950702e-02,0.000000000000000000e+00,0.000000000000000000e+00,-2.146415925055569426e-02,-1.112619880895219238e-01,-7.896070581195840932e-02,-2.564459318527028131e-01,-1.049918948747616820e-01,-2.278729108720768670e-02,5.187087498377104811e-02,-3.493832116841924518e-02,-1.585629664762585322e-01,0.000000000000000000e+00,-1.844911516822938802e-01,0.000000000000000000e+00
-1.102779841849021308e-01,0.000000000000000000e+00,-1.154849580151702665e-01,0.000000000000000000e+00,-9.484282728469345392e-02,-1.697133455812868119e-01,-1.442299425629101073e-01,-2.278410890794196897e-01,0.000000000000000000e+00,-1.181186410997547009e-01,0.000000000000000000e+00,-1.109105860040567604e-01,-9.174143936197590166e-02,-1.563002441426728228e-01,-2.468299051573464020e-01,-1.865784176128783556e-01,-2.002966457198856187e-01,0.000000000000000000e+00,0.000000000000000000e+00,-1.683480691738789004e-01,0.000000000000000000e+00
-4.601427965101660689e-02,0.000000000000000000e+00,0.000000000000000000e+00,-2.407247344442789982e-01,0.000000000000000000e+00,-1.004134344603151152e-01,-2.119218283260740909e-01,-1.226814463776624009e-01,-9.122958305913443644e-02,-9.093986995978849130e-02,-1.429718160069606281e-01,0.000000000000000000e+00,-1.994396536074748150e-01,-2.021708377807253376e-01,-1.982061030984095529e-01,-1.285104057835555480e-01,-9.000415157123471677e-02,-6.993422472505032850e-02,-6.333588465352263386e-02,-1.130047355944227561e-01,-1.389873386550427858e-01
0.000000000000000000e+00,0.000000000000000000e+00,-1.458706510933359402e-01,-1.664340971551863668e-01,0.000000000000000000e+00,-1.502239632762832344e-01,0.000000000000000000e+00,-4.932582673605973717e-02,0.000000000000000000e+00,-6.437066270712960003e-02,-6.184598874417555903e-02,0.000000000000000000e+00,0.000000000000000000e+00,0.000000000000000000e+00,-3.777421503018445897e-02,-1.509388218751486488e-01,-1.777552374981963001e-01,-1.275914550586580432e-01,-8.219461403327098237e-02,0.000000000000000000e+00,-5.969453743346207070e-02
8.718737222618350158e-02,-2.636664281981546121e-02,-1.257065537442273243e-02,-1.217116102329067889e-01,-8.280211664863907847e-03,-9.194301744464841719e-02,0.000000000000000000e+00,-2.501524453515857616e-02,3.004255080933068006e-02,-2.100019164857737722e-02,7.420050796893007394e-02,0.000000000000000000e+00,-1.253563177292180697e-01,5.321719660645469335e-02,0.000000000000000000e+00,1.982921992643400799e-02,2.482801032403224653e-02,1.715818833807317492e-02,-3.749544099018939369e-02,4.280343812351256050e-02,-6.163308621025788414e-02
-7.667135778063985385e-02,4.777484999759940010e-02,-9.161153989847004020e-02,-1.127284963574563398e-01,0.000000000000000000e+00,-1.249505655436429635e-01,1.272302117838828850e-01,-1.514025371949384025e-01,3.438638947490231523e-02,-7.275824775034739345e-02,-7.678593701054568788e-02,0.000000000000000000e+00,0.000000000000000000e+00,-3.138113911731697098e-02,-4.015542717827410429e-02,-6.844563180433901883e-02,0.000000000000000000e+00,-3.883021077031708658e-03,6.602344877392446465e-02,0.000000000000000000e+00,-1.031178618675958336e-01
-1.359953882502329403e-01,-1.898650868710566042e-01,-7.008794593473083312e-02,-1.466786559640104459e-01,0.000000000000000000e+00,-1.287783009309227678e-01,-1.695280720938522334e-01,0.000000000000000000e+00,-1.130156456669248188e-01,-1.062282209675207284e-01,-5.826616295724720146e-02,0.000000000000000000e+00,0.000000000000000000e+00,-1.561369230668913921e-01,-6.993098597133506900e-02,-2.827097203467455744e-01,0.000000000000000000e+00,-9.306851369394839035e-02,0.000000000000000000e+00,0.000000000000000000e+00,0.000000000000000000e+00
-3.715232224148885126e-02,0.000000000000000000e+00,-1.735922286225062006e-01,0.000000000000000000e+00,-7.132348497431829915e-02,-1.441133658804947537e-01,0.000000000000000000e+00,0.000000000000000000e+00,-5.342633753834732241e-02,0.000000000000000000e+00,-5.369138910192583491e-02,-4.489432891953348825e-02,0.000000000000000000e+00,-2.905150935198998891e-02,-5.460568584382537866e-02,-9.502841863194685934e-02,0.000000000000000000e+00,-1.204661080429954706e-01,-7.933946000401491394e-02,2.651627351786828984e-02,-1.057255963833325929e-01
2.659057362550278775e-02,2.094260145682581495e-02,3.356599444120964698e-02,-4.249666929491319189e-02,-1.016815262203635550e-01,9.704687360478819746e-02,3.581262189634502966e-03,-1.016845966384149202e-01,-2.632705728029332507e-03,-3.162799078015273574e-02,-9.556025219544536653e-02,0.000000000000000000e+00,-1.787823108118243021e-01,3.997160083065626895e-02,-1.340874979562012292e-02,7.758812962056525070e-03,2.641550751746979744e-02,-1.564268906442237150e-01,-1.791858150930639992e-01,6.109391347764242530e-02,-1.398905126746732008e-01
0.000000000000000000e+00,0.000000000000000000e+00,-1.511755310045563017e-01,-5.118382519600490899e-02,-2.022157733019663006e-01,-6.010730141214155886e-02,-1.114423925174816837e-01,0.000000000000000000e+00,0.000000000000000000e+00,-1.105836732940069095e-01,-2.256701687138523149e-01,0.000000000000000000e+00,-8.745064569117831643e-02,-2.456917164972727552e-01,0.000000000000000000e+00,-1.370630190663094661e-01,-1.989524811784094127e-01,-8.886223164360324001e-02,0.000000000000000000e+00,-6.199303988469144489e-02,-1.624182131999205858e-01
0.000000000000000000e+00,0.000000000000000000e+00,0.000000000000000000e+00,-2.282920993475586191e-01,-1.792765623126237884e-01,-5.367552885973293775e-02,-2.398134288806198777e-01,-1.921722284915398093e-01,-6.424217779403131046e-02,-1.494693762833631256e-01,0.000000000000000000e+00,-1.068759196646772713e-01,0.000000000000000000e+00,-2.035750905946200062e-01,-2.305675135594055514e-01,-2.249009232265819502e-01,-2.359456641805842136e-01,0.000000000000000000e+00,-1.178575319051503312e-01,-1.522538286701793364e-01,0.000000000000000000e+00
0.000000000000000000e+00,5.173364416280788053e-02,-9.205845471630048904e-02,0.000000000000000000e+00,-4.554697747190743218e-02,-1.058724175743434304e-01,0.000000000000000000e+00,-2.133227117821219487e-02,-2.190050059933734694e-01,-1.104622139574535505e-03,9.714503298457008440e-03,-1.872540720304927409e-01,0.000000000000000000e+00,-1.630786277424301489e-01,-1.183428460578882513e-01,-1.737021804975640848e-01,-7.363735367851426128e-02,0.000000000000000000e+00,-1.202457247037050231e-01,0.000000000000000000e+00,-6.799268312189676866e-02
0.000000000000000000e+00,-1.360407226778042322e-01,0.000000000000000000e+00,-1.521167630025077599e-01,-8.536020201954412634e-02,0.000000000000000000e+00,-1.921295519487089820e-01,0.000000000000000000e+00,-1.707108793088817633e-01,-1.654850691211545988e-01,0.000000000000000000e+00,0.000000000000000000e+00,0.000000000000000000e+00,0.000000000000000000e+00,-1.564718852809963423e-01,-1.753181723818897919e-01,-2.120579730932306561e-01,-8.141822592280215098e-02,-1.721964406015561166e-01,-2.672722017222179947e-01,-1.819361534416629456e-01
-6.122639077271459923e-02,0.000000000000000000e+00,0.000000000000000000e+00,-2.045482116969901953e-01,0.000000000000000000e+00,-1.185292576474973048e-01,0.000000000000000000e+00,0.000000000000000000e+00,-3.093031175345927197e-01,-1.700564397336609412e-01,0.000000000000000000e+00,0.000000000000000000e+00,0.000000000000000000e+00,0.000000000000000000e+00,-2.146187482847107530e-01,-1.652708706791227167e-01,-5.027330569158467988e-01,0.000000000000000000e+00,-2.004253676504457737e-01,0.000000000000000000e+00,-1.097378505360096512e-01
0.000000000000000000e+00,0.000000000000000000e+00,-3.664237203030424883e-01,0.000000000000000000e+00,0.000000000000000000e+00,0.000000000000000000e+00,-2.268736270523217802e-01,0.000000000000000000e+00,-1.492387691538616667e-01,-1.402045182972507242e-01,-2.140233298624092673e-01,0.000000000000000000e+00,0.000000000000000000e+00,0.000000000000000000e+00,0.000000000000000000e+00,-3.112358616353922969e-01,0.000000000000000000e+00,-1.131293445448157270e-01,-1.980787947270962468e-01,0.000000000000000000e+00,0.000000000000000000e+00
-1.141233625785527256e-01,0.000000000000000000e+00,0.000000000000000000e+00,-1.837265541755238041e-01,-2.057591659366728165e-01,-2.708214957773580345e-01,0.000000000000000000e+00,0.000000000000000000e+00,-1.964903016301411953e-01,-1.777877460987555558e-01,0.000000000000000000e+00,0.000000000000000000e+00,-2.005117140700195255e-01,-2.154382600977975404e-01,0.000000000000000000e+00,0.000000000000000000e+00,0.000000000000000000e+00,-1.290599206800081000e-01,0.000000000000000000e+00,0.000000000000000000e+00,0.000000000000000000e+00
4.100721692577549010e-02,0.000000000000000000e+00,-1.600742977031672509e-01,-8.192889819524133699e-02,7.109010435985096965e-02,-6.752716467759467545e-02,0.000000000000000000e+00,0.000000000000000000e+00,1.129050749287833777e-01,7.946502462466314975e-02,0.000000000000000000e+00,3.930813221581361955e-02,-1.120002023141289521e-01,0.000000000000000000e+00,-3.188833141229695245e-02,-4.300239172064273391e-02,0.000000000000000000e+00,0.000000000000000000e+00,-5.978502623978868002e-02,-5.668619767972066931e-02,0.000000000000000000e+00
-3.278769723114368650e-01,-1.853837941808209044e-01,0.000000000000000000e+00,-2.749598288713412386e-01,-1.159268914458680688e-01,-1.148951305956877611e-01,0.000000000000000000e+00,0.000000000000000000e+00,-2.006438180579306341e-01,-2.081834959908950844e-01,0.000000000000000000e+00,0.000000000000000000e+00,0.000000000000000000e+00,0.000000000000000000e+00,-1.564670681559684473e-01,-2.653069775790307672e-01,0.000000000000000000e+00,0.000000000000000000e+00,-1.459402393998869840e-01,0.000000000000000000e+00,0.000000000000000000e+00
0.000000000000000000e+00,-2.720194692043887974e-01,0.000000000000000000e+00,-1.085290574837936839e-01,0.000000000000000000e+00,-2.583254225056373365e-01,-3.396791174574645411e-02,0.000000000000000000e+00,-1.506876565194913697e-01,-2.088484758072091663e-01,-9.011272110246605627e-02,0.000000000000000000e+00,0.000000000000000000e+00,-2.156194645295071155e-01,-1.860408535482449000e-01,-1.898006062891021140e-01,-1.218215783792423873e-01,-1.123248514530850728e-01,0.000000000000000000e+00,0.000000000000000000e+00,0.000000000000000000e+00
6.553662516688903150e-02,4.575315091902207310e-02,0.000000000000000000e+00,0.000000000000000000e+00,0.000000000000000000e+00,-1.507698630972362785e-01,0.000000000000000000e+00,5.766963974481893046e-02,-1.882179509320719979e-01,0.000000000000000000e+00,-2.656308304957392674e-01,-2.774081355255398739e-03,0.000000000000000000e+00,0.000000000000000000e+00,0.000000000000000000e+00,3.353211325163115569e-02,-5.699984548133516654e-02,-6.768715808073878792e-02,0.000000000000000000e+00,0.000000000000000000e+00,-8.130856536729760831e-02
-1.217966234526775618e-02,-2.771466661281045685e-01,0.000000000000000000e+00,-8.288487947306953652e-02,-1.807269757859225889e-01,-2.596737510693381337e-02,0.000000000000000000e+00,0.000000000000000000e+00,-1.628064272892334186e-01,-2.582418314353662203e-01,0.000000000000000000e+00,0.000000000000000000e+00,0.000000000000000000e+00,0.000000000000000000e+00,-2.152298081072314961e-01,0.000000000000000000e+00,-2.956581201621057142e-02,-9.578116348338058805e-02,0.000000000000000000e+00,-1.880095512370304756e-01,0.000000000000000000e+00
-9.255697162750649298e-02,0.000000000000000000e+00,-1.046503255569052604e-01,-1.292958047384491216e-01,-2.542783647344973863e-01,-2.039755722779235947e-01,0.000000000000000000e+00,0.000000000000000000e+00,-9.281288830932332701e-02,-1.312965976854258698e-01,0.000000000000000000e+00,0.000000000000000000e+00,0.000000000000000000e+00,0.000000000000000000e+00,-1.163014320074379493e-01,-1.919244817767071509e-01,-9.888575249625759789e-02,-1.786210414629761933e-01,0.000000000000000000e+00,0.000000000000000000e+00,-1.583815508570753927e-01
2.787758790917445328e-02,-7.513088398737149953e-02,-1.210334131116048706e-01,0.000000000000000000e+00,-1.911652902709021773e-01,0.000000000000000000e+00,-8.676464194353618320e-02,-1.298188863614450905e-01,0.000000000000000000e+00,-1.057096837145301282e-01,-5.914287372190733805e-02,-4.264572430405395853e-02,0.000000000000000000e+00,0.000000000000000000e+00,-1.302631123725584740e-02,2.496833482984575636e-02,-1.966861368298914170e-01,-1.117322293256052534e-01,-1.078429104279040041e-01,0.000000000000000000e+00,0.000000000000000000e+00
5.248787213690118969e-02,-2.040293585900177648e-02,0.000000000000000000e+00,-5.036990283275990382e-02,0.000000000000000000e+00,3.777036902664022977e-02,-5.905431102997204564e-03,0.000000000000000000e+00,8.696371324938963199e-02,0.000000000000000000e+00,0.000000000000000000e+00,-1.482482151631488165e-02,-1.281669862712528918e-01,5.053054893010271165e-02,0.000000000000000000e+00,4.044989807208437121e-02,1.170716800866935560e-02,-1.702035691118907942e-02,-5.509773456987460821e-02,0.000000000000000000e+00,0.000000000000000000e+00
-7.652968098676043995e-02,-1.245942295705266961e-01,0.000000000000000000e+00,0.000000000000000000e+00,0.000000000000000000e+00,0.000000000000000000e+00,-1.267395372343488591e-01,-9.368170964510806609e-02,0.000000000000000000e+00,-1.118529186996373853e-01,0.000000000000000000e+00,-9.429802140647330910e-02,0.000000000000000000e+00,0.000000000000000000e+00,-8.763358999075386568e-02,-9.445852516901694085e-02,-1.882027724640472632e-01,-3.436625904411100968e-02,-2.164203877569277346e-01,-1.187760071875539197e-01,-2.116268738059608745e-01
0.000000000000000000e+00,0.000000000000000000e+00,0.000000000000000000e+00,-9.622911474424526712e-02,0.000000000000000000e+00,-1.663602346868804926e-01,0.000000000000000000e+00,0.000000000000000000e+00,-1.154970385201675026e-01,0.000000000000000000e+00,0.000000000000000000e+00,0.000000000000000000e+00,0.000000000000000000e+00,-2.102273718858140295e-01,0.000000000000000000e+00,-2.104172644142795201e-01,-2.032061192738719990e-01,0.000000000000000000e+00,-2.696494277132053807e-01,-1.301544955235954815e-01,0.000000000000000000e+00
1.976619323074283591e-02,7.127392243144728412e-02,0.000000000000000000e+00,0.000000000000000000e+00,0.000000000000000000e+00,-1.660093066664193595e-01,-1.180043928503907297e-01,0.000000000000000000e+00,-1.904148454793824774e-01,-1.785307237979948392e-01,-1.591551546111579230e-01,0.000000000000000000e+00,0.000000000000000000e+00,2.916001597491740122e-02,-6.363928318592414202e-02,3.013576557787599891e-02,7.804169149639451908e-02,0.000000000000000000e+00,0.000000000000000000e+00,0.000000000000000000e+00,0.000000000000000000e+00
4.073626316642277312e-02,0.000000000000000000e+00,0.000000000000000000e+00,2.637722644180448030e-03,-1.658252989074462599e-02,0.000000000000000000e+00,0.000000000000000000e+00,0.000000000000000000e+00,0.000000000000000000e+00,4.590557972078564662e-03,2.072704053741644334e-02,0.000000000000000000e+00,-1.272661706554975569e-01,-1.145112126209226477e-01,3.457798571688499439e-02,0.000000000000000000e+00,0.000000000000000000e+00,-8.622791994206938093e-02,-1.584615326735497320e-02,0.000000000000000000e+00,0.000000000000000000e+00
0.000000000000000000e+00,-3.229369021300846909e-01,0.000000000000000000e+00,0.000000000000000000e+00,-1.188000817477466581e-01,-1.278423983123846974e-01,0.000000000000000000e+00,0.000000000000000000e+00,0.000000000000000000e+00,-1.853986197033722083e-01,0.000000000000000000e+00,0.000000000000000000e+00,0.000000000000000000e+00,0.000000000000000000e+00,0.000000000000000000e+00,-1.257095391694597886e-01,0.000000000000000000e+00,0.000000000000000000e+00,-1.192115971035901112e-01,0.000000000000000000e+00,0.000000000000000000e+00
-2.368790106170852103e-02,0.000000000000000000e+00,0.000000000000000000e+00,0.000000000000000000e+00,2.742286753087158982e-02,-4.805517751481312022e-02,0.000000000000000000e+00,0.000000000000000000e+00,0.000000000000000000e+00,-1.459636994793716558e-01,0.000000000000000000e+00,0.000000000000000000e+00,4.701697836101699501e-03,0.000000000000000000e+00,5.064357476233587174e-02,-1.919843281933359402e-01,0.000000000000000000e+00,-3.007598046152273191e-03,0.000000000000000000e+00,0.000000000000000000e+00,0.000000000000000000e+00
0.000000000000000000e+00,-2.005821703797052713e-01,0.000000000000000000e+00,-1.513591298940027974e-01,0.000000000000000000e+00,-1.605562104666368450e-01,1.022318122074348211e-02,-1.459186989358439435e-01,-3.439557245247278905e-01,-1.223539628626927611e-01,1.803780109109166460e-02,0.000000000000000000e+00,-1.440751145431928559e-01,-1.140036417543240088e-01,-1.535649691451159427e-01,-8.199864825822528180e-02,-1.039279149815585113e-01,0.000000000000000000e+00,0.000000000000000000e+00,-1.328699562904736842e-01,-2.095087471208101348e-01
-1.425775803528713248e-01,-1.911654898263313862e-01,0.000000000000000000e+00,-7.364957324549124829e-02,-1.701894470316195340e-01,-1.702708089438284833e-01,0.000000000000000000e+00,0.000000000000000000e+00,-1.636578559530575128e-01,-4.177741089281851450e-02,0.000000000000000000e+00,0.000000000000000000e+00,-1.593371045877064462e-01,-1.961629624956258144e-01,-1.935132926325781044e-01,-1.946885288739890474e-01,-1.261228244005365429e-01,-2.293407084632827220e-02,-1.293870882111135268e-01,0.000000000000000000e+00,0.000000000000000000e+00
-5.860015875301425453e-02,0.000000000000000000e+00,0.000000000000000000e+00,0.000000000000000000e+00,0.000000000000000000e+00,-1.813082568963973185e-01,0.000000000000000000e+00,0.000000000000000000e+00,-2.248236783290857854e-01,-2.939774688116278401e-01,0.000000000000000000e+00,0.000000000000000000e+00,-2.233461600838145544e-01,-1.424101121692593896e-01,-1.464093054998790999e-01,-1.729834493794383532e-01,-1.181534209421341575e-01,3.236302060875004619e-03,0.000000000000000000e+00,-1.440905110482063323e-01,0.000000000000000000e+00
0.000000000000000000e+00,0.000000000000000000e+00,0.000000000000000000e+00,-1.157508684219338696e-01,0.000000000000000000e+00,-1.777977649513081682e-01,0.000000000000000000e+00,0.000000000000000000e+00,-9.491183485745254000e-02,0.000000000000000000e+00,0.000000000000000000e+00,0.000000000000000000e+00,0.000000000000000000e+00,0.000000000000000000e+00,-1.530860070293419695e-01,0.000000000000000000e+00,0.000000000000000000e+00,0.000000000000000000e+00,-1.448149785456925021e-01,0.000000000000000000e+00,-2.424310251403231919e-01
-3.161447202749662760e-02,-3.208326357540269846e-01,0.000000000000000000e+00,0.000000000000000000e+00,-1.273912646329931064e-01,-1.443878611417694080e-01,0.000000000000000000e+00,0.000000000000000000e+00,-2.298708957576706402e-01,-2.522133086183663275e-01,-7.952020937992408667e-02,-3.134762900559106003e-01,-1.855039049676552865e-01,0.000000000000000000e+00,0.000000000000000000e+00,0.000000000000000000e+00,0.000000000000000000e+00,-1.154668356565530518e-01,-1.353716857428365061e-01,0.000000000000000000e+00,0.000000000000000000e+00
-9.905781771822053106e-02,0.000000000000000000e+00,-1.689716037228073120e-01,-1.257596463305094281e-01,0.000000000000000000e+00,-6.698354862246506947e-02,0.000000000000000000e+00,0.000000000000000000e+00,-9.149869317618812559e-02,-5.125288286706673746e-02,-1.450315627469909996e-01,0.000000000000000000e+00,0.000000000000000000e+00,-1.900986473761716589e-01,9.246486553763275107e-02,0.000000000000000000e+00,6.113241915153009437e-02,-1.382590169841499128e-01,-1.898992325737415277e-01,-9.431722367351635938e-02,-1.844729650966183965e-01
0.000000000000000000e+00,0.000000000000000000e+00,0.000000000000000000e+00,0.000000000000000000e+00,0.000000000000000000e+00,7.085608652188281342e-02,0.000000000000000000e+00,0.000000000000000000e+00,6.238054129326869868e-02,5.533305186885863203e-02,0.000000000000000000e+00,4.447052450157380071e-02,-1.896511128523695466e-01,0.000000000000000000e+00,-1.859155889435937514e-01,0.000000000000000000e+00,0.000000000000000000e+00,1.277303212458711160e-02,0.000000000000000000e+00,-3.652745661055581405e-02,0.000000000000000000e+00
1.068148352552185654e-01,0.000000000000000000e+00,0.000000000000000000e+00,-1.542403200127152318e-01,0.000000000000000000e+00,-2.093841886839695882e-02,2.868846791595356174e-02,0.000000000000000000e+00,7.268146688535433164e-02,-2.955927857807865572e-02,1.665550149280873790e-02,0.000000000000000000e+00,0.000000000000000000e+00,0.000000000000000000e+00,8.705107657700175694e-02,0.000000000000000000e+00,2.779130958491016906e-02,-1.562961486074031237e-01,-1.175123680337487007e-02,0.000000000000000000e+00,-1.770250848099680085e-01
1.935766398193440249e-02,0.000000000000000000e+00,0.000000000000000000e+00,-1.574934982678695694e-01,0.000000000000000000e+00,0.000000000000000000e+00,0.000000000000000000e+00,0.000000000000000000e+00,-1.503127977207813562e-02,-2.390343224167950156e-02,0.000000000000000000e+00,5.479335362669597587e-02,0.000000000000000000e+00,0.000000000000000000e+00,4.811268517254643079e-02,0.000000000000000000e+00,0.000000000000000000e+00,-4.744492770987487895e-02,-4.889544472321542129e-02,0.000000000000000000e+00,-2.632458029100678276e-01
-6.660963271578311702e-03,3.211471826713854782e-02,0.000000000000000000e+00,-7.548144220756373979e-02,-1.214811881176672964e-01,-8.212281222735862401e-04,0.000000000000000000e+00,-1.055592875343314141e-02,0.000000000000000000e+00,-1.855724819654012148e-01,9.495857647594148354e-02,5.929484556017772245e-02,3.821331565617109433e-02,8.122152422075507028e-02,2.765639924138212427e-02,-8.088191985544170015e-02,0.000000000000000000e+00,-6.565979846964102584e-02,8.668297662412123572e-03,0.000000000000000000e+00,0.000000000000000000e+00
-6.118140352001213977e-02,0.000000000000000000e+00,0.000000000000000000e+00,0.000000000000000000e+00,-2.062498036771583387e-01,-6.725467530434768582e-02,-5.792293407074936007e-02,0.000000000000000000e+00,-1.549271165946324025e-01,-1.071408527430670055e-01,-2.062773749234037002e-02,-3.753038892737511206e-02,-9.677588690043952002e-02,-9.135266736458884373e-02,-1.131023804948776412e-01,-1.508797079990776766e-02,-1.477223089058098404e-01,-1.137700371976920893e-01,0.000000000000000000e+00,-2.172658722280483845e-01,0.000000000000000000e+00
0.000000000000000000e+00,-1.837846603039242077e-01,0.000000000000000000e+00,0.000000000000000000e+00,0.000000000000000000e+00,-1.190908034375157305e-03,5.096123940803230778e-02,0.000000000000000000e+00,-3.292527946286595564e-02,-2.001401121750396792e-02,2.453652075543618499e-02,-7.620414525484808799e-02,-1.148953113766744139e-01,2.285301832816395359e-02,-3.914283166541868836e-02,6.976293740368746943e-02,0.000000000000000000e+00,-1.239005609298068390e-02,3.407482575517269130e-02,0.000000000000000000e+00,-1.689905040500529754e-01
0.000000000000000000e+00,0.000000000000000000e+00,0.000000000000000000e+00,-8.221610034963395749e-03,-8.095334601595771673e-02,6.723199693899305218e-02,3.855889564622830279e-02,0.000000000000000000e+00,0.000000000000000000e+00,6.442304090783072291e-03,0.000000000000000000e+00,-2.382124468895087735e-02,-2.095839791308798661e-01,-5.300705993222670949e-03,0.000000000000000000e+00,-6.413747233570901360e-03,0.000000000000000000e+00,-1.237384024613025213e-02,-7.582769149575735446e-02,0.000000000000000000e+00,-1.814465738268504769e-01
0.000000000000000000e+00,-4.083094375516967828e-02,-2.006259859455491457e-01,0.000000000000000000e+00,0.000000000000000000e+00,1.664178393857547109e-02,0.000000000000000000e+00,2.046503961599979715e-02,-1.178233995109104482e-01,-7.788394831603031795e-03,0.000000000000000000e+00,0.000000000000000000e+00,0.000000000000000000e+00,0.000000000000000000e+00,0.000000000000000000e+00,0.000000000000000000e+00,0.000000000000000000e+00,0.000000000000000000e+00,-1.108096311916596938e-01,0.000000000000000000e+00,0.000000000000000000e+00
-7.584430042105645697e-02,0.000000000000000000e+00,0.000000000000000000e+00,-8.062731163076208851e-02,0.000000000000000000e+00,-7.316353669625226541e-02,0.000000000000000000e+00,-1.628323751142821685e-01,1.410610341205989493e-01,3.416838634351394149e-02,4.499373749941173312e-02,3.691494434059552215e-02,0.000000000000000000e+00,0.000000000000000000e+00,5.746650484797129199e-02,-6.004382547989388363e-02,0.000000000000000000e+00,3.609286409617896291e-02,1.936237703397402851e-02,9.164307083254909225e-02,0.000000000000000000e+00
-1.587866352752216603e-01,0.000000000000000000e+00,-1.181806062493423737e-01,0.000000000000000000e+00,3.340684729327920294e-02,-1.385054585622222112e-01,0.000000000000000000e+00,-1.153012550084204779e-01,0.000000000000000000e+00,-1.821680982444251751e-01,-1.680835612691377323e-01,-1.719531920972777739e-01,-1.650357862146785426e-01,-1.743520083337089799e-01,-2.585946614373567654e-01,-2.125074155008510601e-01,-1.027227484356198345e-01,-1.513185137471480257e-01,0.000000000000000000e+00,-7.211548675945733677e-02,-2.756090045729651106e-01
0.000000000000000000e+00,-3.693751414302595681e-02,0.000000000000000000e+00,0.000000000000000000e+00,0.000000000000000000e+00,-1.774080190947982250e-01,0.000000000000000000e+00,0.000000000000000000e+00,-1.896606206897878955e-01,-7.929772449213111640e-01,0.000000000000000000e+00,-1.875846816605374612e-01,0.000000000000000000e+00,0.000000000000000000e+00,-9.703468640544103685e-02,-6.281012328687411717e-02,-4.498371230427002793e-02,0.000000000000000000e+00,-1.531680227213110534e-01,0.000000000000000000e+00,-1.621935369378600111e-01
4.776462193840187720e-02,0.000000000000000000e+00,-8.577124590336484763e-03,-1.591366404328045962e-03,-5.319822503572959466e-02,7.750575495987069297e-02,1.017160847010943336e-01,0.000000000000000000e+00,0.000000000000000000e+00,-1.207269598963840729e-01,0.000000000000000000e+00,9.084013714040201082e-02,9.067130484004140654e-04,0.000000000000000000e+00,-1.883101730595357695e-02,6.303300406804979161e-02,1.665989328195634223e-02,-1.159571659242867592e-01,-1.193575191943239133e-01,0.000000000000000000e+00,0.000000000000000000e+00
-1.876990603487101172e-02,1.177630959178325477e-02,0.000000000000000000e+00,-7.133774679916393691e-02,-1.088902764178795723e-01,7.317577001395499103e-02,0.000000000000000000e+00,0.000000000000000000e+00,-1.124007545715127038e-01,-1.841995358996822985e-01,-3.284273602470220155e-01,0.000000000000000000e+00,-1.093198066251520328e-01,-9.965530327911124864e-02,-1.587695292528242264e-01,0.000000000000000000e+00,-7.140384236399116916e-03,-1.745533896263787577e-01,0.000000000000000000e+00,0.000000000000000000e+00,0.000000000000000000e+00
-4.927028039500126744e-02,0.000000000000000000e+00,0.000000000000000000e+00,0.000000000000000000e+00,0.000000000000000000e+00,-2.561372392741768644e-01,0.000000000000000000e+00,-1.215882595692957951e-01,-1.125482475987232001e-01,0.000000000000000000e+00,-6.856364199447032882e-03,0.000000000000000000e+00,3.388056592058551891e-02,-1.783814925426375486e-01,-2.035441503405323316e-01,-2.712360314177676701e-02,-1.934821655101189031e-01,0.000000000000000000e+00,-1.924445937474994484e-01,0.000000000000000000e+00,0.000000000000000000e+00
7.576273873235475631e-02,0.000000000000000000e+00,0.000000000000000000e+00,3.794946261762090212e-02,-8.139073509264514728e-02,-7.409831444981780646e-02,2.634619545423104794e-02,0.000000000000000000e+00,0.000000000000000000e+00,-1.678219012675337130e-01,-1.335269454004416323e-01,0.000000000000000000e+00,0.000000000000000000e+00,4.249707931278970396e-02,0.000000000000000000e+00,0.000000000000000000e+00,0.000000000000000000e+00,-4.274738109437647288e-02,0.000000000000000000e+00,-2.241650150156672405e-02,-1.334420950250947424e-01
0.000000000000000000e+00,0.000000000000000000e+00,4.245213944734296113e-02,0.000000000000000000e+00,-1.197672803459115254e-01,2.405811813773346339e-02,0.000000000000000000e+00,-8.194644624043048720e-02,-5.468200146667531042e-02,-1.698810741950530778e-02,0.000000000000000000e+00,0.000000000000000000e+00,0.000000000000000000e+00,0.000000000000000000e+00,-1.340115330855982390e-01,5.554741816873762922e-02,-7.736062907473294226e-02,-1.041896472898377612e-01,-2.216432936734678283e-01,0.000000000000000000e+00,0.000000000000000000e+00
0.000000000000000000e+00,-8.567118025745881771e-02,0.000000000000000000e+00,-8.537864947980543240e-02,-6.545541221363378181e-02,-1.099394833879274724e-01,0.000000000000000000e+00,-1.516991927641259397e-01,-6.154779800827717834e-02,-8.765962533170415516e-02,0.000000000000000000e+00,0.000000000000000000e+00,-8.105098732188198429e-02,-2.073419973771368496e-01,-1.247381361635775815e-01,-1.128261518810677461e-01,-6.788513149349209574e-02,-8.093518142196608200e-02,-8.018560067547091108e-02,-6.650849243488583806e-02,0.000000000000000000e+00
-1.173713615563417162e-01,0.000000000000000000e+00,0.000000000000000000e+00,0.000000000000000000e+00,0.000000000000000000e+00,-7.296605918203660779e-02,-1.041505714840906122e-01,0.000000000000000000e+00,-1.874991379986488960e-01,-4.084961190801380398e-02,-1.651232445862256260e-01,-1.111489622804916616e-01,-1.546015484753279212e-01,0.000000000000000000e+00,-1.757294954422365940e-01,-6.121119840599379552e-02,-8.182085964647288490e-02,-4.273544734194707762e-02,-8.343733604545362781e-02,-1.690627600051289592e-01,-6.560013679291668010e-02
0.000000000000000000e+00,0.000000000000000000e+00,3.170991790789532989e-03,1.288489954487144571e-03,4.150234859307436186e-02,-4.235503978267395747e-02,0.000000000000000000e+00,-7.048164622625563425e-02,-3.253026619208902043e-02,-1.323465805921560275e-02,-1.191179739080230060e-01,-3.557516968288207404e-02,0.000000000000000000e+00,1.418115808447947303e-02,-5.619188802113046083e-02,-2.879339690618788750e-02,-2.214190979734219356e-02,-1.264205789473848984e-02,2.671443801926195495e-03,0.000000000000000000e+00,-9.818484849045196194e-02
0.000000000000000000e+00,0.000000000000000000e+00,-1.719088403487276651e-01,-8.506683823722770155e-02,-5.632321673552213859e-02,-1.422336587474982150e-01,0.000000000000000000e+00,-4.924374746565175591e-03,-6.991588248301068564e-02,-5.975194139693443957e-02,-8.832126826055596014e-02,-4.664486767593534200e-02,-1.756067063090958613e-01,5.148024785031377970e-04,-3.421154991297987308e-02,-4.881535200864309774e-03,-3.741986710244264019e-02,1.220232656375299296e-03,0.000000000000000000e+00,-6.947011522320699350e-02,-6.785496276116038949e-02
3.626404220370870596e-02,0.000000000000000000e+00,0.000000000000000000e+00,0.000000000000000000e+00,0.000000000000000000e+00,-2.120348350723423592e-02,0.000000000000000000e+00,0.000000000000000000e+00,0.000000000000000000e+00,0.000000000000000000e+00,0.000000000000000000e+00,-2.653245007439266057e-01,-1.239597796961009191e-01,0.000000000000000000e+00,-1.198772589547590361e-01,-6.119813334964715329e-02,0.000000000000000000e+00,0.000000000000000000e+00,0.000000000000000000e+00,0.000000000000000000e+00,0.000000000000000000e+00
-3.522198452455499451e-02,-4.425501674941056257e-02,0.000000000000000000e+00,-3.104231329017040700e-02,-3.086365369145216975e-01,0.000000000000000000e+00,-1.197727517265253505e-01,-1.965017639872425614e-01,-3.550553305920440411e-02,-1.039231844676449246e-01,-7.674444373807400022e-02,-1.051658899651620460e-01,-8.248440456888493644e-02,-2.977051637410333407e-01,-8.092953553266933608e-02,-7.166188575900445112e-02,0.000000000000000000e+00,-1.393700981446772125e-01,0.000000000000000000e+00,0.000000000000000000e+00,0.000000000000000000e+00
2.493433055723537350e-02,-4.279855171343013159e-02,0.000000000000000000e+00,3.546766584192584393e-02,-4.967264244888175417e-02,-3.163362552144220047e-02,4.244036805156547326e-02,-4.046337815672375327e-02,-4.478803793338517747e-02,2.937040321327926209e-03,0.000000000000000000e+00,2.751671949359924332e-02,2.897094962275169674e-02,0.000000000000000000e+00,3.153672646209310787e-02,-2.091121370171124261e-02,2.684111871972388180e-02,-3.056163472850774790e-02,-2.452550430939801486e-04,0.000000000000000000e+00,0.000000000000000000e+00
-5.185137920378176703e-03,0.000000000000000000e+00,0.000000000000000000e+00,-1.022577178109291135e-01,3.514984643846858631e-02,-1.260717656888022953e-01,0.000000000000000000e+00,0.000000000000000000e+00,-1.048433478041636002e-01,-1.023985126452688493e-01,-8.348580701955511663e-02,-1.470093558758495955e-01,-9.416484909389735702e-02,-1.114114315117650383e-01,-8.199754210757409512e-02,-8.961691543455746478e-02,-3.980199497008808651e-02,0.000000000000000000e+00,-9.928537612000838675e-02,0.000000000000000000e+00,0.000000000000000000e+00
-2.760839756510004989e-02,0.000000000000000000e+00,1.021838660511496626e-02,0.000000000000000000e+00,0.000000000000000000e+00,-1.399168022928869437e-01,-1.136596148050002253e-01,-4.240301910025317395e-02,-3.576299051735328666e-02,-5.752291381891753985e-02,0.000000000000000000e+00,-6.066606172822527204e-02,0.000000000000000000e+00,0.000000000000000000e+00,-3.346684410601055010e-02,-1.197368619662171479e-01,-1.081015343360801177e-02,-3.260541963274433963e-02,0.000000000000000000e+00,0.000000000000000000e+00,-5.963365361993464009e-02
-6.130917444217258427e-02,0.000000000000000000e+00,0.000000000000000000e+00,0.000000000000000000e+00,0.000000000000000000e+00,-8.156842483943073374e-02,0.000000000000000000e+00,0.000000000000000000e+00,-9.849362212630222158e-02,0.000000000000000000e+00,0.000000000000000000e+00,0.000000000000000000e+00,0.000000000000000000e+00,-1.989266362705444102e-01,-2.570496484455652153e-01,0.000000000000000000e+00,-7.504652418125590252e-02,-8.232872028222633365e-02,-1.138733958979134125e-01,-1.058425257019155047e-01,-8.630997285560071397e-02
-8.426559877697606393e-02,0.000000000000000000e+00,0.000000000000000000e+00,-1.209338388960901067e-01,0.000000000000000000e+00,-1.059793927232815236e-01,0.000000000000000000e+00,0.000000000000000000e+00,-1.530052843310383548e-01,-1.975820563547771025e-01,0.000000000000000000e+00,0.000000000000000000e+00,-1.567172100593053341e-01,0.000000000000000000e+00,-9.979504979520675834e-02,-5.464487871303071176e-02,0.000000000000000000e+00,-1.612841881186967141e-01,0.000000000000000000e+00,0.000000000000000000e+00,-1.054713441679392544e-01
0.000000000000000000e+00,-1.027743152054947651e-01,-1.389232778810252644e-01,0.000000000000000000e+00,-1.374965620781369580e-01,-6.454064408118620477e-02,0.000000000000000000e+00,0.000000000000000000e+00,0.000000000000000000e+00,-1.550386906677404530e-01,0.000000000000000000e+00,0.000000000000000000e+00,0.000000000000000000e+00,0.000000000000000000e+00,0.000000000000000000e+00,-1.939937494475903190e-01,-4.477624043838441398e-02,-9.030561635689024480e-02,0.000000000000000000e+00,0.000000000000000000e+00,0.000000000000000000e+00
-7.314976625863255089e-02,-6.696792848082118443e-02,0.000000000000000000e+00,0.000000000000000000e+00,-1.886650960724057802e-01,-9.707095212131396089e-02,-6.073085960695630281e-02,4.680774354071833877e-03,0.000000000000000000e+00,-1.408320990810079110e-01,0.000000000000000000e+00,0.000000000000000000e+00,0.000000000000000000e+00,0.000000000000000000e+00,-5.014408858819327519e-02,-1.099723449738206627e-01,-2.098937831058143300e-01,0.000000000000000000e+00,-1.191885153516576978e-01,-5.048709463153445987e-02,0.000000000000000000e+00
5.535056303491507103e-03,0.000000000000000000e+00,0.000000000000000000e+00,-6.748173991676904848e-02,-1.078481364362941369e-01,0.000000000000000000e+00,0.000000000000000000e+00,0.000000000000000000e+00,-7.778022660964183099e-02,-8.630674227763605877e-02,-2.451640263394693486e-01,0.000000000000000000e+00,0.000000000000000000e+00,0.000000000000000000e+00,-6.899922950623248175e-02,-3.844613435168423576e-01,0.000000000000000000e+00,-4.649894209408200751e-03,0.000000000000000000e+00,0.000000000000000000e+00,-7.440039636851794591e-02
0.000000000000000000e+00,0.000000000000000000e+00,0.000000000000000000e+00,-1.010007207086603132e-01,-1.082019448078294088e-01,0.000000000000000000e+00,0.000000000000000000e+00,0.000000000000000000e+00,-1.228337120885535788e-01,-1.224396180032954612e-01,0.000000000000000000e+00,0.000000000000000000e+00,-1.093491182727141658e-01,0.000000000000000000e+00,-5.628366191877863522e-02,-1.210133144392895599e-01,0.000000000000000000e+00,-6.238687743388296458e-02,-7.497627392581469874e-02,0.000000000000000000e+00,-5.374982457839112132e-02
-3.566812105612037626e-02,0.000000000000000000e+00,0.000000000000000000e+00,0.000000000000000000e+00,-2.341403749821875380e-01,0.000000000000000000e+00,0.000000000000000000e+00,0.000000000000000000e+00,-4.167087799163882861e-02,-1.846973800093088813e-01,0.000000000000000000e+00,0.000000000000000000e+00,-6.672704578816722465e-02,0.000000000000000000e+00,-9.254313996505247886e-02,-7.010434967661950678e-02,0.000000000000000000e+00,-1.413923240002523674e-01,-6.002992018437478677e-02,-2.257656343042704350e-01,-5.015909066894626289e-02
-2.030202251846874584e-01,-3.199544279950116143e-01,0.000000000000000000e+00,1.609748352936815965e-02,-1.784949433975204502e-01,0.000000000000000000e+00,-1.451464782423491084e-01,0.000000000000000000e+00,0.000000000000000000e+00,-9.147891628978514766e-02,-2.118215557984638731e-01,-7.118718604681334439e-02,-7.047705048505505110e-02,0.000000000000000000e+00,-2.728714225546887695e-01,-8.604183963773459620e-02,0.000000000000000000e+00,-8.822283468060368450e-02,0.000000000000000000e+00,-1.130553496075629299e-01,0.000000000000000000e+00
0.000000000000000000e+00,4.353641303931594930e-02,0.000000000000000000e+00,-2.924956685538561418e-02,0.000000000000000000e+00,0.000000000000000000e+00,-4.677541634081765209e-02,4.691088498581227201e-02,7.502235895037945301e-02,5.194553061508112163e-02,5.117886078312235826e-02,6.988550196639553569e-02,0.000000000000000000e+00,5.762054974757307990e-02,0.000000000000000000e+00,4.954419329454233523e-02,7.330595542607953874e-02,-9.550715693861452915e-02,-1.083584030926522668e-01,-1.213791531708798138e-01,0.000000000000000000e+00
0.000000000000000000e+00,-2.906413717632010396e-01,-6.390390119684907777e-02,-1.065770314151429227e-01,-5.679055275727322438e-02,-1.079382842159889722e-01,0.000000000000000000e+00,-8.233265702625841564e-02,-7.598182178083270899e-02,-1.786648839394885391e-01,0.000000000000000000e+00,0.000000000000000000e+00,-8.806684326308447663e-02,0.000000000000000000e+00,-6.251422695133981855e-02,0.000000000000000000e+00,-1.437064863143429350e-01,0.000000000000000000e+00,0.000000000000000000e+00,-1.180021248853155569e-01,0.000000000000000000e+00
0.000000000000000000e+00,-9.743794352457357810e-02,0.000000000000000000e+00,-7.869868420513451146e-02,-4.623702580897077336e-02,-7.342246774403703158e-02,0.000000000000000000e+00,-1.758910229538844516e-01,-8.353773566315851606e-02,-1.260810087288659620e-01,0.000000000000000000e+00,0.000000000000000000e+00,-6.521854310295716051e-02,-1.630673272491215686e-01,-1.134308536999819872e-01,-6.631390072196612084e-02,0.000000000000000000e+00,-2.637253952039002036e-01,-4.934222457108398963e-02,0.000000000000000000e+00,0.000000000000000000e+00
-1.135175525815870501e-01,0.000000000000000000e+00,0.000000000000000000e+00,0.000000000000000000e+00,0.000000000000000000e+00,-7.567560966303905901e-02,-1.732025590515734736e-01,0.000000000000000000e+00,-8.234252483453977089e-02,-6.370696015362221909e-02,0.000000000000000000e+00,0.000000000000000000e+00,0.000000000000000000e+00,-1.126447241196640303e-01,-1.977436044754155020e-01,-4.233113133008994944e-02,-5.198258479116041331e-02,-1.680477021622797107e-01,0.000000000000000000e+00,-1.070139566199680148e-01,-1.056751903457953251e-01
-9.468700442743746559e-02,-2.531922765024524069e-01,0.000000000000000000e+00,0.000000000000000000e+00,-5.748521616939569062e-02,-9.492961239423482189e-02,0.000000000000000000e+00,0.000000000000000000e+00,0.000000000000000000e+00,-1.127339074130476876e-02,0.000000000000000000e+00,-8.453524220455621574e-02,-8.304302419536217783e-02,0.000000000000000000e+00,-8.973786135032350841e-02,0.000000000000000000e+00,0.000000000000000000e+00,0.000000000000000000e+00,0.000000000000000000e+00,0.000000000000000000e+00,0.000000000000000000e+00
-9.505910557897268021e-02,0.000000000000000000e+00,0.000000000000000000e+00,0.000000000000000000e+00,0.000000000000000000e+00,-1.156528157972068899e-01,0.000000000000000000e+00,0.000000000000000000e+00,-5.445149260296980320e-02,-1.571270519338635041e-01,-1.272417364551558794e-01,-3.380870896278776461e-01,0.000000000000000000e+00,0.000000000000000000e+00,-6.735944466937721087e-02,-8.759043406268800236e-02,0.000000000000000000e+00,-8.783033712118926140e-02,-7.224834663669728319e-02,0.000000000000000000e+00,-3.834699037160241991e-02
-9.933455273878985525e-02,0.000000000000000000e+00,0.000000000000000000e+00,-4.853082244485264901e-02,0.000000000000000000e+00,-4.556480046866836359e-02,0.000000000000000000e+00,0.000000000000000000e+00,-5.109978860268571399e-02,0.000000000000000000e+00,-5.340388713025331219e-02,0.000000000000000000e+00,0.000000000000000000e+00,0.000000000000000000e+00,-8.327815419191431090e-02,-2.468044306639901458e-02,-6.977884717690996386e-02,-9.376697481020249136e-02,0.000000000000000000e+00,0.000000000000000000e+00,0.000000000000000000e+00
-7.878485413012521754e-02,-1.209310526293898014e-01,0.000000000000000000e+00,0.000000000000000000e+00,0.000000000000000000e+00,-4.874546556387729379e-02,-5.046840457918307099e-02,-8.198101938343425876e-02,-8.503516661818116829e-02,-7.828612622582382941e-02,0.000000000000000000e+00,0.000000000000000000e+00,0.000000000000000000e+00,-8.107859956836160897e-02,-8.794773195495107776e-02,-1.854515111150904505e-01,-9.589891786622845027e-02,-1.829631639598511827e-01,-7.436263272998112905e-02,0.000000000000000000e+00,0.000000000000000000e+00
0.000000000000000000e+00,0.000000000000000000e+00,0.000000000000000000e+00,-1.593340219381661205e-01,-8.217946222949715218e-02,-8.178715318524049094e-02,0.000000000000000000e+00,5.152533761429199666e-02,0.000000000000000000e+00,2.874013967589758925e-02,7.342498107797272577e-02,0.000000000000000000e+00,-1.141737328506480242e-01,-5.927168735479892980e-02,9.283832596006489496e-03,-9.137684154673206272e-02,-2.755137101398089094e-01,-1.292798587882597848e-02,-2.199675014958087926e-01,-3.739095114122731323e-02,-1.043587540429832261e-01
0.000000000000000000e+00,-3.892902417715862762e-02,-7.035248644704945875e-02,0.000000000000000000e+00,-6.340122123896525796e-02,-1.160433764677159252e-01,0.000000000000000000e+00,-9.256932099870888997e-02,0.000000000000000000e+00,-1.079536161155949525e-01,-9.247458710022239681e-02,0.000000000000000000e+00,-6.788313927754310861e-02,0.000000000000000000e+00,-5.418361833844956288e-02,-1.114448156897377695e-01,-6.982714230321589166e-02,-1.300442435156715371e-01,-8.065552914745920121e-02,-5.505475014711119774e-02,-3.006933138616540990e-01
-1.485119629706134654e-02,-6.609853308740185063e-02,0.000000000000000000e+00,0.000000000000000000e+00,0.000000000000000000e+00,-2.665023733710472631e-01,-1.736789267441558177e-02,0.000000000000000000e+00,-1.605062159642702034e-03,-6.703083212171782879e-02,-2.380905123033587312e-02,3.067977440923832025e-02,-5.770400522366628260e-02,0.000000000000000000e+00,-2.804815639600643368e-02,-1.758078794828274796e-02,3.341088733979842573e-02,-9.488329051505588196e-02,0.000000000000000000e+00,-3.086520721192018701e-01,0.000000000000000000e+00
-1.839763047796394713e-01,0.000000000000000000e+00,0.000000000000000000e+00,0.000000000000000000e+00,-2.364861966745799571e-01,-7.036043219193584275e-02,-1.764255829258623565e-01,-1.528978562455256818e-01,0.000000000000000000e+00,-9.478693032112352201e-02,-8.672299743375444514e-02,0.000000000000000000e+00,-7.897163010497805502e-02,0.000000000000000000e+00,4.550562863124554130e-02,-5.833878541829085052e-02,-1.083595817640009840e-01,-9.846453864068940853e-02,0.000000000000000000e+00,-9.208960506009650215e-02,0.000000000000000000e+00
0.000000000000000000e+00,-6.893787051064149962e-02,-6.180496005215672245e-02,0.000000000000000000e+00,0.000000000000000000e+00,-7.697442239373086803e-02,-1.232645172627182123e-01,-6.701184084916710082e-02,-9.725591914104686486e-02,0.000000000000000000e+00,-4.237457721163414431e-02,0.000000000000000000e+00,-5.305131335481759469e-02,0.000000000000000000e+00,-6.259038259003256444e-02,-7.104800522408116770e-02,-5.769823094378795370e-02,-1.465932903704891821e-01,-1.049726667848317890e-01,-7.862194471891376102e-02,0.000000000000000000e+00
-7.747423423858397495e-02,-7.459432254135692220e-02,-7.161802055236501929e-02,-5.652342740294749590e-02,-2.875771095871043070e-01,-7.371821762442494486e-02,-1.167654148805866848e-01,0.000000000000000000e+00,-1.269789661354974453e-01,-5.735837524879908861e-02,0.000000000000000000e+00,-5.470841759289759437e-02,-7.088412325397759617e-02,0.000000000000000000e+00,0.000000000000000000e+00,6.342901878544517091e-02,-4.325149528073769789e-02,-6.053587616604331340e-02,-1.392524593503156605e-01,0.000000000000000000e+00,0.000000000000000000e+00
0.000000000000000000e+00,0.000000000000000000e+00,0.000000000000000000e+00,0.000000000000000000e+00,-1.395958124299728209e-01,-9.150861991790987249e-02,0.000000000000000000e+00,0.000000000000000000e+00,-8.926219674613283805e-02,0.000000000000000000e+00,0.000000000000000000e+00,-5.841333686750380116e-02,-5.667027852370007390e-02,0.000000000000000000e+00,-9.366034201668099746e-02,-1.189634840606113020e-01,-7.684675341629397527e-02,-5.971045309189312172e-02,-8.080507482732525448e-02,0.000000000000000000e+00,-4.335151336363485264e-02
-5.073880287770907160e-02,-8.665270058259233465e-02,0.000000000000000000e+00,-1.489258502742968615e-01,0.000000000000000000e+00,-6.630730099869223959e-02,-1.134890730931899655e-01,0.000000000000000000e+00,0.000000000000000000e+00,-1.062302163085265400e-01,0.000000000000000000e+00,-1.022637152174862285e-01,-5.570944203617163304e-02,-2.952028181958785136e-01,0.000000000000000000e+00,-6.933801315299553680e-02,0.000000000000000000e+00,-6.988081686915344204e-02,-9.439719136343331651e-02,-8.625088944795607226e-02,-1.032061774853901964e-01
0.000000000000000000e+00,0.000000000000000000e+00,-5.251986322897236187e-02,0.000000000000000000e+00,0.000000000000000000e+00,0.000000000000000000e+00,0.000000000000000000e+00,0.000000000000000000e+00,5.517416650443764115e-02,-7.756444957175527566e-02,0.000000000000000000e+00,0.000000000000000000e+00,0.000000000000000000e+00,0.000000000000000000e+00,-8.177485746203919104e-02,0.000000000000000000e+00,0.000000000000000000e+00,0.000000000000000000e+00,2.094073392111412898e-02,0.000000000000000000e+00,-1.722009194256637343e-01
-5.506091004144543499e-02,-5.967128813028494544e-02,0.000000000000000000e+00,0.000000000000000000e+00,0.000000000000000000e+00,0.000000000000000000e+00,-2.222820793215023460e-01,0.000000000000000000e+00,-5.277514491625730914e-02,-2.043254654364892453e-01,0.000000000000000000e+00,0.000000000000000000e+00,-1.340991527933613758e-01,-2.982189595808950600e-01,0.000000000000000000e+00,-1.167269415207157351e-01,-1.030270687864400930e-01,4.155776035643973104e-02,0.000000000000000000e+00,0.000000000000000000e+00,0.000000000000000000e+00
3.789567565824228379e-02,6.318599569003068017e-02,0.000000000000000000e+00,-1.734715362250278670e-01,1.039556493614405275e-01,1.255150296342678051e-01,7.294063038546856614e-02,9.309195145336110477e-02,-8.913871665315988360e-03,-3.002511266252519753e-02,8.498440991679799550e-02,-2.917336330832119573e-02,-8.646352839906880361e-02,-4.921177299531659562e-03,8.875677354399671981e-02,7.553823788812936979e-02,5.760508368541825824e-02,6.954017432089149020e-02,8.706713960839440603e-02,4.096672068036129322e-02,0.000000000000000000e+00
0.000000000000000000e+00,-1.446923984553547260e-01,-3.645015879006588411e-01,-6.565591910383662688e-02,6.103992842214668590e-02,-4.426232188471014399e-03,-1.360681173369171215e-01,4.778288559006124703e-02,5.528841195448595119e-02,8.240938375192768950e-02,9.907890164075190687e-02,-8.124868995568573782e-02,1.751518154599788005e-02,0.000000000000000000e+00,7.743317922266435005e-02,5.739565633322246500e-03,2.410126099184026552e-02,5.028209023450484066e-02,1.189967987698895141e-01,7.515236223829006856e-02,-2.405548930937626562e-01
7.107785591561617544e-03,4.805852888058546879e-02,3.729453395687688105e-02,0.000000000000000000e+00,1.739952701218147602e-02,2.727547738095104091e-02,-1.364700472971253076e-02,-1.129603214694182983e-01,6.558805064864318968e-02,-1.038428066511777881e-01,-1.444016927493740887e-02,4.882199596779479567e-02,2.827372026857385978e-02,4.063953239858120875e-02,-1.308172757224635580e-02,-1.504897024076047758e-02,8.197714547879845972e-05,-7.053241562602827197e-02,0.000000000000000000e+00,9.202464434945840932e-02,0.000000000000000000e+00
-7.658910479012968897e-02,5.462752008886954252e-02,0.000000000000000000e+00,0.000000000000000000e+00,8.442248839293231555e-03,-1.002006173757876741e-02,3.406293791576081587e-02,-9.656279506268190815e-03,2.537579516681972430e-02,-4.163711423144166729e-02,0.000000000000000000e+00,4.935571490135483297e-02,1.175098138892762129e-01,-7.868533700904749295e-02,6.115668133354174030e-02,2.599231844189632892e-02,2.808880915621093585e-02,0.000000000000000000e+00,-5.522594023382525544e-03,1.608142430201373735e-02,-3.853081551298330187e-01
2.260998256225615205e-02,0.000000000000000000e+00,9.030326880988161220e-02,0.000000000000000000e+00,-1.045628436304641036e-02,4.409111448552267831e-02,2.228727619449963337e-02,2.778708862469379121e-02,5.159738505686917165e-02,-1.328540207188485135e-03,-5.698556805700345437e-03,-7.737412137200150308e-02,5.267643747720991004e-02,-3.048268309630333770e-03,5.393929883234903355e-02,-1.866768118785836969e-02,-6.519768053566313282e-02,-7.356555144213706814e-03,-9.656384034751028939e-03,-3.510613581521586368e-02,-7.457367585689358980e-02
-6.535764374952209022e-02,-1.513773999652184288e-01,-1.887524026908802555e-01,-1.172286091863244395e-01,-9.498426084924324608e-02,0.000000000000000000e+00,-6.027189597055689074e-02,-8.971140823265444375e-02,-9.040564888433300084e-02,-1.189832228293460775e-01,-7.480485980659735967e-02,-9.066798150620074270e-02,-5.581384548279900992e-02,-1.217006027378128435e-01,-1.532545431848731932e-01,-8.821556814646484834e-02,-7.481202400478663417e-02,-1.215308709373844887e-01,-1.698701785107595286e-01,-1.429111216307380750e-01,-5.401917677539214147e-02
3.951006395715173786e-02,4.197357174913928651e-02,0.000000000000000000e+00,-3.822822176423879004e-02,1.318158603601431444e-01,9.774076348594293653e-03,3.442646117283987978e-02,8.835251898007161209e-02,5.970073124920995122e-02,6.507810206506478568e-02,5.712202797781091440e-02,-5.628014685210133705e-02,5.428703728650940974e-02,3.636049210991488395e-02,9.941739916854649972e-02,2.963100643993206093e-02,5.272069542978126411e-02,9.169335317029544963e-02,4.062449053795098158e-02,5.786823327600712497e-02,-9.504852658142967647e-02
-7.434150602429839827e-02,-1.532968541266239298e-02,0.000000000000000000e+00,-1.609120578654786859e-01,-1.041404976844437780e-01,-1.124740953953753952e-01,-1.965160893975659850e-01,-9.811403936395174386e-02,-9.129992335820658056e-02,-1.517855649886941383e-01,-1.669559984898894289e-01,0.000000000000000000e+00,-2.405152414802409488e-01,-7.413535465045208162e-02,-9.289084812478888564e-02,-8.994145446158526014e-02,0.000000000000000000e+00,3.335780457572005975e-02,-7.994284960331710099e-02,0.000000000000000000e+00,0.000000000000000000e+00
-1.041495701565561399e-01,-5.414481528446953018e-02,-3.456418174025152612e-02,-6.757826800195916583e-02,6.719998610289075469e-02,0.000000000000000000e+00,0.000000000000000000e+00,-5.227546003771768590e-02,-2.290551821660898046e-02,-5.491345833678622571e-03,-5.697722957071105210e-02,-1.041161035749491592e-01,-1.078368160109691443e-01,-5.819032767054388433e-02,2.429051329863707309e-03,-1.476944418300633888e-01,-9.596853779650635352e-02,-1.363305217020049920e-02,6.179161979848747654e-02,6.643645072289032505e-02,-2.225501888114602700e-01
-8.543179470706788181e-02,0.000000000000000000e+00,-1.540857704836600950e-01,0.000000000000000000e+00,0.000000000000000000e+00,-1.226555579735131435e-01,-6.199104477667812668e-02,0.000000000000000000e+00,-1.749490882112962886e-01,-2.622713336183091770e-01,-1.931029938250530542e-01,-9.892974018341983700e-02,-1.737751636134705902e-01,0.000000000000000000e+00,-7.613275800096924728e-02,-6.242213924030235589e-02,-9.103201159002062559e-02,-6.999169196109956970e-02,-3.919622617339046239e-02,0.000000000000000000e+00,-3.954506254413407002e-02
-1.244703959323207598e-01,-1.517373562413848742e-01,-5.585728393407696918e-02,-2.442845782161132961e-01,-7.222778780277815114e-02,-6.522447990016182195e-02,-7.493287573678407421e-02,-8.107305650087903715e-02,-6.817193177198901943e-02,-1.191784786489035325e-01,-7.197507288895811650e-02,-1.008247486888809719e-01,0.000000000000000000e+00,0.000000000000000000e+00,2.762958713525984905e-02,0.000000000000000000e+00,-1.508900465495588428e-01,-1.549242244761316334e-01,-9.235639747722905468e-02,-7.698734806416553111e-02,-8.179232695165501721e-02
4.577182615395614627e-03,2.552515453334918208e-02,0.000000000000000000e+00,6.229031778372714351e-02,-5.165576910182665543e-02,-8.738627116583186361e-02,2.123138843684449148e-02,-3.078615322719032571e-02,-1.570253419870434528e-02,-1.907887387699900867e-03,2.890966633877213240e-02,-1.968731038545267972e-02,1.560549848255092173e-02,5.589768938279730121e-02,6.331293483259728405e-02,-2.223299845448015524e-02,-6.673381284272821012e-02,-1.487755621724113492e-02,1.710554767456802516e-02,-5.898264123190778696e-02,-4.833344517658141187e-02
0.000000000000000000e+00,-2.624244812703594998e-01,0.000000000000000000e+00,0.000000000000000000e+00,1.118838924419916087e-03,-4.397840640834243392e-02,0.000000000000000000e+00,-1.413500483757456350e-01,-1.101442615888726939e-01,-1.021369059581121314e-01,-1.057457760338506303e-01,0.000000000000000000e+00,-1.010046725845218374e-01,-6.821881318519959492e-02,0.000000000000000000e+00,-1.078145744453241350e-01,-1.181763095090513083e-01,-1.508833569354328386e-01,-1.447716720627306719e-02,0.000000000000000000e+00,0.000000000000000000e+00
0.000000000000000000e+00,2.609255563510711265e-02,0.000000000000000000e+00,0.000000000000000000e+00,-6.618136706981703199e-02,0.000000000000000000e+00,-2.109937513551262810e-03,-4.081283768813653151e-02,6.222153658160811673e-03,-3.478983131456331312e-02,0.000000000000000000e+00,6.137989792094211694e-02,-8.524225987286015993e-02,0.000000000000000000e+00,1.750985653475819071e-03,1.754370098585890381e-02,-1.304088716019469185e-02,-7.524954985104924388e-02,0.000000000000000000e+00,0.000000000000000000e+00,0.000000000000000000e+00
-4.010466873987515030e-03,2.649206585635375394e-02,3.580361172095327532e-02,-8.495315183486594479e-02,1.716225484174761437e-02,1.782081341103794112e-02,4.900184960672815740e-03,9.420038122467975367e-03,-1.223179664667709346e-02,-2.717676066529888315e-02,9.806326707205348728e-03,-6.694445197152487648e-02,0.000000000000000000e+00,1.508774684569237287e-02,9.639770651344399185e-03,-1.030250978834541982e-02,1.806230235913467569e-02,-6.647867369747213762e-03,-4.405022729935917369e-02,-1.072738593180514637e-03,-1.003328745325008792e-01
2.566426048509990246e-02,-4.376960429392411783e-02,0.000000000000000000e+00,-1.796120922778029691e-02,-5.058370616870139919e-02,2.025858247346741178e-02,-4.113265622374986941e-02,-7.479274400661974076e-02,2.767954941061218088e-02,-3.696741734764028009e-02,0.000000000000000000e+00,4.486970639138405936e-02,-7.282621130170446877e-02,-4.099699790590626697e-02,-6.140766140030137071e-02,1.570804362213292296e-02,1.406180602903268212e-02,-8.013355604642416474e-02,-5.049073717416097118e-02,-6.118227464025960405e-02,0.000000000000000000e+00
-9.911978657470990606e-02,0.000000000000000000e+00,0.000000000000000000e+00,-1.225895835957982807e-02,-1.447935147927844890e-01,-4.491586540287682144e-02,-7.947865175992781250e-02,-2.244926283283680060e-02,7.741409040956936938e-03,-4.091307708485065336e-02,6.230673460860940496e-03,-4.807763253424357508e-02,-1.828400088319541983e-01,4.567838686234221290e-02,-1.214377416391622805e-01,-6.493572790140784978e-02,-3.177343391097965652e-02,-1.196279100223067715e-01,0.000000000000000000e+00,-2.291643551808885404e-01,0.000000000000000000e+00
-1.589163050084610729e-01,-4.912184022837561836e-01,-1.199820694598723869e-01,0.000000000000000000e+00,-7.344244875274956452e-02,-3.582782505590899058e-01,-1.548524843216777247e-01,-8.415061387783222269e-02,-1.156964318401343950e-01,-9.487493917890445216e-02,-1.829572168195243154e-01,-1.179453428959979649e-01,-1.046063101044499566e-01,-1.188432442176415027e-01,-1.556145724949350717e-01,-7.092779442109030386e-02,-1.065625765073251602e-01,-8.987323390530012335e-02,0.000000000000000000e+00,-8.081027409097640835e-02,0.000000000000000000e+00
2.744088117178475252e-03,0.000000000000000000e+00,-2.368558308742897689e-02,0.000000000000000000e+00,1.731636019743950554e-03,-1.240962830758458729e-01,-1.119155838606491066e-01,4.784649784516018661e-02,-5.203560977242562002e-02,-1.033256870195892879e-02,-1.007254139124221098e-01,1.455626936319116133e-02,-3.411204356387645409e-02,-3.887254577007482476e-02,5.559627270270552091e-02,-3.964985881781943333e-02,2.612621738681566302e-02,1.769833461220950144e-02,-9.253263275057500847e-02,9.437386545951179095e-02,-9.606112324517296353e-02
1.208472060867417548e-02,7.284158442569266256e-02,-2.115262812257177605e-01,-5.497838462222685851e-02,-1.073975443949393427e-01,-1.649984347188354905e-01,-7.472991599018620479e-02,7.411954771309596512e-02,-3.015811039379755198e-02,1.710638537439672022e-02,-6.612174408632957856e-02,-5.214559337700617331e-02,-1.352537247959726199e-02,4.266968876141550432e-02,1.904484048367216867e-02,0.000000000000000000e+00,-1.615782991766220519e-02,5.742189809208889106e-02,0.000000000000000000e+00,-7.997045873082980760e-02,-2.023250189462907633e-01
-1.307513728102500661e-01,-7.176802035353502252e-02,-8.626129532546898682e-02,-6.480751151684005507e-02,-7.961622712863475337e-02,-8.480821726300125096e-02,-7.104504911801257094e-02,-1.837653480456194824e-02,-5.243317645454555892e-02,-1.108437826869831111e-01,-5.679336390094409659e-02,-9.358243875285914004e-02,0.000000000000000000e+00,-7.524426357944587196e-02,-6.709120865852692683e-02,-1.810397630022245186e-01,-4.920861885324879365e-02,0.000000000000000000e+00,0.000000000000000000e+00,-1.248070929850260968e-01,-7.677334780877963227e-02
-1.737299700611465714e-01,0.000000000000000000e+00,0.000000000000000000e+00,0.000000000000000000e+00,0.000000000000000000e+00,-7.296730882038951482e-02,0.000000000000000000e+00,0.000000000000000000e+00,-1.711919707498829046e-01,-2.647967526976758301e-01,-7.431384632134226120e-02,-1.658119441989540643e-01,-2.256408339274950103e-01,0.000000000000000000e+00,-8.380572958256772564e-02,-1.031763135484893984e-01,-1.731544538518199061e-01,-7.935750972311779450e-02,-3.798102715649799566e-02,-3.526787637106737483e-01,-1.110550571651437585e-01
-5.649830019420532673e-02,-3.518099428866447997e-01,0.000000000000000000e+00,-4.283686877701870649e-02,5.623571875227670325e-02,-9.564430932575609945e-02,0.000000000000000000e+00,2.907504601023098642e-02,-2.680519221673720309e-02,-3.892110874190377046e-02,4.428154435512483833e-02,-1.369610770092108132e-01,-1.171513422253833842e-01,3.266457969685720303e-02,3.003460920575444851e-02,0.000000000000000000e+00,0.000000000000000000e+00,4.234547698556515721e-02,5.556452352778320364e-02,0.000000000000000000e+00,0.000000000000000000e+00
0.000000000000000000e+00,-6.878363758140562667e-02,-1.428403745856413054e-01,0.000000000000000000e+00,0.000000000000000000e+00,-9.191057586602857654e-02,0.000000000000000000e+00,0.000000000000000000e+00,-1.713123113296252387e-01,-9.080325542115652571e-02,-5.996782660135228926e-02,-6.904486742292353929e-02,-7.276989649152727779e-02,0.000000000000000000e+00,-7.551005146395674272e-02,-7.188579159322372458e-02,-1.459110787624033623e-01,-9.537711150826456985e-02,0.000000000000000000e+00,-1.467407613124508403e-01,0.000000000000000000e+00
0.000000000000000000e+00,-6.004833341093064603e-02,9.113163511380393406e-03,0.000000000000000000e+00,0.000000000000000000e+00,-5.720740057202020751e-02,-1.633037578694091288e-02,-1.157932642867368911e-01,-8.801371278532969800e-03,-5.221233817252791259e-02,-2.136213526995521181e-02,-6.485159717092416065e-02,-5.648964922655200921e-02,0.000000000000000000e+00,-5.086840145973038629e-02,-3.998043741212849167e-02,-4.736000060016935798e-02,-1.796056226188689486e-01,9.066597723458103344e-03,-8.067239805186683307e-03,-9.409849364501191027e-02
0.000000000000000000e+00,0.000000000000000000e+00,0.000000000000000000e+00,0.000000000000000000e+00,-1.006538520685252430e-01,-5.977008530851067591e-02,0.000000000000000000e+00,-1.038173413693248559e-01,-1.025643161726755292e-01,-1.347493789231012096e-01,-4.295703470912510258e-01,0.000000000000000000e+00,0.000000000000000000e+00,0.000000000000000000e+00,-1.080250847747927234e-01,-6.983717614787408878e-02,-1.706226024095426619e-01,-1.903409143364272471e-01,0.000000000000000000e+00,-7.596572572178482419e-02,-8.589519094955254397e-02
4.737094040750876311e-02,0.000000000000000000e+00,0.000000000000000000e+00,-8.972510564890028364e-03,5.176898345890194875e-02,1.026006227792601415e-02,6.369510088868894637e-02,5.328723328267211123e-02,-4.795046473468123072e-03,6.861649590418118783e-02,-5.892804653007741728e-02,-1.268569850272152078e-01,5.915247018108956562e-02,2.424824304658468321e-02,6.494667653781903416e-02,9.190926623514102112e-02,-8.728007405296380958e-03,-6.796699960832906090e-03,-1.648243656213883163e-02,3.921442704389437733e-02,-7.323060068742828777e-02
0.000000000000000000e+00,0.000000000000000000e+00,-2.568074179498827103e-01,0.000000000000000000e+00,-2.564837002709487446e-01,-8.600709151584701173e-02,-9.804970731796043559e-02,-8.594272626181113928e-02,1.309855174534088618e-02,-7.879928710723893559e-02,0.000000000000000000e+00,-1.079306399557946328e-01,-4.379708035687544104e-02,-2.487851800918310444e-02,3.288838526817626506e-02,-4.550736795944847202e-02,-1.720116325449199401e-01,-6.749304336106831670e-02,-8.065263358310743869e-02,0.000000000000000000e+00,-3.012582902152594055e-01
0.000000000000000000e+00,0.000000000000000000e+00,0.000000000000000000e+00,-1.959954771276797292e-01,-9.624669812111665002e-02,-1.280109935972607582e-01,-5.939468068044029964e-02,0.000000000000000000e+00,-7.761182083147012689e-02,-5.926267448893483836e-02,-9.175914578176604108e-02,-8.162524728746002600e-02,-1.988795629005173649e-01,-2.159213080515723360e-01,-2.061446973595790211e-01,-1.532558305097538875e-01,-1.948073785641952771e-01,-1.014585929265939546e-01,-2.328863495991169708e-01,0.000000000000000000e+00,-2.241131963368918623e-01
0.000000000000000000e+00,-2.213580553147962704e-01,1.757914768733385633e-02,3.564582962154843465e-02,-9.865211547893534827e-03,-3.370569986069984342e-02,3.082774552594634218e-02,-1.808037400781316306e-02,-1.399438384114077422e-02,-9.467475685545947636e-03,-1.183019618162844955e-02,-1.753703752969643787e-02,-4.961531548662165975e-03,-1.178552067780912725e-02,-4.509413916392970151e-02,-2.294226674083010842e-02,5.998061512156299853e-03,-5.726522815212901907e-02,9.505947231777114263e-04,-4.797774740173885166e-02,-1.363469812219370025e-01
0.000000000000000000e+00,0.000000000000000000e+00,-1.219391011281329568e-02,2.639910990753567555e-02,1.166878698559544944e-02,-6.812834106041300297e-02,0.000000000000000000e+00,5.673367655467839200e-03,-3.000792648516581451e-02,6.962738448945599880e-04,-2.481308845221362122e-02,1.073859993360580696e-02,-1.031362457891796536e-01,0.000000000000000000e+00,-1.171555850664172532e-01,-3.906196766326756192e-02,7.120407032633786770e-03,7.137394329955918737e-04,-1.897025720122461415e-02,-9.298962835721352738e-02,-2.976737090791509166e-01
-6.234565426479155015e-02,-9.212719004336758499e-02,0.000000000000000000e+00,-1.023685871307709189e-01,-8.793755886779074105e-02,-8.485809529189836109e-02,-7.487805413737001758e-02,0.000000000000000000e+00,0.000000000000000000e+00,-9.228673202504045214e-02,-8.293699739247967218e-02,0.000000000000000000e+00,-8.584189806879355400e-02,-1.047019764443541667e-01,-9.284925801568383319e-02,-8.367348423896361909e-02,-1.700198266585726536e-01,-1.275349733071317326e-01,0.000000000000000000e+00,0.000000000000000000e+00,-6.130869280070873339e-02
-2.429340929239317548e-01,1.724766471216211683e-02,-8.790947376661868706e-03,-7.642615559913670809e-02,-9.759019601678771416e-02,-5.403719113080037578e-02,-2.041946987683341819e-01,-2.383783846335356393e-02,-1.826211583722359838e-02,9.073320017569112134e-03,-6.424336992665631227e-03,-4.472806047914767991e-02,1.593490069383794380e-02,0.000000000000000000e+00,2.078100194288526673e-02,0.000000000000000000e+00,-5.859652201618376077e-02,-1.841283501939302604e-03,-7.124418749178705601e-02,0.000000000000000000e+00,-7.851454113605312035e-02
0.000000000000000000e+00,-4.005331653755298676e-02,0.000000000000000000e+00,0.000000000000000000e+00,-2.778327413931218348e-02,-8.262344893870857132e-02,0.000000000000000000e+00,-6.332220998362897424e-02,-1.317713252384100364e-01,-5.081651301891795813e-02,0.000000000000000000e+00,-3.166787492751883537e-01,-2.618798490484708918e-01,-1.941736043123351574e-01,-2.861330924418330549e-02,-9.490150834151714343e-02,-1.436841868730889260e-01,-8.263003955176642656e-02,-5.082101762081638052e-02,-2.292786086468826534e-01,-1.517700034894850780e-01
-1.368663617863127326e-02,-1.927668630768487879e-02,0.000000000000000000e+00,0.000000000000000000e+00,-1.478902024569794804e-01,-5.309593036350968714e-02,-9.311515755239581360e-02,0.000000000000000000e+00,-2.514803739726826151e-02,-1.801727745576247319e-01,-2.986427531607451225e-01,1.511659325137249682e-02,-6.793766200813244893e-02,0.000000000000000000e+00,-2.707483743021887879e-02,0.000000000000000000e+00,-1.358674198316998927e-01,-1.208281797201587043e-01,-1.065014453424881768e-01,-1.269033674732661654e-01,0.000000000000000000e+00
0.000000000000000000e+00,0.000000000000000000e+00,0.000000000000000000e+00,-9.618462073548977864e-02,-4.023137254292277754e-02,-5.906436213335805596e-02,0.000000000000000000e+00,-1.051094551313365849e-01,-7.098884050219016195e-02,-6.759405528326316304e-02,2.795199191397954377e-02,-8.281315060434771280e-02,-8.172697018088691256e-02,0.000000000000000000e+00,-2.109164736074170265e-01,-1.885575093532990132e-01,-9.407825453251700276e-02,-5.334717576014032930e-02,-7.224788967081217927e-02,0.000000000000000000e+00,0.000000000000000000e+00
-3.197985286357025309e-02,0.000000000000000000e+00,-1.014782909520726278e-01,-7.298111089817400920e-02,-2.599164193226028430e-01,-1.345398215709162348e-01,4.573908695974993749e-02,-4.020390532924136839e-02,-1.253806985390046660e-02,4.635258912534904151e-03,6.090764029583185801e-02,-5.579089532682757896e-02,-5.644237547929200488e-02,-3.124980050314514132e-02,4.077759371903328517e-02,-3.517258757473600006e-02,3.933997050643058685e-02,-1.887678779705629847e-02,2.053824769390779834e-02,-9.481020917222851216e-03,0.000000000000000000e+00
0.000000000000000000e+00,0.000000000000000000e+00,0.000000000000000000e+00,-1.134333744118931203e-01,0.000000000000000000e+00,-1.198240068917383050e-01,-7.852488636052006032e-02,0.000000000000000000e+00,-1.226030760027902455e-01,-7.822200611399143799e-02,-4.891193877814893620e-02,-1.294392519620495008e-01,-2.929541670201870063e-01,0.000000000000000000e+00,-1.078419208369928717e-01,-1.068540203277583145e-01,-1.198443304292703404e-01,-1.212738160066154647e-01,-5.662729673336772823e-02,-1.955667552481511473e-01,-7.495544610107053585e-02
-5.664770003790717962e-02,-1.222471815681577534e-01,0.000000000000000000e+00,0.000000000000000000e+00,0.000000000000000000e+00,-1.602960211959587322e-01,-4.923668884913862814e-02,-9.746322450407292337e-02,-9.314907691125332012e-02,-2.355231741760233088e-01,0.000000000000000000e+00,-1.187634779830451515e-01,-1.450845823738362572e-01,7.118434015234594014e-02,5.424185851289565520e-03,-3.549408123690168948e-02,6.382074481753841066e-02,1.914290852269733001e-02,0.000000000000000000e+00,0.000000000000000000e+00,0.000000000000000000e+00
-1.239078297886657409e-01,0.000000000000000000e+00,-6.960913102112982476e-02,-2.174186895638099970e-01,0.000000000000000000e+00,-8.183280156032703145e-02,-1.166752243451956300e-01,0.000000000000000000e+00,0.000000000000000000e+00,-1.265150274174323963e-01,0.000000000000000000e+00,-1.564863416519930439e-01,-9.583994532025560953e-02,-9.948462478918362883e-02,-7.927641639467919443e-02,-1.606804159318877545e-01,-9.476069973825165804e-02,-3.516960241595046277e-02,-9.618063591667160017e-02,0.000000000000000000e+00,-6.781245244340762535e-02
-1.172286576095471072e-01,-1.514640526101256879e-01,0.000000000000000000e+00,0.000000000000000000e+00,-8.354482545168200047e-02,-7.093228829728957796e-02,-1.601928240410402937e-01,-7.661726379588329472e-02,-1.488191775499426439e-01,0.000000000000000000e+00,0.000000000000000000e+00,-9.265489755139655337e-02,-1.320342836672969422e-01,0.000000000000000000e+00,-8.403269131424091765e-02,-6.933345126209362885e-02,-7.111386713192545395e-02,-1.392506505018872021e-01,0.000000000000000000e+00,-1.130135377366218857e-01,0.000000000000000000e+00
-6.733484698357758425e-02,0.000000000000000000e+00,-3.349335325029014765e-01,0.000000000000000000e+00,-8.100876838018807036e-03,-6.650762038372926011e-02,4.010231192609129552e-02,4.930565046855919092e-02,1.707868466454296602e-03,5.166859272607967485e-02,3.005682023621335588e-02,-4.471887312383684976e-02,-7.140113420826872670e-02,-5.764539057716485532e-02,-5.002120491122467004e-03,-3.439583045509233411e-02,5.530210156532384264e-02,5.436910955640143067e-02,-1.854789751390130415e-02,4.077259323978684770e-03,0.000000000000000000e+00
-6.091828319958215998e-02,-2.098311228232967451e-01,0.000000000000000000e+00,0.000000000000000000e+00,-5.647317654884326243e-02,-6.225745395008324135e-01,0.000000000000000000e+00,0.000000000000000000e+00,-4.442531968830614603e-02,-8.258187963153834632e-02,-9.399687730714384459e-02,-7.215248786156779059e-02,-1.040568411145005034e-01,0.000000000000000000e+00,0.000000000000000000e+00,-7.908474940267973263e-02,-7.740145899404153595e-02,-1.623245643633785262e-01,0.000000000000000000e+00,-6.509822976457482757e-02,0.000000000000000000e+00
-7.189624910629890953e-02,-1.083213944034950998e-01,-1.073830462056571122e-01,0.000000000000000000e+00,-1.551527732573176055e-01,-2.216599028757867407e-01,-9.323583325893060325e-02,-5.044684683115027019e-02,1.862716100776705755e-02,-1.123245498496636130e-01,-9.984555815238108090e-02,-6.900647957721930958e-02,-1.280941964053835258e-01,0.000000000000000000e+00,0.000000000000000000e+00,-6.937302038262752046e-02,-8.398139091661253886e-02,-6.672673683859463301e-02,-1.769759544937553053e-01,-2.721199799586326296e-01,0.000000000000000000e+00
