1.109048288228907386e-02,6.894754970046942412e-03,0.000000000000000000e+00,-5.752268454982121387e-02,-3.962380594090444269e-02,-1.156393446614046999e-01,0.000000000000000000e+00,-5.300752126416725940e-02,2.264721315474340496e-02,9.347918465938222232e-03,0.000000000000000000e+00,-1.930707247458382236e-01,-8.706084590483777197e-02,4.522927063894499611e-02,6.458745140520000261e-02,-5.168344329943347359e-02,2.840043481876044704e-03,-3.149763422496509868e-03,-9.435779861475619701e-02,4.691185894926482025e-02,-1.951420258186640500e-01
0.000000000000000000e+00,-1.090203382082613331e-01,-1.640385662665309052e-01,-1.294596287453310957e-01,-3.133347994430119021e-01,-1.687608296656097906e-01,-2.085094176409996447e-01,0.000000000000000000e+00,-8.791077824883246350e-02,-1.410398389239269357e-01,-2.646457685099679047e-01,0.000000000000000000e+00,-1.553985467650234598e-01,0.000000000000000000e+00,-1.654758665183247990e-01,-1.452834324769384233e-01,-1.201679770561080857e-01,-6.467357047846980511e-02,-1.597054774474986616e-01,-7.211759756253176279e-02,-1.026124609905688795e-01
-7.099695765978795980e-02,0.000000000000000000e+00,-1.789213066508409111e-01,-1.979115320629956931e-01,-9.487176065824987070e-02,-1.331328290463002217e-01,-1.277623006816337725e-01,-9.794175629117164716e-02,-1.353826142694206092e-01,-1.581594545556798959e-01,-1.111201194206509202e-01,-1.381882442172994718e-01,-2.027138387556864652e-01,-2.136179653024857794e-01,-1.227548969443467142e-01,0.000000000000000000e+00,-1.142843610575406260e-01,-1.626417371277590618e-01,-1.748821033744296927e-01,-1.464450880791802467e-01,-1.105892677897830634e-01
-9.787453226852751986e-02,0.000000000000000000e+00,0.000000000000000000e+00,-1.535032135921790553e-01,-1.947844540823602255e-01,-9.181230329770123655e-02,-1.086282119719309963e-01,-6.148286839204303994e-02,-1.231838628509844269e-01,0.000000000000000000e+00,1.161021943786115923e-01,-1.100141108946638829e-01,-1.259883301165675151e-01,0.000000000000000000e+00,-1.207168467131339434e-01,-1.722358638389825392e-01,-1.533118502822752582e-01,-1.371223057582960508e-02,-1.472702050420876263e-01,-1.390276483709872724e-01,-1.516045777681827300e-01
-2.034316763225720026e-01,-8.093273011332770273e-02,-9.430242908936978252e-02,-8.069768403887146724e-02,-8.858745217236287106e-02,-1.575873794914791903e-01,-1.930161757372763909e-01,0.000000000000000000e+00,-1.428217267870806328e-01,-1.194796433635762489e-01,-3.768513511255440762e-01,-9.530252448906176288e-02,-2.086416781574061130e-01,0.000000000000000000e+00,-1.340559959887815955e-01,0.000000000000000000e+00,-1.202792335570044002e-01,-1.026676516104284842e-01,-2.002734590332626852e-01,-1.473748267099325160e-01,-1.582121587230832238e-01
0.000000000000000000e+00,0.000000000000000000e+00,-1.424723033248786186e-01,0.000000000000000000e+00,-1.475929022764302656e-01,-1.711888986791297862e-01,-8.316636812388783495e-02,0.000000000000000000e+00,-2.159897633492600388e-01,-1.378556602609911641e-01,-1.544435656885864983e-01,-1.827735204246350165e-01,-1.963471226343581344e-01,-1.606664619605128463e-01,-2.885142072761401888e-01,-1.849068319996752530e-01,-2.385831998553899214e-01,-1.295574211938526343e-01,-1.078775248767721989e-01,-8.226183239037869466e-02,-8.996970483370825278e-02
0.000000000000000000e+00,0.000000000000000000e+00,-2.043611631162948472e-01,-2.703692442354728165e-01,-1.062870872907848152e-01,-3.464536942592553181e-01,-7.898826954772499020e-02,-1.047318618860725581e-01,-1.671655241902861300e-01,-9.667332888321786277e-02,-1.186795709597268655e-01,-2.027219565733755502e-01,-7.704107180529200238e-02,0.000000000000000000e+00,-7.447317277349611853e-02,-7.496400448620647861e-02,-8.542945266587669007e-02,-1.388639525402865227e-01,-9.347355847000350659e-02,-1.821010499995652510e-01,-2.025708943887234992e-01
0.000000000000000000e+00,-5.715776947278623094e-02,0.000000000000000000e+00,-1.470113488943560476e-01,-1.025087970504080098e-01,-9.996148528331491590e-02,0.000000000000000000e+00,-2.005462654062482083e-03,-1.707031042845400526e-01,0.000000000000000000e+00,-9.764556876850907785e-02,0.000000000000000000e+00,0.000000000000000000e+00,0.000000000000000000e+00,-1.761679040300709598e-01,-1.917622684057584403e-01,-5.988125417625755897e-02,-1.605427263611925170e-01,-1.503730135325048178e-01,0.000000000000000000e+00,-1.982366647701839235e-01
0.000000000000000000e+00,0.000000000000000000e+00,4.870810903301146105e-02,-4.338677917839244280e-01,-2.172107842609777989e-02,1.730397464591826653e-02,-7.870932214980926045e-02,-1.084978738607649956e-01,-5.569520534679527068e-02,-6.207110324982475363e-02,-1.259246925351845403e-01,1.228250829154394069e-01,0.000000000000000000e+00,0.000000000000000000e+00,6.459988121168450115e-02,4.909321052823845122e-02,4.993121887762633909e-02,-2.011276436621181052e-01,-5.395045629051933855e-02,0.000000000000000000e+00,-1.974321813489004485e-01
0.000000000000000000e+00,1.086670559730607555e-01,7.544900281884830799e-03,6.750361792262975225e-02,-2.858322281062535344e-02,8.493462207284786791e-02,0.000000000000000000e+00,6.765290899591978879e-02,5.547373345790348326e-02,2.093047498010612226e-02,-9.846245661243228919e-02,0.000000000000000000e+00,0.000000000000000000e+00,3.084490220887826928e-02,-4.643241678095548497e-02,1.225179076643273662e-01,1.010620369699554155e-01,0.000000000000000000e+00,-2.972971869080665366e-02,0.000000000000000000e+00,0.000000000000000000e+00
-1.499574445100168296e-01,-1.218467286582767400e-01,0.000000000000000000e+00,-5.792873843460012717e-02,-1.580792407411396039e-01,-1.403144118979048408e-02,0.000000000000000000e+00,-1.973263974212829952e-01,-2.851526737842517353e-02,-2.071393034494855012e-01,-1.142872937667413213e-01,5.612865375975105431e-02,0.000000000000000000e+00,-5.377067377509604784e-02,2.991933329961662946e-02,-8.195976343130396968e-02,-1.916139686316553903e-01,-1.721584322780738696e-01,-1.640259358695876357e-01,-1.687853772697597010e-01,0.000000000000000000e+00
-7.873192650287387517e-02,-2.371557424342799203e-01,0.000000000000000000e+00,0.000000000000000000e+00,-2.386609696653501367e-01,-7.660787118736211987e-02,0.000000000000000000e+00,0.000000000000000000e+00,0.000000000000000000e+00,-1.695479448614703455e-01,-1.242523651003348273e-01,-1.948800954863758872e-01,-1.707617492951265248e-01,-1.706631816183016292e-01,0.000000000000000000e+00,-4.699933062440257714e-02,-1.773460521586912864e-01,0.000000000000000000e+00,-1.025233078206784498e-01,0.000000000000000000e+00,0.000000000000000000e+00
-1.747161831576979629e-01,0.000000000000000000e+00,-1.635074895141648832e-01,-1.250986994522844675e-01,-1.789809486402614280e-01,-1.617552041295766407e-01,-4.864082453941396406e-02,0.000000000000000000e+00,0.000000000000000000e+00,-6.691042384987218317e-02,0.000000000000000000e+00,-1.429905150146803250e-01,-5.920287799691761887e-02,0.000000000000000000e+00,0.000000000000000000e+00,-1.736981693215375600e-01,-1.440146042060229670e-01,0.000000000000000000e+00,-1.174291323145958826e-01,0.000000000000000000e+00,0.000000000000000000e+00
-2.105543031167598778e-01,0.000000000000000000e+00,0.000000000000000000e+00,0.000000000000000000e+00,0.000000000000000000e+00,-6.842036322187249053e-02,0.000000000000000000e+00,0.000000000000000000e+00,-8.599423137734663047e-02,-1.957148240476895840e-01,0.000000000000000000e+00,-4.742807612307171627e-01,-1.604071604221798675e-01,0.000000000000000000e+00,-1.465864130202340909e-01,-7.706047379319951041e-02,-9.199414368180706958e-02,-5.237742385196254846e-02,-9.901037955552671743e-02,0.000000000000000000e+00,0.000000000000000000e+00
-3.310253256076751138e-01,0.000000000000000000e+00,-2.858386026553761949e-01,-1.329166910099484900e-01,-1.112004071270454170e-01,0.000000000000000000e+00,-1.087849342825414484e-01,0.000000000000000000e+00,-1.472175726994904288e-01,-9.144776708319396485e-02,-6.665330973455783903e-02,-2.574299976157909953e-01,-1.594601200227752091e-01,-2.301393931130092940e-01,-2.019528792791301930e-01,-1.723831397068839866e-01,-6.451362897570950272e-02,-9.826872630319699597e-02,-9.216778278357473653e-02,0.000000000000000000e+00,0.000000000000000000e+00
6.508736708100382184e-02,2.032421654659209015e-02,0.000000000000000000e+00,-1.213596675462658842e-01,-7.692852088307043645e-02,-1.362862958055698626e-01,0.000000000000000000e+00,1.128477036004933189e-02,3.292006234771210904e-02,2.475140406847559094e-02,0.000000000000000000e+00,5.627530355172936233e-02,-1.065360180396933837e-01,-8.237641427536580851e-02,7.453085873721887467e-02,3.254133694538725863e-02,-2.984249663809704703e-02,1.706103390987549762e-02,-9.104181931213391199e-02,-3.492025122448991215e-02,-1.878722106962207594e-01
-1.911465834621281501e-01,7.000077885372701925e-02,0.000000000000000000e+00,0.000000000000000000e+00,0.000000000000000000e+00,5.828696712235395538e-02,0.000000000000000000e+00,0.000000000000000000e+00,-4.376498544104235992e-03,-1.139763134147767643e-01,0.000000000000000000e+00,5.759706199149703526e-02,-2.497800389869821447e-01,0.000000000000000000e+00,0.000000000000000000e+00,-1.368891192805939683e-01,-1.054196842663934347e-01,-1.664633355988891783e-01,-8.644231816999591034e-02,0.000000000000000000e+00,-1.000072417851177869e-01
-9.426383520700466756e-02,-1.302728473759693639e-01,0.000000000000000000e+00,-9.928477283297035272e-02,-6.108183195483420785e-02,2.267804923245331228e-02,0.000000000000000000e+00,0.000000000000000000e+00,-1.639586435986557789e-01,-9.848929325174288207e-02,9.405055809179163617e-03,0.000000000000000000e+00,0.000000000000000000e+00,-1.928917740931698765e-01,-3.343631819041056191e-02,-1.758472051590518059e-01,0.000000000000000000e+00,-1.749810754620254316e-01,0.000000000000000000e+00,0.000000000000000000e+00,-1.954610647881560026e-01
0.000000000000000000e+00,4.127627961405524321e-02,0.000000000000000000e+00,3.152658556682440966e-02,-2.636015692376285705e-02,9.695150645023591432e-03,0.000000000000000000e+00,-7.635933294854176101e-02,-1.035431853664620788e-02,-1.679345506346235917e-01,1.873954566522140208e-02,3.776390786326893484e-02,0.000000000000000000e+00,0.000000000000000000e+00,8.514965247139365603e-03,8.903758259720871704e-02,7.246079943808737822e-02,-7.602474625472138703e-02,-1.396521087361431990e-01,-7.949910988113797518e-04,-9.927864051172630155e-02
-1.487667063398129541e-01,0.000000000000000000e+00,0.000000000000000000e+00,-1.030982462474315242e-01,0.000000000000000000e+00,-1.392014288822018553e-01,0.000000000000000000e+00,1.153741619348929714e-01,0.000000000000000000e+00,7.800715248380583194e-03,0.000000000000000000e+00,-1.736132909333575614e-01,0.000000000000000000e+00,-1.070912671546489642e-01,-1.742828381493961853e-01,-6.654024697357080464e-02,-3.491810757504557050e-02,0.000000000000000000e+00,-1.017380994070831990e-01,-1.847263718053223647e-01,-9.168697387645090291e-02
0.000000000000000000e+00,0.000000000000000000e+00,-1.462005326322518561e-01,0.000000000000000000e+00,0.000000000000000000e+00,-1.819047289531317835e-01,-8.840456699144197406e-02,0.000000000000000000e+00,-7.348433033756988919e-02,-8.766414173489714412e-02,-1.532600089087716722e-01,-1.996951290143692548e-01,0.000000000000000000e+00,-2.778092351543360872e-01,-1.589859404975527413e-01,-1.539988359166455656e-01,-1.668880975242599818e-01,-1.755211012491378897e-01,-1.310053804861542603e-01,-1.764635972699638844e-01,-1.269036987971863262e-01
-1.147740251422069147e-01,0.000000000000000000e+00,0.000000000000000000e+00,0.000000000000000000e+00,-1.219029401597859219e-01,-2.080569473824398774e-01,-1.663106111811763765e-01,0.000000000000000000e+00,0.000000000000000000e+00,-7.487562629778486689e-02,-2.748885226252212322e-01,-6.660770190680646852e-02,-1.884921650665550841e-01,0.000000000000000000e+00,-1.219504999472430934e-01,0.000000000000000000e+00,-1.367633744317221511e-01,0.000000000000000000e+00,0.000000000000000000e+00,0.000000000000000000e+00,0.000000000000000000e+00
-6.183605840112185725e-02,0.000000000000000000e+00,0.000000000000000000e+00,1.853956799839806546e-02,1.161712343199104887e-02,-1.693043954115136251e-01,0.000000000000000000e+00,-1.584080351285082483e-02,-2.519371822224366481e-02,-7.926114256197934471e-02,-8.993755197709644988e-02,0.000000000000000000e+00,-1.089838870982258734e-01,0.000000000000000000e+00,-2.057913120478734037e-02,4.160310084162761185e-02,1.129016969045797472e-02,2.506934572310598811e-02,-7.490173757726419079e-02,0.000000000000000000e+00,0.000000000000000000e+00
-7.730225995730781452e-02,0.000000000000000000e+00,0.000000000000000000e+00,0.000000000000000000e+00,0.000000000000000000e+00,-7.430508551076414614e-02,-1.069761361436114555e-01,0.000000000000000000e+00,-9.767410114885491379e-02,0.000000000000000000e+00,8.528091154025159437e-02,-1.551799857195312604e-01,-2.801883783400498373e-01,0.000000000000000000e+00,-1.052697533488842485e-01,-8.805629686616762986e-02,0.000000000000000000e+00,4.842162683691628861e-02,0.000000000000000000e+00,0.000000000000000000e+00,-1.955462395522034602e-01
-9.492757318808373035e-02,0.000000000000000000e+00,-1.075137835368808054e-01,0.000000000000000000e+00,0.000000000000000000e+00,-2.022326103096688255e-01,0.000000000000000000e+00,0.000000000000000000e+00,2.502240802466854791e-02,-8.372019640738304069e-02,-1.008111257177079639e-01,0.000000000000000000e+00,0.000000000000000000e+00,-2.488866706721772071e-02,-3.190667052572696005e-02,-9.268600532880263976e-02,-2.294241952668961068e-02,-1.228048006662585401e-01,-1.389217564505190461e-01,0.000000000000000000e+00,-9.081143250429550562e-02
0.000000000000000000e+00,-6.852337424427645818e-02,-1.141293475271840385e-01,-3.730075760593860174e-02,0.000000000000000000e+00,-2.062750329148487893e-03,0.000000000000000000e+00,0.000000000000000000e+00,0.000000000000000000e+00,-6.116589849340179491e-02,-9.936862620633450660e-02,0.000000000000000000e+00,0.000000000000000000e+00,-4.869820292212530960e-02,-8.968515775623976671e-02,-1.059468555464002926e-01,-7.284081050470830876e-02,-2.460435266400374799e-01,0.000000000000000000e+00,-1.581565671728726308e-01,-1.826106972100402237e-01
-5.893062119052420306e-02,-2.152658784724302554e-01,0.000000000000000000e+00,-3.728583496538953601e-01,-1.456715877905405965e-01,-1.435163538447416232e-01,-1.582381501929955581e-01,0.000000000000000000e+00,-1.592017854570914326e-01,-6.750164030771860224e-02,-1.006996646513845795e-01,-1.350660667097589307e-01,-1.665311303203021454e-01,-1.769756369716546096e-01,-1.708182029781217526e-01,-2.043650718384945053e-01,-7.429563364269324566e-02,-1.415880205214616883e-01,-1.030500876365382373e-01,0.000000000000000000e+00,-1.107539962977290848e-01
0.000000000000000000e+00,-7.370339099620243362e-02,0.000000000000000000e+00,-1.468229017926881153e-01,-9.407879696253129698e-02,-6.109132699517006576e-02,0.000000000000000000e+00,0.000000000000000000e+00,0.000000000000000000e+00,0.000000000000000000e+00,1.104794553915437565e-02,-1.338402400898621725e-01,0.000000000000000000e+00,-1.215601497966957711e-01,-5.316277378453899277e-02,-1.943536220236078971e-01,-1.009415817633318307e-01,-2.189969776777685451e-01,-6.593183714553861596e-02,-1.061609474135980641e-01,-4.243328692378330741e-02
0.000000000000000000e+00,0.000000000000000000e+00,0.000000000000000000e+00,3.858784399553767674e-02,-1.862954264513953240e-01,-1.123206824483364147e-01,-1.636692512444941697e-02,0.000000000000000000e+00,0.000000000000000000e+00,-2.188124690706707773e-02,-1.112464357611097771e-01,-7.809422603005451713e-02,-2.527439703372544866e-01,-1.156208348132284347e-01,-2.917487112783852948e-02,5.878172143869454108e-02,-3.354549350291215898e-02,-1.576056358039723548e-01,0.000000000000000000e+00,-1.784022830035126295e-01,0.000000000000000000e+00
-1.308334046546480722e-01,0.000000000000000000e+00,-1.130836408714842589e-01,0.000000000000000000e+00,-8.682301108580808835e-02,-1.586493681125351607e-01,-1.307222806213643451e-01,-2.475248413672672676e-01,0.000000000000000000e+00,-1.319992119010267584e-01,0.000000000000000000e+00,-1.094998920787959157e-01,-8.770705676778006721e-02,-1.571717294513923779e-01,-2.418122280913906630e-01,-1.782385736903038531e-01,-2.005761208562790721e-01,0.000000000000000000e+00,0.000000000000000000e+00,-1.648054785000240274e-01,0.000000000000000000e+00
-5.242467684268044964e-02,0.000000000000000000e+00,0.000000000000000000e+00,-2.346215723042399948e-01,0.000000000000000000e+00,-9.274300327419872370e-02,-1.820170910374392936e-01,-1.484360326216238868e-01,-9.894155191938631966e-02,-9.178383927527522523e-02,-1.466532881759075868e-01,0.000000000000000000e+00,-2.040330356444697291e-01,-1.985949224293423465e-01,-2.002568383166205002e-01,-1.265221011351091718e-01,-8.938159317003346871e-02,-6.705222739806931953e-02,-6.553928114157726859e-02,-1.303866422051304652e-01,-1.396183038064765236e-01
0.000000000000000000e+00,0.000000000000000000e+00,-1.681768685847809808e-01,-1.717541473597757329e-01,0.000000000000000000e+00,-1.673178213125815494e-01,0.000000000000000000e+00,-5.902089358104627148e-02,0.000000000000000000e+00,-7.147872059093694774e-02,-5.915078842310721174e-02,0.000000000000000000e+00,0.000000000000000000e+00,0.000000000000000000e+00,-3.941426739319042749e-02,-1.439844078946055372e-01,-1.786415410796723668e-01,-1.405584976495920513e-01,-9.189192316626350332e-02,0.000000000000000000e+00,-6.307856064928010764e-02
8.543609221081195637e-02,-1.399352423358487391e-02,-1.110070056815361424e-02,-1.282012045573888148e-01,-7.805158562464031488e-03,-9.116177907523709267e-02,0.000000000000000000e+00,-2.475732246478041382e-02,3.256713821637560735e-02,-2.223816262246056802e-02,7.034419800580865578e-02,0.000000000000000000e+00,-1.228973466651490237e-01,5.619203284447860797e-02,0.000000000000000000e+00,2.000898745380022895e-02,2.776408053943923288e-02,1.683896655917966820e-02,-3.799164534863865711e-02,3.606583331330645570e-02,-6.008922566812206767e-02
-7.146780970469529537e-02,4.809346728345694627e-02,-9.140402107261008657e-02,-1.122376524973662942e-01,0.000000000000000000e+00,-1.295733926655029955e-01,1.247250463345584287e-01,-1.573348283596792130e-01,3.525738970746720297e-02,-7.299668422134120149e-02,-7.450281801818790794e-02,0.000000000000000000e+00,0.000000000000000000e+00,-3.746633188108183105e-02,-4.210289594822097525e-02,-7.261236342430801849e-02,0.000000000000000000e+00,-3.452860725008412117e-03,6.321601013933571267e-02,0.000000000000000000e+00,-9.320024374391215616e-02
-1.386620765150030909e-01,-1.811306347318509535e-01,-9.672255885962302568e-02,-1.409088879130210581e-01,0.000000000000000000e+00,-1.396083952152176177e-01,-1.797705734668360034e-01,0.000000000000000000e+00,-1.156547329764531368e-01,-1.107281258504570209e-01,-5.044446844629153770e-02,0.000000000000000000e+00,0.000000000000000000e+00,-1.196788248650304531e-01,-6.211579975373930640e-02,-2.828479249712531063e-01,0.000000000000000000e+00,-9.960823510591318430e-02,0.000000000000000000e+00,0.000000000000000000e+00,0.000000000000000000e+00
-3.911585360054697230e-02,0.000000000000000000e+00,-1.794152783643861715e-01,0.000000000000000000e+00,4.813594688156364043e-02,-1.464452270337565365e-01,0.000000000000000000e+00,0.000000000000000000e+00,-5.078653059476700982e-02,0.000000000000000000e+00,-5.773100330389016599e-02,-4.589433638508759461e-02,0.000000000000000000e+00,-3.166267219636722391e-02,-5.337271892816034674e-02,-7.618323469451609986e-02,0.000000000000000000e+00,-1.203384568592990311e-01,-8.076968530970030091e-02,1.829130981598127079e-02,-1.276740227582676412e-01
2.520284275929778398e-02,1.291496130783533099e-02,2.908516922039515798e-02,-4.282887530038159696e-02,-1.036015032349824200e-01,9.653446441646118537e-02,1.720601582478633890e-03,-1.091212918471215765e-01,-3.850164588352750737e-03,-2.392808719302441656e-02,-6.582917319282305391e-02,0.000000000000000000e+00,-1.930699285642517582e-01,3.974410299647301165e-02,-1.766144236132773451e-02,4.957900783557706893e-03,2.581818381029331311e-02,-1.613407886624476928e-01,-1.829531232793136508e-01,5.930902765475074695e-02,-1.527747374619252418e-01
0.000000000000000000e+00,0.000000000000000000e+00,-1.370800921895725666e-01,-4.580735556379895296e-02,-1.973277278209427110e-01,-7.048580846528418320e-02,-1.093881001749096304e-01,0.000000000000000000e+00,0.000000000000000000e+00,-8.911350361618880500e-02,-2.280859636624215925e-01,0.000000000000000000e+00,-9.797705105463117015e-02,-2.414631508972286955e-01,0.000000000000000000e+00,-1.410404706348363513e-01,-2.030439121429813698e-01,-9.452409134528363954e-02,0.000000000000000000e+00,-7.759776720242632375e-02,-1.728068173759503279e-01
0.000000000000000000e+00,0.000000000000000000e+00,0.000000000000000000e+00,-1.760119611415061347e-01,-2.010762102219876557e-01,-6.193516112960670977e-02,-2.220569528952492377e-01,-1.997804790805227659e-01,-6.680324968813633468e-02,-1.688763382365104371e-01,0.000000000000000000e+00,-1.110820354201679516e-01,0.000000000000000000e+00,-2.024750232722605237e-01,-2.245894295017395181e-01,-2.162167256808994187e-01,-2.748810670056063832e-01,0.000000000000000000e+00,-1.098111838278292840e-01,-1.645914023859192110e-01,0.000000000000000000e+00
0.000000000000000000e+00,5.534746841380176752e-02,-8.347680001962248797e-02,0.000000000000000000e+00,-5.374182414137125552e-02,-9.613388975240204359e-02,0.000000000000000000e+00,-2.295827943045778904e-02,-2.211670451584806241e-01,-1.911803275434942762e-03,1.938860473750189661e-02,-1.909114361679339067e-01,0.000000000000000000e+00,-1.555358625021100727e-01,-9.703732786032577551e-02,-1.730759690086610680e-01,-7.312100619431165238e-02,0.000000000000000000e+00,-1.204807088929324699e-01,0.000000000000000000e+00,-6.898078493637185837e-02
0.000000000000000000e+00,-1.135480125443579930e-01,0.000000000000000000e+00,-1.353499121840031350e-01,-9.257268268185184223e-02,0.000000000000000000e+00,-1.463904986460047852e-01,0.000000000000000000e+00,-1.733652552282625159e-01,-1.492445749694074619e-01,0.000000000000000000e+00,0.000000000000000000e+00,0.000000000000000000e+00,0.000000000000000000e+00,-1.261841896830344367e-01,-1.777809152230370449e-01,-1.976088756921313694e-01,-7.088034912235835483e-02,-1.581511522511206136e-01,-2.581921489938681091e-01,-1.411841833139725888e-01
-5.129515043173377836e-02,0.000000000000000000e+00,0.000000000000000000e+00,-1.909974079342511566e-01,0.000000000000000000e+00,-1.200178408384727502e-01,0.000000000000000000e+00,0.000000000000000000e+00,-2.563263366875475624e-01,-1.632804442126211120e-01,0.000000000000000000e+00,0.000000000000000000e+00,0.000000000000000000e+00,0.000000000000000000e+00,-2.054875946843278955e-01,-1.580851327827950681e-01,0.000000000000000000e+00,0.000000000000000000e+00,-1.988607760404506875e-01,0.000000000000000000e+00,-9.618024190341897817e-02
0.000000000000000000e+00,0.000000000000000000e+00,-3.458858388916330462e-01,0.000000000000000000e+00,0.000000000000000000e+00,0.000000000000000000e+00,-1.992695533708252476e-01,0.000000000000000000e+00,-1.203078349867007790e-01,-1.282472164047487595e-01,-2.018938097585974145e-01,0.000000000000000000e+00,0.000000000000000000e+00,0.000000000000000000e+00,0.000000000000000000e+00,-2.278774305869687711e-01,0.000000000000000000e+00,-9.165657128287930944e-02,-1.885661970005486077e-01,0.000000000000000000e+00,0.000000000000000000e+00
-8.810933841953859369e-02,0.000000000000000000e+00,0.000000000000000000e+00,-1.499788927081373291e-01,-1.991346427382549855e-01,-2.734696798174152121e-01,-3.673029736352151353e-01,0.000000000000000000e+00,-1.697708265485050050e-01,-1.632817514823420024e-01,0.000000000000000000e+00,0.000000000000000000e+00,-1.873742327514006378e-01,-2.007101461678875709e-01,0.000000000000000000e+00,-3.072516131799695738e-01,0.000000000000000000e+00,-1.305036878349810359e-01,0.000000000000000000e+00,0.000000000000000000e+00,0.000000000000000000e+00
4.627559393492237244e-02,0.000000000000000000e+00,-4.473501167077003071e-01,-7.851452682768828018e-02,7.417586715568479094e-02,-5.314477884378208949e-02,0.000000000000000000e+00,0.000000000000000000e+00,1.168383209963905767e-01,8.885056265558648192e-02,0.000000000000000000e+00,5.786281429043135804e-02,-1.094245260111376405e-01,0.000000000000000000e+00,-3.767536293732502012e-02,-3.358237578502334952e-02,0.000000000000000000e+00,0.000000000000000000e+00,-8.558580009723376625e-02,-5.206959181461485314e-02,0.000000000000000000e+00
-2.467882740249179307e-01,-1.771226788770808858e-01,0.000000000000000000e+00,-2.672900197207021544e-01,-1.148557741582448832e-01,-1.299000446764347894e-01,0.000000000000000000e+00,0.000000000000000000e+00,-1.929451451978044241e-01,-1.900524583444879179e-01,0.000000000000000000e+00,0.000000000000000000e+00,0.000000000000000000e+00,0.000000000000000000e+00,-1.516556295946463462e-01,-1.990078185489911056e-01,0.000000000000000000e+00,0.000000000000000000e+00,-1.789935739216173827e-01,0.000000000000000000e+00,0.000000000000000000e+00
0.000000000000000000e+00,-2.521737936761221932e-01,0.000000000000000000e+00,-1.249587852809758703e-01,0.000000000000000000e+00,-2.561505914279478824e-01,-2.479911803330801107e-02,0.000000000000000000e+00,-1.298070516060896018e-01,-2.255196096585236065e-01,-8.823970040622490518e-02,0.000000000000000000e+00,0.000000000000000000e+00,-2.056734595061684989e-01,-2.054483823213195115e-01,-1.957821300205972448e-01,-1.163895093907519884e-01,-1.469572782552979739e-01,0.000000000000000000e+00,0.000000000000000000e+00,0.000000000000000000e+00
7.636409351532125189e-02,5.379593024391055023e-02,0.000000000000000000e+00,0.000000000000000000e+00,0.000000000000000000e+00,-1.329832219716577668e-01,0.000000000000000000e+00,6.024762236414172439e-02,-1.589700663281140014e-01,0.000000000000000000e+00,-2.456707852182143659e-01,1.069340461530684551e-03,0.000000000000000000e+00,0.000000000000000000e+00,0.000000000000000000e+00,2.599140839699189132e-02,-7.192710926265162563e-02,-6.214320812789166787e-02,0.000000000000000000e+00,0.000000000000000000e+00,-1.009015327053504191e-01
-2.991646130408182752e-02,-2.974568311357797534e-01,0.000000000000000000e+00,-8.452082267640113888e-02,-1.700147283497630835e-01,-2.842871433615179466e-02,0.000000000000000000e+00,0.000000000000000000e+00,-1.641943232973581412e-01,-2.365817942803178919e-01,0.000000000000000000e+00,0.000000000000000000e+00,0.000000000000000000e+00,0.000000000000000000e+00,-2.014227990737840757e-01,0.000000000000000000e+00,-2.448823202460979551e-02,-9.924540147874399976e-02,0.000000000000000000e+00,-1.717817224055600001e-01,0.000000000000000000e+00
-9.873472104818636907e-02,0.000000000000000000e+00,-1.178173909489870497e-01,-1.357735727201700160e-01,-2.443094713607025237e-01,-1.921793618270978832e-01,0.000000000000000000e+00,0.000000000000000000e+00,-8.853812558764177776e-02,-1.476479603380344841e-01,0.000000000000000000e+00,0.000000000000000000e+00,0.000000000000000000e+00,0.000000000000000000e+00,-1.141724611012382151e-01,-1.732173024795052307e-01,-1.018454889257969787e-01,-1.660024469385572854e-01,0.000000000000000000e+00,0.000000000000000000e+00,-1.464990469699419262e-01
4.375370348984366359e-02,-4.295817959845888573e-02,-1.105007839703277400e-01,0.000000000000000000e+00,-1.840584890675044660e-01,0.000000000000000000e+00,-8.120023156239795925e-02,-1.291552647171345103e-01,0.000000000000000000e+00,-9.026969333716203248e-02,-5.458111507513761090e-02,-2.586742795459097410e-02,0.000000000000000000e+00,0.000000000000000000e+00,-1.024293499134017356e-02,3.489721061718464856e-02,-1.729148686205188579e-01,-9.705536224300582993e-02,-1.165202684048450427e-01,0.000000000000000000e+00,0.000000000000000000e+00
7.316491628651654311e-02,-3.924255884636153151e-03,0.000000000000000000e+00,-5.006765956031550974e-02,0.000000000000000000e+00,5.140347967890239456e-02,-1.361129556072316216e-03,0.000000000000000000e+00,8.206691920879211066e-02,0.000000000000000000e+00,0.000000000000000000e+00,-6.315023959580286228e-03,-1.289404592616987810e-01,6.731630248574708986e-02,0.000000000000000000e+00,3.041650486752473653e-02,8.818771026385256381e-03,-2.278172551120473659e-03,-4.676240814655660549e-02,0.000000000000000000e+00,0.000000000000000000e+00
-5.588471588766626141e-02,-8.875802218308535829e-02,0.000000000000000000e+00,0.000000000000000000e+00,0.000000000000000000e+00,0.000000000000000000e+00,-1.187991835671153990e-01,-7.482502472975761931e-02,0.000000000000000000e+00,-1.098359780864450047e-01,0.000000000000000000e+00,-8.328662543851152178e-02,0.000000000000000000e+00,0.000000000000000000e+00,-9.124389271022198544e-02,-6.257203721605508751e-02,-1.746428998254663523e-01,-7.343832165165151311e-03,-1.653269794491038780e-01,-1.989447377174816955e-01,-2.013620773318509916e-01
0.000000000000000000e+00,0.000000000000000000e+00,0.000000000000000000e+00,-1.237279960067039219e-01,0.000000000000000000e+00,-1.577216807948134958e-01,0.000000000000000000e+00,0.000000000000000000e+00,-1.225896127838668609e-01,0.000000000000000000e+00,0.000000000000000000e+00,0.000000000000000000e+00,0.000000000000000000e+00,-2.026488189038973819e-01,0.000000000000000000e+00,-2.173118058008548514e-01,-1.901054092612390056e-01,0.000000000000000000e+00,-2.277699798539987164e-01,-1.163992662704416842e-01,0.000000000000000000e+00
2.706208227802055222e-02,7.678715732516554204e-02,0.000000000000000000e+00,0.000000000000000000e+00,0.000000000000000000e+00,-1.429144566471989286e-01,-1.092418458248682195e-01,0.000000000000000000e+00,-1.760584908300336371e-01,-1.605079065937753124e-01,-1.568585929014052749e-01,0.000000000000000000e+00,0.000000000000000000e+00,4.460878084749026612e-02,-7.169008735369884755e-02,3.038992740970397621e-02,7.976358113039189179e-02,0.000000000000000000e+00,0.000000000000000000e+00,0.000000000000000000e+00,0.000000000000000000e+00
4.751407602438399019e-02,0.000000000000000000e+00,0.000000000000000000e+00,1.419771512424952177e-02,-9.716181054420834975e-04,0.000000000000000000e+00,0.000000000000000000e+00,0.000000000000000000e+00,0.000000000000000000e+00,1.110024522351609486e-03,1.925998849127734738e-02,0.000000000000000000e+00,-1.079209421431498450e-01,-1.065260668756751183e-01,3.480028368295640800e-02,0.000000000000000000e+00,0.000000000000000000e+00,-8.003291376339626007e-02,1.836235540465736005e-02,0.000000000000000000e+00,0.000000000000000000e+00
0.000000000000000000e+00,-2.630896127880434365e-01,0.000000000000000000e+00,0.000000000000000000e+00,-2.226112736924719948e-01,-1.355381011313373241e-01,0.000000000000000000e+00,0.000000000000000000e+00,0.000000000000000000e+00,-1.842685070749374154e-01,0.000000000000000000e+00,0.000000000000000000e+00,0.000000000000000000e+00,0.000000000000000000e+00,0.000000000000000000e+00,-1.447904793638783161e-01,0.000000000000000000e+00,0.000000000000000000e+00,-1.257151187839579132e-01,0.000000000000000000e+00,0.000000000000000000e+00
-1.710038506036607939e-02,0.000000000000000000e+00,0.000000000000000000e+00,0.000000000000000000e+00,3.737866740122085946e-02,-6.262030509960775371e-02,0.000000000000000000e+00,0.000000000000000000e+00,0.000000000000000000e+00,-1.253327420843575457e-01,0.000000000000000000e+00,0.000000000000000000e+00,2.385498980297140470e-02,0.000000000000000000e+00,4.460434084794213938e-02,-1.673595004689672761e-01,0.000000000000000000e+00,-8.119403179685751439e-05,0.000000000000000000e+00,0.000000000000000000e+00,0.000000000000000000e+00
0.000000000000000000e+00,-1.764495273093737160e-01,0.000000000000000000e+00,-1.274753521678775869e-01,0.000000000000000000e+00,-1.484700048939212591e-01,-1.607828396348974509e-01,-1.495700436214500162e-01,-2.379852556182764922e-01,-1.182418956903783097e-01,1.208934392437846853e-02,0.000000000000000000e+00,-1.320585082899169982e-01,-1.339873355768430585e-01,-1.458753206699542615e-01,-6.201488655448953585e-02,-1.017926549995519792e-01,0.000000000000000000e+00,0.000000000000000000e+00,-1.362336896877836268e-01,-1.993030463610816760e-01
-1.296836580833864438e-01,-1.822236453747966556e-01,0.000000000000000000e+00,-9.253418163016473297e-02,-2.460265043831641463e-01,-1.597407793603003168e-01,0.000000000000000000e+00,0.000000000000000000e+00,-1.681009761073302688e-01,-3.907281857767792160e-02,0.000000000000000000e+00,0.000000000000000000e+00,-1.371492887558297402e-01,-1.814786324589701960e-01,-1.901834294001403525e-01,-1.925614182234343941e-01,-1.164764035178211116e-01,-2.624198837740445225e-02,-1.292379154807468122e-01,0.000000000000000000e+00,0.000000000000000000e+00
-7.863006911712569491e-02,0.000000000000000000e+00,0.000000000000000000e+00,0.000000000000000000e+00,0.000000000000000000e+00,-1.756013999908401790e-01,0.000000000000000000e+00,0.000000000000000000e+00,-1.943241218974641193e-01,-2.748374793026115426e-01,0.000000000000000000e+00,0.000000000000000000e+00,-2.565793266622823920e-01,-1.251251260517192154e-01,-1.617832758807779270e-01,-1.601636550038482432e-01,-1.088874527372639817e-01,-4.070182107723839711e-03,0.000000000000000000e+00,-1.343913090666334909e-01,0.000000000000000000e+00
0.000000000000000000e+00,0.000000000000000000e+00,0.000000000000000000e+00,-1.279245880559773396e-01,0.000000000000000000e+00,-1.809942711730559151e-01,0.000000000000000000e+00,0.000000000000000000e+00,-1.039483412378907623e-01,0.000000000000000000e+00,0.000000000000000000e+00,0.000000000000000000e+00,0.000000000000000000e+00,0.000000000000000000e+00,-1.577401611240838442e-01,0.000000000000000000e+00,0.000000000000000000e+00,0.000000000000000000e+00,-1.667568267629113699e-01,0.000000000000000000e+00,-1.738300897556710189e-01
-2.763200935103119274e-02,-3.867945329297723389e-01,0.000000000000000000e+00,0.000000000000000000e+00,-1.143712629558111815e-01,-1.370927624908448994e-01,0.000000000000000000e+00,0.000000000000000000e+00,-2.117956938574063752e-01,-1.698963887680531581e-01,-7.466592858852171000e-02,-2.279832267353118225e-01,-1.643435941347392293e-01,0.000000000000000000e+00,-4.365594065003460256e-01,0.000000000000000000e+00,0.000000000000000000e+00,-1.859668571662453362e-01,-1.175264996668054646e-01,0.000000000000000000e+00,0.000000000000000000e+00
-8.879601812077085599e-02,0.000000000000000000e+00,-1.702039283538423764e-01,-1.199786465202222346e-01,0.000000000000000000e+00,-5.418213655992535488e-02,0.000000000000000000e+00,0.000000000000000000e+00,-8.006130236027031444e-02,-4.155751155942487979e-02,-1.332308399573529922e-01,0.000000000000000000e+00,0.000000000000000000e+00,-1.731127086195654030e-01,1.040721800157332899e-01,0.000000000000000000e+00,5.429153106951224023e-02,-1.234519209120683303e-01,-1.735857740214542810e-01,-8.417766189845382607e-02,-1.733189561416124957e-01
0.000000000000000000e+00,0.000000000000000000e+00,0.000000000000000000e+00,0.000000000000000000e+00,0.000000000000000000e+00,8.701852412651787938e-02,0.000000000000000000e+00,0.000000000000000000e+00,5.808434124446794355e-02,6.312357964981972491e-02,0.000000000000000000e+00,5.827828169626748933e-02,-1.847270596048852243e-01,0.000000000000000000e+00,-1.582422806524444725e-01,0.000000000000000000e+00,0.000000000000000000e+00,1.200973569329912873e-02,0.000000000000000000e+00,-3.902288238596575420e-02,0.000000000000000000e+00
1.170914948943077155e-01,0.000000000000000000e+00,0.000000000000000000e+00,-1.341969268655383851e-01,0.000000000000000000e+00,-1.484461792751155459e-02,1.804620160839945711e-02,0.000000000000000000e+00,7.361341911465542343e-02,-9.719681051675369693e-03,1.541685587266245980e-02,0.000000000000000000e+00,0.000000000000000000e+00,0.000000000000000000e+00,9.151652912209679025e-02,0.000000000000000000e+00,2.608744652556408555e-02,-1.371449208976334155e-01,-9.394195857074079609e-04,0.000000000000000000e+00,-1.661270023401419105e-01
2.747088457511349252e-02,0.000000000000000000e+00,0.000000000000000000e+00,-1.400778147778332372e-01,0.000000000000000000e+00,0.000000000000000000e+00,0.000000000000000000e+00,0.000000000000000000e+00,-4.007131145254715955e-03,-2.825703246246489501e-03,0.000000000000000000e+00,6.122876687014421060e-02,0.000000000000000000e+00,0.000000000000000000e+00,4.943115609194378285e-02,0.000000000000000000e+00,0.000000000000000000e+00,-5.498763703045297935e-02,-2.066631350345725024e-02,0.000000000000000000e+00,-2.633265952883158123e-01
3.809298382110327778e-03,2.340937822844208621e-02,0.000000000000000000e+00,-7.525901152004749184e-02,-1.185865991012586829e-01,2.235776015074947883e-03,0.000000000000000000e+00,-1.276756304897486843e-02,0.000000000000000000e+00,-1.648893975692849179e-01,1.014947507518005332e-01,6.851264564531554802e-02,4.142174178387498379e-02,8.929223460762432396e-02,4.322787469800849769e-02,-7.320309813293815471e-02,0.000000000000000000e+00,-5.736675795319957222e-02,1.255936495231374517e-02,0.000000000000000000e+00,0.000000000000000000e+00
-3.182529746410320270e-02,0.000000000000000000e+00,0.000000000000000000e+00,0.000000000000000000e+00,-1.762933982345902817e-01,-5.578066145620781680e-02,-3.821008857403256770e-02,0.000000000000000000e+00,-1.519676630200964274e-01,-9.618326195654842981e-02,-1.597040775736805265e-02,-1.576273826195588937e-02,-7.115242173834541994e-02,-8.431464828576414050e-02,-7.731210539232462320e-02,-7.514278465293526901e-03,-1.228021085982981264e-01,-1.132629576562753093e-01,0.000000000000000000e+00,-1.673120833767532956e-01,0.000000000000000000e+00
0.000000000000000000e+00,-1.563583381373997439e-01,0.000000000000000000e+00,0.000000000000000000e+00,-2.742534451577192667e-01,-5.231045953240975009e-03,4.569315245277651844e-02,0.000000000000000000e+00,-2.028671306162408219e-02,-1.323200674914922804e-02,2.645270615942009462e-02,-5.461062565739530084e-02,-1.214383926994267587e-01,3.494361055094249296e-02,-3.331510886938845312e-02,8.137832621442452063e-02,0.000000000000000000e+00,-7.719886284320972604e-03,2.692795169128368513e-02,0.000000000000000000e+00,-1.575762827094594754e-01
0.000000000000000000e+00,0.000000000000000000e+00,0.000000000000000000e+00,6.776675414345414983e-03,-5.786791316357063619e-02,7.894574825937115958e-02,5.191509242010702158e-02,0.000000000000000000e+00,0.000000000000000000e+00,2.034792710100580271e-02,0.000000000000000000e+00,-1.334680796879728071e-02,-1.953879805770322720e-01,1.155409721991138353e-02,0.000000000000000000e+00,7.967187669330791019e-03,0.000000000000000000e+00,-7.766238125648018860e-03,-7.298264060860076841e-02,0.000000000000000000e+00,-1.772247156089792608e-01
0.000000000000000000e+00,-2.788437692631538442e-02,-1.713229729718245553e-01,0.000000000000000000e+00,0.000000000000000000e+00,2.188878283940596733e-02,0.000000000000000000e+00,3.804279058146903258e-02,-1.062705738860065252e-01,6.889937996029566608e-03,0.000000000000000000e+00,0.000000000000000000e+00,0.000000000000000000e+00,0.000000000000000000e+00,0.000000000000000000e+00,0.000000000000000000e+00,0.000000000000000000e+00,0.000000000000000000e+00,-1.071996060458337424e-01,0.000000000000000000e+00,0.000000000000000000e+00
-7.392277842385011621e-02,0.000000000000000000e+00,0.000000000000000000e+00,-7.255671410019505496e-02,0.000000000000000000e+00,-6.510853129515226101e-02,0.000000000000000000e+00,-1.415936672553606002e-01,1.214569491910933441e-01,2.963170789284075637e-02,5.834964518750139495e-02,4.509810028694997974e-02,0.000000000000000000e+00,0.000000000000000000e+00,6.477711145490278044e-02,-5.601473288178977078e-02,0.000000000000000000e+00,4.225068783378693044e-02,2.998052143990163551e-02,9.696885449849053373e-02,0.000000000000000000e+00
-1.622940983834161577e-01,0.000000000000000000e+00,-1.086575515853839685e-01,0.000000000000000000e+00,2.260519065780024206e-02,-1.357189394103671121e-01,0.000000000000000000e+00,-9.859362283370881608e-02,0.000000000000000000e+00,-1.742860909217413823e-01,-1.627284249650281511e-01,-1.556759541753678366e-01,-1.610271368629777045e-01,-1.506161082846974031e-01,-2.550183882695119530e-01,-2.085857703708441924e-01,-1.069082240626808011e-01,-1.420255757569224564e-01,0.000000000000000000e+00,-5.408418344792609300e-02,-2.835254486965724796e-01
0.000000000000000000e+00,-2.049529103919399756e-02,0.000000000000000000e+00,0.000000000000000000e+00,0.000000000000000000e+00,-1.668481874653332531e-01,0.000000000000000000e+00,0.000000000000000000e+00,-1.810328040657062654e-01,0.000000000000000000e+00,0.000000000000000000e+00,-1.794263520729893480e-01,0.000000000000000000e+00,0.000000000000000000e+00,-8.647479004272111414e-02,-4.968009091459765075e-02,-3.078201681327636524e-02,0.000000000000000000e+00,-1.545746393216030079e-01,0.000000000000000000e+00,-1.536560134488282603e-01
4.996070370846473346e-02,0.000000000000000000e+00,-2.423137037612881073e-02,9.957873519898031642e-03,-4.119265072892001195e-02,7.900231408988461768e-02,1.100190548580322752e-01,0.000000000000000000e+00,0.000000000000000000e+00,-1.014007085142622638e-01,0.000000000000000000e+00,8.640167844591585544e-02,3.136617797275917385e-02,0.000000000000000000e+00,-1.197220539107862226e-02,6.771602314093876085e-02,1.899914410038764170e-02,-9.018665474315157304e-02,-1.151744121698836110e-01,0.000000000000000000e+00,0.000000000000000000e+00
-2.349748156034659613e-02,2.330118996078316476e-02,0.000000000000000000e+00,-5.844361673289984876e-02,-1.115004370655650751e-01,6.811584875352039159e-02,0.000000000000000000e+00,0.000000000000000000e+00,-9.205017648828331400e-02,-2.191773726249589826e-01,-2.184333067494511060e-01,0.000000000000000000e+00,0.000000000000000000e+00,-8.052115330431536266e-02,-1.556754834296604495e-01,0.000000000000000000e+00,1.522427071849329246e-02,-1.652909077477900390e-01,0.000000000000000000e+00,0.000000000000000000e+00,0.000000000000000000e+00
-3.805767700869880366e-02,0.000000000000000000e+00,0.000000000000000000e+00,0.000000000000000000e+00,0.000000000000000000e+00,-2.169899323385847678e-01,0.000000000000000000e+00,-9.767340138035968122e-02,-1.048169761968211350e-01,0.000000000000000000e+00,1.349266644713544711e-02,0.000000000000000000e+00,4.132298231197975569e-02,-1.646666144993318703e-01,-1.725894652696045029e-01,-2.063813279043350338e-02,-1.660528604111804474e-01,0.000000000000000000e+00,-1.661820104882895388e-01,0.000000000000000000e+00,0.000000000000000000e+00
8.958608989094493658e-02,0.000000000000000000e+00,0.000000000000000000e+00,4.880030693170460399e-02,-7.478436339609849381e-02,-6.101614181519665614e-02,3.475464966892501811e-02,0.000000000000000000e+00,0.000000000000000000e+00,-1.530729542275455213e-01,-1.129301789083375085e-01,0.000000000000000000e+00,0.000000000000000000e+00,4.118529165456315949e-02,0.000000000000000000e+00,0.000000000000000000e+00,0.000000000000000000e+00,-1.991118787371922230e-02,0.000000000000000000e+00,-5.486379388051495880e-03,-1.547707396921722267e-01
0.000000000000000000e+00,0.000000000000000000e+00,4.798753274009478348e-02,0.000000000000000000e+00,-1.192637518753987824e-01,3.384208840840512850e-02,0.000000000000000000e+00,-6.454667621487354678e-02,-4.542599612400927828e-02,1.445143339397548122e-03,0.000000000000000000e+00,0.000000000000000000e+00,0.000000000000000000e+00,0.000000000000000000e+00,-1.387735122978751290e-01,7.228873332598791113e-02,-4.566651930547514782e-02,-1.146492692742995811e-01,-2.128573328171146917e-01,0.000000000000000000e+00,0.000000000000000000e+00
0.000000000000000000e+00,-1.036619332489879114e-01,0.000000000000000000e+00,-9.344635404666849776e-02,-7.584397500571245232e-02,-1.119486210268122450e-01,0.000000000000000000e+00,-1.380720453072284692e-01,-6.987384847004166066e-02,-9.053606791984070146e-02,0.000000000000000000e+00,0.000000000000000000e+00,-7.132242605797682600e-02,-3.195846965278816842e-01,-1.190232255989446403e-01,-1.124257872899790123e-01,-7.248776490192293531e-02,-7.168588652998056365e-02,-8.353802655556748225e-02,-7.122765475615477904e-02,0.000000000000000000e+00
-1.232359760886304889e-01,0.000000000000000000e+00,0.000000000000000000e+00,0.000000000000000000e+00,0.000000000000000000e+00,-7.743818358328297125e-02,-1.359202244347318678e-01,0.000000000000000000e+00,-1.961553302371865648e-01,-4.035682596280817935e-02,-1.294615714254114813e-01,-1.222873305052875476e-01,-3.219954064505141655e-01,0.000000000000000000e+00,-1.567176779117440688e-01,-4.792867747131457357e-02,-9.358958014798741953e-02,-4.819509802988671682e-02,-8.906130557567608352e-02,-2.174309931096080339e-01,-7.925362378475470093e-02
0.000000000000000000e+00,0.000000000000000000e+00,-2.954026907472451571e-04,-2.997986600256352663e-03,3.986082164681949147e-02,-4.598086077631233226e-02,0.000000000000000000e+00,-8.431260695211957590e-02,-3.570230866410436382e-02,-1.622014805317550587e-02,-1.135674253525114363e-01,-3.771956971267901443e-02,0.000000000000000000e+00,1.131140075446708700e-02,-5.907458144333052608e-02,-2.269503905399261612e-02,-2.532931393928831293e-02,-1.647254655361117884e-02,-1.815557534033234984e-04,0.000000000000000000e+00,-1.012205351620182603e-01
0.000000000000000000e+00,0.000000000000000000e+00,-1.668676406598531003e-01,-8.737531869193730649e-02,-5.314633976095815143e-02,-1.572224023677830929e-01,0.000000000000000000e+00,-1.033083972177661035e-02,-7.517111447502794475e-02,-6.424986163576291986e-02,-8.771214713863371981e-02,-4.841480318151147877e-02,-1.685612339068496834e-01,-5.670295258559807788e-03,-3.784646180166148510e-02,-8.563980835280085233e-03,-3.801231153813310754e-02,-2.086788900648275588e-03,0.000000000000000000e+00,-7.201135319862327078e-02,-7.076887756938764207e-02
3.214901648777173521e-02,0.000000000000000000e+00,0.000000000000000000e+00,0.000000000000000000e+00,0.000000000000000000e+00,-2.463793020352879684e-02,0.000000000000000000e+00,0.000000000000000000e+00,0.000000000000000000e+00,0.000000000000000000e+00,0.000000000000000000e+00,-2.450145407438771294e-01,-1.136113217085356758e-01,0.000000000000000000e+00,-1.226949614096403407e-01,-6.793979620804012354e-02,0.000000000000000000e+00,0.000000000000000000e+00,0.000000000000000000e+00,0.000000000000000000e+00,0.000000000000000000e+00
-3.728931159471524093e-02,-4.570579739924371387e-02,0.000000000000000000e+00,-4.253843494511033718e-02,-2.347976060273373744e-01,0.000000000000000000e+00,-9.671871204113677289e-02,-2.437903130896700299e-01,-4.175084183821648615e-02,-1.112860119162035893e-01,-8.987271617154708736e-02,-1.036893559284831345e-01,-8.345117796592978199e-02,-2.404996904637087263e-01,-9.014295927814794385e-02,-7.844487190185246706e-02,0.000000000000000000e+00,-1.430938039908378479e-01,0.000000000000000000e+00,0.000000000000000000e+00,0.000000000000000000e+00
2.322386750675127162e-02,-3.013864425777501577e-02,0.000000000000000000e+00,3.053321856194789186e-02,-6.018553212298176358e-02,-3.531683994787571806e-02,3.989239376897035089e-02,-4.084025279417708570e-02,-4.444815069190185403e-02,-1.070268909705835705e-03,0.000000000000000000e+00,2.420624812156972963e-02,2.793650797407808140e-02,0.000000000000000000e+00,2.855802942056174382e-02,-1.659298353618912647e-02,2.600057114461454960e-02,-3.640906872620968543e-02,-8.276585209269977580e-03,0.000000000000000000e+00,0.000000000000000000e+00
-9.538553658918542955e-03,0.000000000000000000e+00,0.000000000000000000e+00,-1.060833516812658694e-01,3.982363249227869467e-02,-1.304620946129965986e-01,0.000000000000000000e+00,0.000000000000000000e+00,-1.121718597321827993e-01,-1.150186978102394897e-01,-9.323351852258911221e-02,-1.510740051778813597e-01,-9.949352840443556611e-02,-1.179902537044080491e-01,-8.785538063860093283e-02,-9.524472827993099577e-02,-4.660040849612580999e-02,0.000000000000000000e+00,-1.222680619874295382e-01,0.000000000000000000e+00,0.000000000000000000e+00
-2.898576598181845654e-02,0.000000000000000000e+00,3.937380807717659990e-03,0.000000000000000000e+00,0.000000000000000000e+00,-1.395043970922675847e-01,-1.193405453227561336e-01,-5.833496370307118817e-02,-3.894525833402476267e-02,-6.517960071897392627e-02,0.000000000000000000e+00,-6.982319044350546178e-02,0.000000000000000000e+00,0.000000000000000000e+00,-3.465605677955992808e-02,-1.298661564794884316e-01,-1.579722328582974442e-02,-3.343853491937853750e-02,0.000000000000000000e+00,0.000000000000000000e+00,-7.283664519141277993e-02
-7.346856507858325058e-02,0.000000000000000000e+00,0.000000000000000000e+00,0.000000000000000000e+00,0.000000000000000000e+00,-8.334101467663986018e-02,0.000000000000000000e+00,0.000000000000000000e+00,-1.352794463135403857e-01,0.000000000000000000e+00,0.000000000000000000e+00,0.000000000000000000e+00,0.000000000000000000e+00,-1.724639961635534569e-01,-3.130502262414998627e-01,0.000000000000000000e+00,-8.085009636929786636e-02,-8.483992357806875717e-02,-1.340679009780363362e-01,-1.047606974076245728e-01,-7.524285865979268850e-02
-8.507073118408640944e-02,0.000000000000000000e+00,0.000000000000000000e+00,-1.102391695684196565e-01,0.000000000000000000e+00,-1.053975884992383455e-01,0.000000000000000000e+00,0.000000000000000000e+00,-1.582533280159988953e-01,-1.908572736734982511e-01,0.000000000000000000e+00,0.000000000000000000e+00,-1.416359950711932048e-01,0.000000000000000000e+00,-9.946296142510605010e-02,-1.090257870138431479e-01,0.000000000000000000e+00,-1.738283761960386642e-01,0.000000000000000000e+00,0.000000000000000000e+00,-1.006567705922050138e-01
0.000000000000000000e+00,-1.113929260711739172e-01,-1.210276524244987967e-01,0.000000000000000000e+00,-1.370025490811739854e-01,-8.360849415829736675e-02,0.000000000000000000e+00,0.000000000000000000e+00,0.000000000000000000e+00,-1.480687469558691349e-01,0.000000000000000000e+00,0.000000000000000000e+00,0.000000000000000000e+00,0.000000000000000000e+00,0.000000000000000000e+00,-2.713711047925065900e-01,-5.851503518227038625e-02,-9.651837879059189940e-02,0.000000000000000000e+00,0.000000000000000000e+00,0.000000000000000000e+00
-7.113209195338367208e-02,-8.018950671055960489e-02,0.000000000000000000e+00,0.000000000000000000e+00,-1.696034988041369429e-01,-1.110491509241150060e-01,-5.843966714699988518e-02,-6.443082915429309762e-04,0.000000000000000000e+00,-1.321107336819074829e-01,0.000000000000000000e+00,0.000000000000000000e+00,0.000000000000000000e+00,0.000000000000000000e+00,-5.238807137412115900e-02,-1.340160265249246696e-01,-2.198288635464041574e-01,0.000000000000000000e+00,-1.055965938335695214e-01,-6.433774641368905645e-02,0.000000000000000000e+00
-3.557967695170947704e-03,0.000000000000000000e+00,0.000000000000000000e+00,-7.487745893468918112e-02,-1.054030407595980545e-01,0.000000000000000000e+00,0.000000000000000000e+00,0.000000000000000000e+00,-1.216091354038590783e-01,-8.456930011724472784e-02,-1.704665197058139459e-01,0.000000000000000000e+00,0.000000000000000000e+00,0.000000000000000000e+00,-5.854136694469130875e-02,-3.055142817297381574e-01,0.000000000000000000e+00,-9.294747737352615502e-03,0.000000000000000000e+00,0.000000000000000000e+00,-7.373060437064772599e-02
0.000000000000000000e+00,0.000000000000000000e+00,0.000000000000000000e+00,-8.566238101310041930e-02,-1.680790145886311704e-01,0.000000000000000000e+00,0.000000000000000000e+00,0.000000000000000000e+00,-1.302562551872673280e-01,-1.142146890172254931e-01,0.000000000000000000e+00,0.000000000000000000e+00,-1.016642640273786730e-01,0.000000000000000000e+00,-7.265423202129467350e-02,-1.014001717982914857e-01,0.000000000000000000e+00,-7.906253882861298543e-02,-6.863441801036909706e-02,0.000000000000000000e+00,-4.934745207860813387e-02
-3.472714305596973777e-02,0.000000000000000000e+00,0.000000000000000000e+00,0.000000000000000000e+00,-1.797070152313450797e-01,0.000000000000000000e+00,0.000000000000000000e+00,0.000000000000000000e+00,-3.709152678552841975e-02,-2.171263736261203892e-01,0.000000000000000000e+00,0.000000000000000000e+00,-6.572644059175815345e-02,0.000000000000000000e+00,-8.813883502388326907e-02,-6.725033005193931102e-02,0.000000000000000000e+00,-1.342250627229718274e-01,-5.909313870189154133e-02,-2.243810150180204355e-01,-5.424582555561965891e-02
-2.315040495433985657e-01,-3.284850768893469164e-01,0.000000000000000000e+00,1.510740458628310676e-02,-1.789783857100682996e-01,0.000000000000000000e+00,-1.640685336391590199e-01,0.000000000000000000e+00,0.000000000000000000e+00,-1.010184919244127566e-01,-2.224779070992851937e-01,-7.846960670515781833e-02,-8.289587388418079295e-02,0.000000000000000000e+00,-1.535291304208805663e-01,-8.810817745469939899e-02,0.000000000000000000e+00,-1.326006554698126449e-01,0.000000000000000000e+00,-1.259606777649517062e-01,0.000000000000000000e+00
0.000000000000000000e+00,3.904926472132698445e-02,0.000000000000000000e+00,-3.278101101763158248e-02,0.000000000000000000e+00,0.000000000000000000e+00,-4.926848421756729879e-02,4.603578370375990825e-02,7.285170616648554975e-02,5.256059743621788183e-02,5.083313873095016838e-02,6.762400548168463754e-02,0.000000000000000000e+00,5.651703255372345081e-02,0.000000000000000000e+00,4.365344683559737454e-02,7.213498674654553189e-02,-9.829806131221098531e-02,-1.119160022858420034e-01,-1.247996003561186590e-01,0.000000000000000000e+00
0.000000000000000000e+00,-3.246330861986561622e-01,-7.251628704473682407e-02,-9.285358604817151029e-02,-7.830284648137599002e-02,-1.066716102606343614e-01,0.000000000000000000e+00,-9.053035896210340217e-02,-6.225079616559061474e-02,-2.020806491713296182e-01,0.000000000000000000e+00,0.000000000000000000e+00,-1.097369536369109527e-01,0.000000000000000000e+00,-6.798986429632553063e-02,0.000000000000000000e+00,-1.379164552201338489e-01,0.000000000000000000e+00,0.000000000000000000e+00,-1.524143530935903323e-01,0.000000000000000000e+00
0.000000000000000000e+00,-1.131421040686786395e-01,0.000000000000000000e+00,-8.223826986885353352e-02,-5.012126961487554239e-02,-7.715035330429356741e-02,0.000000000000000000e+00,-1.715847860163963734e-01,-8.495295517375363314e-02,-1.230748496811273351e-01,0.000000000000000000e+00,0.000000000000000000e+00,-5.671795705120838416e-02,-1.357935486237858147e-01,-1.126063821561199135e-01,-6.583183283166953170e-02,0.000000000000000000e+00,-2.449958042641569578e-01,-4.974740369528703882e-02,0.000000000000000000e+00,0.000000000000000000e+00
-1.189652531975099459e-01,0.000000000000000000e+00,0.000000000000000000e+00,0.000000000000000000e+00,0.000000000000000000e+00,-7.926789244772632081e-02,-2.079426689517825388e-01,0.000000000000000000e+00,-8.769904833944995592e-02,-8.239671012654635474e-02,0.000000000000000000e+00,0.000000000000000000e+00,0.000000000000000000e+00,-1.087899527114773307e-01,-1.184106191712003403e-01,-3.426477317470277839e-02,-5.664629630863701748e-02,-1.857834271758732336e-01,0.000000000000000000e+00,-1.152813231526034904e-01,-1.215814958573091659e-01
-1.026716676356679847e-01,-4.432874471478447376e-01,0.000000000000000000e+00,0.000000000000000000e+00,-5.645461985425002244e-02,-9.865793072998757518e-02,0.000000000000000000e+00,0.000000000000000000e+00,0.000000000000000000e+00,-1.711012287303686000e-02,0.000000000000000000e+00,-8.400884372832594094e-02,-8.416432067132356698e-02,0.000000000000000000e+00,-8.389130734321920135e-02,0.000000000000000000e+00,0.000000000000000000e+00,0.000000000000000000e+00,0.000000000000000000e+00,0.000000000000000000e+00,0.000000000000000000e+00
-8.534747881898722965e-02,0.000000000000000000e+00,0.000000000000000000e+00,0.000000000000000000e+00,0.000000000000000000e+00,-1.181909846333991654e-01,0.000000000000000000e+00,0.000000000000000000e+00,-6.111137472243700214e-02,-1.551757815234908744e-01,-9.123224219322430273e-02,-3.104723685188566229e-01,0.000000000000000000e+00,0.000000000000000000e+00,-7.105206117672523136e-02,-7.028825256336482252e-02,0.000000000000000000e+00,-8.905873890871114640e-02,-6.301491083044789832e-02,0.000000000000000000e+00,-3.593071041477338690e-02
-9.865603863835073484e-02,0.000000000000000000e+00,0.000000000000000000e+00,-4.862286055155309872e-02,0.000000000000000000e+00,-4.873543052447122659e-02,0.000000000000000000e+00,0.000000000000000000e+00,-6.336377207260661393e-02,0.000000000000000000e+00,-5.568364283327133235e-02,0.000000000000000000e+00,0.000000000000000000e+00,0.000000000000000000e+00,-1.001913401105460483e-01,-4.258207729255691909e-02,-7.157060758150773916e-02,-1.047573433565097967e-01,0.000000000000000000e+00,0.000000000000000000e+00,0.000000000000000000e+00
-8.521930811886914425e-02,-1.321970404574357716e-01,0.000000000000000000e+00,0.000000000000000000e+00,0.000000000000000000e+00,-5.641760024222014502e-02,-5.242495203743927079e-02,-8.106777718966567958e-02,-9.499927640084654401e-02,-9.997989520822352094e-02,0.000000000000000000e+00,0.000000000000000000e+00,0.000000000000000000e+00,-9.178362305505601004e-02,-1.077183304855388324e-01,-1.651712166126909631e-01,-1.077005560788676930e-01,-1.779824133680188991e-01,-7.508221511668718151e-02,0.000000000000000000e+00,0.000000000000000000e+00
0.000000000000000000e+00,0.000000000000000000e+00,0.000000000000000000e+00,-1.591799711365238512e-01,-7.705892827346430551e-02,-8.503266579494819788e-02,0.000000000000000000e+00,4.920915153156424360e-02,0.000000000000000000e+00,2.765779426148008355e-02,7.150805336549773128e-02,0.000000000000000000e+00,-1.157990434803582991e-01,-5.734170367096465964e-02,7.612940413207376633e-03,-9.630796859101110885e-02,-2.365636457218830702e-01,-1.782038944509468925e-02,-2.249738704819775059e-01,-3.731607072404571901e-02,-1.361661267237657125e-01
0.000000000000000000e+00,-4.653209012265405176e-02,-5.443281461223788142e-02,0.000000000000000000e+00,-6.337638386498609111e-02,-1.237536042826573174e-01,0.000000000000000000e+00,-1.145920309686760258e-01,0.000000000000000000e+00,-1.179823459913286188e-01,-1.568558371244229976e-01,0.000000000000000000e+00,-6.005487346102668378e-02,0.000000000000000000e+00,-4.715480968679231638e-02,-1.029293530780490684e-01,-7.257036140476982866e-02,-1.576064818495556408e-01,-9.881022676534101379e-02,-5.780388162216339165e-02,-2.190385313759782016e-01
-1.609371861117294203e-02,-8.857666819309684136e-02,0.000000000000000000e+00,0.000000000000000000e+00,0.000000000000000000e+00,-2.271550961205507091e-01,-2.125486898154674634e-02,0.000000000000000000e+00,-4.951883375589146395e-03,-7.696233047454295595e-02,-3.145732447136987547e-02,2.849478584289880448e-02,-5.696800088457337763e-02,0.000000000000000000e+00,-2.999299499499383584e-02,-1.849584167284642686e-02,3.056349255499302489e-02,-1.098615625723532857e-01,0.000000000000000000e+00,-3.079162442174840919e-01,0.000000000000000000e+00
-1.877679679739572560e-01,0.000000000000000000e+00,0.000000000000000000e+00,0.000000000000000000e+00,-2.261939049577319782e-01,-1.076161524945464520e-01,-1.668664015591838912e-01,-1.633396038770265069e-01,0.000000000000000000e+00,-9.494475790655254599e-02,-8.167695150360072820e-02,0.000000000000000000e+00,-8.056142674736897769e-02,0.000000000000000000e+00,4.316933358771967572e-02,-7.368258186177749358e-02,-1.128800417608727957e-01,-1.038804243421558998e-01,0.000000000000000000e+00,-1.016243740204333945e-01,0.000000000000000000e+00
0.000000000000000000e+00,-9.578014069971627076e-02,-5.530480665105303589e-02,0.000000000000000000e+00,0.000000000000000000e+00,-6.845027607835911521e-02,-1.508706720761608389e-01,-8.547838336428748018e-02,-9.244431996936004758e-02,0.000000000000000000e+00,-4.500328633700825809e-02,0.000000000000000000e+00,-5.288182677593217251e-02,0.000000000000000000e+00,-6.555962693970866784e-02,-7.329024353769526823e-02,-8.631279634357276465e-02,-1.468459719815303488e-01,-1.137442121951371121e-01,-8.195625774260638374e-02,0.000000000000000000e+00
-8.164312710389881600e-02,-7.487251060385664847e-02,-6.441930348481564317e-02,-5.188203601616384747e-02,-2.286985228058070196e-01,-5.977581786193447710e-02,-1.284955401627968508e-01,0.000000000000000000e+00,-1.228218710561132521e-01,-6.408796051820264683e-02,0.000000000000000000e+00,-5.348016917723026620e-02,-6.732972032200285062e-02,0.000000000000000000e+00,0.000000000000000000e+00,5.756027361096499595e-02,-5.266020344834861783e-02,-5.611274987030794026e-02,-1.310162430881047502e-01,0.000000000000000000e+00,0.000000000000000000e+00
0.000000000000000000e+00,0.000000000000000000e+00,0.000000000000000000e+00,0.000000000000000000e+00,-1.660153976277179144e-01,-9.507465186714814109e-02,0.000000000000000000e+00,0.000000000000000000e+00,-1.003142215702473167e-01,0.000000000000000000e+00,0.000000000000000000e+00,-5.728131854535990775e-02,-5.372990311210132375e-02,0.000000000000000000e+00,-1.000676463886691625e-01,-9.085132750892026265e-02,-1.080414386319717424e-01,-6.226081995235867306e-02,-6.659135609997725302e-02,0.000000000000000000e+00,-4.880249434638909284e-02
-7.926165889297286105e-02,-7.085896144725323254e-02,0.000000000000000000e+00,-1.579847832849211875e-01,0.000000000000000000e+00,-7.218928186047662843e-02,-1.132366557999551354e-01,0.000000000000000000e+00,0.000000000000000000e+00,-8.746833978556510514e-02,0.000000000000000000e+00,-1.016537517538030899e-01,-5.479561126972841423e-02,-3.911740298028939522e-01,0.000000000000000000e+00,-6.238426740931310444e-02,0.000000000000000000e+00,-6.790123230914825447e-02,-8.975658269433653413e-02,-8.540919170393061755e-02,-9.136285847838150620e-02
0.000000000000000000e+00,0.000000000000000000e+00,-3.121891035802115688e-02,0.000000000000000000e+00,0.000000000000000000e+00,0.000000000000000000e+00,0.000000000000000000e+00,0.000000000000000000e+00,6.048326826848262477e-02,-7.819258493213794570e-02,0.000000000000000000e+00,0.000000000000000000e+00,0.000000000000000000e+00,0.000000000000000000e+00,-9.059793935241397533e-02,0.000000000000000000e+00,0.000000000000000000e+00,0.000000000000000000e+00,1.788639533594504893e-02,0.000000000000000000e+00,-1.533552235053743107e-01
-5.056900136633724063e-02,-5.566417795408534763e-02,0.000000000000000000e+00,0.000000000000000000e+00,0.000000000000000000e+00,0.000000000000000000e+00,-1.162348619863121657e-01,0.000000000000000000e+00,-7.626674642581292296e-02,-2.017703910560907921e-01,0.000000000000000000e+00,0.000000000000000000e+00,-1.692401315574140475e-01,-1.889438544524885133e-01,0.000000000000000000e+00,-1.339160032448389048e-01,-1.183775400225231395e-01,4.011778706558077195e-02,0.000000000000000000e+00,0.000000000000000000e+00,0.000000000000000000e+00
3.655453467199832468e-02,6.004167204020473270e-02,0.000000000000000000e+00,0.000000000000000000e+00,1.018213460969689260e-01,1.246610272934321334e-01,7.333488637329413362e-02,9.767700809742423107e-02,-9.182226496717127429e-03,-3.031428300314229288e-02,8.572004442498043497e-02,-2.891174801426338314e-02,-9.632851714036110014e-02,-4.964720643750887390e-03,8.829209234650295390e-02,7.957769539997806840e-02,5.629429945440717759e-02,7.059889874721037017e-02,8.631567445445001430e-02,4.056829835569264464e-02,0.000000000000000000e+00
0.000000000000000000e+00,-1.631607334698692569e-01,-2.790727319931881056e-01,-7.121464270170524413e-02,6.111455939062775122e-02,-7.535901492038182999e-03,-1.397058599689808001e-01,5.619072771270559874e-02,5.305014838010737449e-02,8.235467852461510196e-02,9.836178531658117119e-02,-8.069484548488048414e-02,1.785779851021233530e-02,0.000000000000000000e+00,7.695604513086619358e-02,8.721396874355129281e-03,2.132795857064498368e-02,4.926961806951127981e-02,1.197883694774582175e-01,7.426277288624895390e-02,0.000000000000000000e+00
3.927072511640180945e-03,4.593031155781415742e-02,3.613531350356299909e-02,0.000000000000000000e+00,1.590942101994200289e-02,2.643681805066775900e-02,-1.470116624396676681e-02,-1.151492537283692191e-01,6.442651499152182715e-02,-1.053593808183251601e-01,-1.433930052350832450e-02,4.665495683398186016e-02,2.634587918761070041e-02,3.801101427083142248e-02,-8.852848790525095005e-03,-1.563018616410201400e-02,-3.869533470499040857e-03,-7.390108561555215616e-02,0.000000000000000000e+00,9.800086010352861143e-02,0.000000000000000000e+00
-7.555968907771516696e-02,5.274282615479120723e-02,0.000000000000000000e+00,0.000000000000000000e+00,7.443906595564502363e-03,-1.135230434146907580e-02,3.390700621752119892e-02,-1.120198104810187466e-02,3.210451897165619156e-02,-4.419803139055784175e-02,0.000000000000000000e+00,5.626605174334499415e-02,1.179299776492796631e-01,-8.000837161097255901e-02,6.264446454148958621e-02,2.392420517427247886e-02,2.795592971971254739e-02,0.000000000000000000e+00,-8.279012130599963659e-03,1.330472924591196739e-02,-3.735221871215010925e-01
2.320011215483477884e-02,0.000000000000000000e+00,9.207906971760286552e-02,0.000000000000000000e+00,-1.015076075952308331e-02,4.334178730296267545e-02,2.226047941044522263e-02,2.453256106636430081e-02,5.171603392863335230e-02,-1.347753845755806030e-03,-5.677403226281661081e-03,-8.397506772717480694e-02,5.239452200034689505e-02,-2.692486177357200985e-03,5.331468146523355572e-02,-1.632725360278424950e-02,-5.990937759112999889e-02,-7.280648079358948040e-03,-1.377179155876543000e-02,-4.011643941180293577e-02,-1.163601781073969610e-01
-8.572327815302498155e-02,-1.680922988859791245e-01,-1.146114920375277679e-01,-1.334520213072957762e-01,-9.623331059126589981e-02,0.000000000000000000e+00,-6.192849958844288266e-02,-9.085923005980553468e-02,-1.045357142786194210e-01,-1.259080783534820003e-01,-1.079921255861484991e-01,-9.562572796871145198e-02,-5.927721012755900187e-02,-1.292903936552942945e-01,-1.702618380040373525e-01,-9.971036597948380875e-02,-7.947366625018170705e-02,-1.265168836311038325e-01,-1.693634971136026290e-01,-1.492993015711770732e-01,-7.554769121119848940e-02
3.880167437556519133e-02,3.390604034258479227e-02,0.000000000000000000e+00,-4.042285827442240742e-02,1.223841614022440905e-01,2.086534009724400670e-03,2.258589752485832755e-02,8.651107691825925261e-02,5.226211136297278376e-02,5.842060274696748295e-02,5.104487153055057430e-02,-6.155410278403084662e-02,4.814134074837275040e-02,3.089208261556356319e-02,8.996312617558996361e-02,2.098826910216947464e-02,4.630331985084575747e-02,8.879479800353756724e-02,3.424839503757189790e-02,5.284644309111550392e-02,-7.529464595233111013e-02
-8.200746328157428044e-02,-2.074507352008127248e-02,0.000000000000000000e+00,-1.641449666443659805e-01,-1.088576349091323614e-01,-1.159852814917851638e-01,-1.653509849678286014e-01,-1.070273706696059091e-01,-1.112966342483119042e-01,-1.523459420124813057e-01,-1.657186895293794315e-01,0.000000000000000000e+00,-4.434126171524068738e-01,-9.310179294689144291e-02,-9.380730225913830322e-02,-9.779003820110296341e-02,0.000000000000000000e+00,2.920445936755730956e-02,-9.284807021626950707e-02,0.000000000000000000e+00,0.000000000000000000e+00
-1.307954660249298906e-01,-6.850657475954786968e-02,-4.089147200621755934e-02,-6.619204281019853975e-02,6.577587317870844941e-02,0.000000000000000000e+00,0.000000000000000000e+00,-4.284805538864964319e-02,-2.766492328786616592e-02,-9.000480173487042379e-03,-6.789386691894699899e-02,-9.961221773432411830e-02,-9.455480274151076281e-02,-6.293313186985101393e-02,-9.081971620149727458e-04,-1.348603015863032994e-01,-9.280444475879356947e-02,-1.735689938003069296e-02,6.333993127054161898e-02,6.588038216506825195e-02,-2.098826091254120396e-01
-1.031000406789576301e-01,0.000000000000000000e+00,-1.708533422938076640e-01,0.000000000000000000e+00,0.000000000000000000e+00,-1.265666241577276252e-01,-7.942466354615880519e-02,0.000000000000000000e+00,-1.834593596705134388e-01,-2.445077478233042001e-01,-1.811133487007448029e-01,-1.075609508028470551e-01,-1.773857359364353625e-01,0.000000000000000000e+00,-7.929538507291461480e-02,-6.585208038352741156e-02,-1.043380334307582452e-01,-7.714288904561904248e-02,-5.387634089214513727e-02,0.000000000000000000e+00,-3.952753266472534138e-02
-1.009471550460182554e-01,-1.454305191702237321e-01,-6.781016928601228677e-02,-2.389397404769292022e-01,-7.844251709098848391e-02,-7.911906894977840943e-02,-8.176153047438194932e-02,-8.798317165710617394e-02,-7.743384776925681112e-02,-1.258522884846798029e-01,-6.900338177936259088e-02,-1.011746974694710671e-01,0.000000000000000000e+00,0.000000000000000000e+00,2.104337132426671586e-02,0.000000000000000000e+00,-9.939017253370779903e-02,-1.285410957484597883e-01,-1.317518996506740758e-01,-6.853390008475225559e-02,-1.024620283737990717e-01
-3.061905332078583672e-04,1.669664509069983607e-02,0.000000000000000000e+00,5.916079711610451597e-02,-5.434522878849441102e-02,-9.618617176932349466e-02,1.420055521570785968e-02,-3.848079428478623498e-02,-1.951518713270109645e-02,-4.623263324652294483e-03,2.685629016168847652e-02,-2.188529438479598979e-02,1.448148097627365190e-02,4.697238933596812466e-02,5.441718841942175949e-02,-2.843158609121098149e-02,-7.085555031002840898e-02,-1.711358987998777906e-02,1.216498108127432934e-02,-6.587271117429215062e-02,-6.765119631719297699e-02
0.000000000000000000e+00,-1.932150295379849170e-01,0.000000000000000000e+00,0.000000000000000000e+00,-4.326152131973712983e-03,-5.929844436754230785e-02,0.000000000000000000e+00,-1.249882773467792252e-01,-1.105104501749632484e-01,-1.036777562817994269e-01,-1.001615220083751506e-01,0.000000000000000000e+00,-9.427407009875533872e-02,-7.028078357789886710e-02,0.000000000000000000e+00,-1.067844022023483885e-01,-1.246931790166563442e-01,-1.468519103913413226e-01,-1.734043901388131886e-02,0.000000000000000000e+00,0.000000000000000000e+00
0.000000000000000000e+00,4.608984143398781562e-03,0.000000000000000000e+00,0.000000000000000000e+00,-7.556603792114534313e-02,0.000000000000000000e+00,-1.052805934083510253e-02,-6.251881161440732415e-02,-3.269139389563881920e-04,-3.680500010548717199e-02,0.000000000000000000e+00,5.057293556228279613e-02,-1.109745534988043764e-01,0.000000000000000000e+00,-3.197665128240490852e-03,9.529193304467867623e-03,-1.942899554483818597e-02,-7.975903753337625079e-02,0.000000000000000000e+00,0.000000000000000000e+00,0.000000000000000000e+00
-1.051940830863268284e-02,2.150931315640261174e-02,2.725720261225295094e-02,-8.676998981780661979e-02,1.184516991814279184e-02,1.462306192564268199e-02,-1.015241750901190679e-03,8.135273976329533002e-03,-1.593510413105079029e-02,-2.491932226757358551e-02,7.107093106784399122e-03,-7.828513661561056769e-02,0.000000000000000000e+00,1.214375010050279882e-02,7.085692382594970667e-03,-1.113789759868585340e-02,1.337719100658961782e-02,-8.940439663039192672e-03,-4.612088502095142845e-02,-4.261328346393898799e-03,-1.013748647085622873e-01
2.247148958672638350e-02,-4.803675593790689147e-02,0.000000000000000000e+00,-2.343449617586636918e-02,-5.249515672270546607e-02,1.571168521772904267e-02,-5.488873889990066729e-02,-7.519979815130857503e-02,2.207374572230037801e-02,-3.816800348304668494e-02,0.000000000000000000e+00,3.823650893530756989e-02,-7.762427670550998970e-02,-4.228419866504964236e-02,-6.294438230574460336e-02,1.081628578619731745e-02,1.317825668333737210e-02,-8.217295102642786786e-02,-5.051407580049747936e-02,-7.158319777476834789e-02,0.000000000000000000e+00
-9.956264796333655354e-02,0.000000000000000000e+00,0.000000000000000000e+00,-1.847006644093389729e-02,-1.406267510890234218e-01,-5.171114082721378624e-02,-7.626975307551814298e-02,-2.555254840716197212e-02,4.531632171340616022e-03,-4.299079126583050386e-02,5.879227550265302832e-03,-5.272174323849639771e-02,-1.900646081659636555e-01,3.953757943289235022e-02,-1.268535348926473072e-01,-6.474099860159050757e-02,-3.669506559373630211e-02,-1.295580837563205245e-01,0.000000000000000000e+00,-5.437237220814554461e-02,0.000000000000000000e+00
-1.672942932607993649e-01,0.000000000000000000e+00,-1.224544660113411065e-01,0.000000000000000000e+00,-7.119314107300313277e-02,-3.713203095007504562e-01,-1.717686679244956605e-01,-1.013121828643911843e-01,-1.118492932187598043e-01,-9.856430136779320561e-02,-1.729879341739611054e-01,-1.214899296546020913e-01,-1.089765656215122003e-01,-9.713360710375962270e-02,-1.166970819886083977e-01,-6.929203826007719613e-02,-1.082721684305583826e-01,-9.100161613709127628e-02,0.000000000000000000e+00,-9.317820825679905272e-02,0.000000000000000000e+00
-5.682664975060788652e-03,0.000000000000000000e+00,-2.620097564973370222e-02,0.000000000000000000e+00,3.053131683864800452e-03,-1.252099852756761444e-01,-1.122905945460538346e-01,4.431963388216291627e-02,-5.773662440256677186e-02,-7.769981623677376693e-03,-1.030909967261410265e-01,1.142198640939592891e-02,-4.206419826927027678e-02,-3.888766458329830089e-02,5.108656893946692673e-02,-4.069658035942799040e-02,1.846361667138652837e-02,1.641328827180896233e-02,-6.398917046953711552e-02,8.683588379267084822e-02,-1.034531283087487263e-01
9.413729179329225968e-03,6.426047673414932160e-02,-4.090829589699068042e-02,-5.467214107913306170e-02,-1.279123139571582135e-01,-1.620581772620557082e-01,-5.570179436497565972e-02,6.089242014287031546e-02,-2.591273746352644111e-02,1.067617865283475818e-02,-6.737898337924395908e-02,-5.127396057371987059e-02,-1.474253884088847985e-02,3.975934607088138506e-02,1.891991141749457817e-02,0.000000000000000000e+00,-2.292517479484791620e-02,5.039037797151428577e-02,0.000000000000000000e+00,-1.077548343269518344e-01,-1.964528918900509402e-01
-1.424546679601599308e-01,-4.170614930643548601e-02,-9.953232924681784666e-02,-7.189459919653383435e-02,-8.824451638589018987e-02,-9.402718928729222880e-02,-7.408999223198875494e-02,-1.607239091798530473e-02,-5.640767004978988752e-02,-1.124680112878951588e-01,-5.684438394876403094e-02,-9.976785554342759710e-02,0.000000000000000000e+00,-7.471473334093671481e-02,-7.122736169501596437e-02,-2.084067689036718796e-01,-4.723757839246967016e-02,0.000000000000000000e+00,0.000000000000000000e+00,-1.450274709547186569e-01,-8.747846211916536496e-02
-1.764289735702176121e-01,0.000000000000000000e+00,0.000000000000000000e+00,0.000000000000000000e+00,0.000000000000000000e+00,-9.465114670145804987e-02,0.000000000000000000e+00,0.000000000000000000e+00,-1.651032202601548926e-01,-3.259755713928047527e-01,-8.867209530313069354e-02,-1.903473242333885429e-01,-2.360446175845283268e-01,0.000000000000000000e+00,-8.484076915261852536e-02,-1.053074788145706014e-01,-1.672600985191286804e-01,-7.473916405125320683e-02,-3.984894127958537452e-02,-2.966474347460987260e-01,-1.132254876351611872e-01
-8.094504276834170453e-02,-3.808011789004682179e-01,0.000000000000000000e+00,-4.656670947156026086e-02,4.864004145858658035e-02,-9.383163482025198843e-02,0.000000000000000000e+00,2.296934735364476385e-02,-3.354266164339361062e-02,-4.012708444025980814e-02,3.755329386257934277e-02,-1.703890210563923924e-01,-1.293645129001501082e-01,2.829551868418090504e-02,2.542905013968458153e-02,0.000000000000000000e+00,0.000000000000000000e+00,3.849805492590616801e-02,5.197246614070454018e-02,0.000000000000000000e+00,0.000000000000000000e+00
0.000000000000000000e+00,-8.352133084134151508e-02,-9.539790753081991981e-02,0.000000000000000000e+00,0.000000000000000000e+00,-8.986245749461851950e-02,0.000000000000000000e+00,0.000000000000000000e+00,-1.830927298409062154e-01,-9.872469833093218405e-02,-9.062748224275381237e-02,-9.701181296902024187e-02,-6.778132021168276067e-02,0.000000000000000000e+00,-7.216992568015326293e-02,-8.414319357687700951e-02,-1.133902376303979470e-01,-1.038514201917198621e-01,0.000000000000000000e+00,-1.401507913786144977e-01,0.000000000000000000e+00
0.000000000000000000e+00,-7.709657049188521627e-02,1.063434753569522488e-02,0.000000000000000000e+00,0.000000000000000000e+00,-5.094431420391322407e-02,-2.109662135330629337e-02,-1.330272601272169675e-01,-1.804104860242012470e-02,-5.624674498433416409e-02,-2.643947058174728193e-02,-6.420224169100050005e-02,-6.004583497308344647e-02,0.000000000000000000e+00,-5.363104927433839930e-02,-4.480987404046678224e-02,-4.167673398207630275e-02,-1.763869240016109619e-01,6.264106481411854145e-03,-1.055487420417899024e-02,-8.771966270671610610e-02
0.000000000000000000e+00,0.000000000000000000e+00,0.000000000000000000e+00,0.000000000000000000e+00,-1.156508193645415378e-01,-6.719746883554167383e-02,0.000000000000000000e+00,-1.141409084008300906e-01,-8.930325254677996816e-02,-1.423165984766071313e-01,-2.633428237254052950e-01,-3.387148536369593010e-01,0.000000000000000000e+00,0.000000000000000000e+00,-1.051803083151692242e-01,-6.480479367685391956e-02,-1.355836501719941689e-01,-1.873128209542983258e-01,0.000000000000000000e+00,-7.868602056975920744e-02,-9.732901467768241555e-02
4.305990509814523748e-02,0.000000000000000000e+00,0.000000000000000000e+00,-1.052447240474215819e-02,4.898923475960126339e-02,7.543065815749587510e-03,5.808606122124012477e-02,4.782239394218695816e-02,-9.292688647051230641e-03,6.533873908308296397e-02,-5.960089051471172128e-02,-1.244471488956891553e-01,5.559289556319391146e-02,1.776320385411249425e-02,6.112857874060140945e-02,8.644265424007464838e-02,-1.391510051754985683e-02,-1.354048090862562323e-02,-2.015294663457753085e-02,3.568093160956292698e-02,-7.546958075816605216e-02
0.000000000000000000e+00,0.000000000000000000e+00,-2.630327219747755074e-01,0.000000000000000000e+00,-2.443502751085898095e-01,-8.337543100874632296e-02,-9.609842673489178699e-02,-9.448635605918920266e-02,1.015600867631595572e-02,-7.957123904834605133e-02,0.000000000000000000e+00,-1.122769800858938460e-01,-4.942664629040002117e-02,-2.771670989713267280e-02,2.996353483159596570e-02,-5.007150883895138127e-02,-1.761783295684102857e-01,-6.626550349680966623e-02,-8.837196297529997802e-02,0.000000000000000000e+00,-2.785178745955977364e-01
0.000000000000000000e+00,0.000000000000000000e+00,0.000000000000000000e+00,-1.848388420908046170e-01,-9.903187857121412141e-02,-1.216557867327757031e-01,-7.662736875797321323e-02,0.000000000000000000e+00,-7.967011295906933910e-02,-7.510636563095239582e-02,-9.044333695898500169e-02,-8.421697342319529878e-02,-1.995246369217406612e-01,-1.409078974649087546e-01,-1.909625837785366431e-01,-1.551737668522627234e-01,-1.830895720647453262e-01,-1.062041818148037331e-01,-1.810240316240293579e-01,0.000000000000000000e+00,-2.160492247453295045e-01
0.000000000000000000e+00,-2.121484165340461470e-01,1.012840820820969795e-02,3.175471741007767496e-02,-2.930521029755314005e-02,-3.717785271991085744e-02,2.460227833319429333e-02,-1.915465775338084584e-02,-1.769104340773200792e-02,-9.486273298275615939e-03,-1.397028164134253049e-02,-2.123271071460065829e-02,-7.310808487337156110e-03,-1.444852674222423493e-02,-4.787968344811836807e-02,-2.494991776767879060e-02,1.182413835619501759e-03,-5.665350638503786201e-02,-3.080056130856378971e-03,-5.188051599851997708e-02,-1.901234021540104957e-01
0.000000000000000000e+00,0.000000000000000000e+00,-1.523505646511236211e-02,2.300596056369005188e-02,1.401504559706383789e-02,-7.062229035880032701e-02,0.000000000000000000e+00,-2.474399704247247714e-03,-3.398334148379583003e-02,-3.413533840519106851e-03,-2.676308750224333510e-02,4.375240745041485829e-03,-1.130255444979228335e-01,0.000000000000000000e+00,-1.149355503399690087e-01,-3.671516468380571496e-02,2.477454673037932705e-03,-1.812478679022582698e-03,-2.042401657128649003e-02,-1.142449390193226860e-01,-1.709999215357468072e-01
-5.225086291211240852e-02,-1.093062306386854005e-01,0.000000000000000000e+00,-1.052536886558203683e-01,-9.067791752081545698e-02,-8.060492410886906101e-02,-6.281959501742216678e-02,0.000000000000000000e+00,0.000000000000000000e+00,-1.025444342404959464e-01,-8.906655357302789566e-02,0.000000000000000000e+00,-9.322620792584748739e-02,-1.409820836437296887e-01,-9.407999354116473867e-02,-8.886132742315469568e-02,-1.773535192420526430e-01,-1.199072981906001284e-01,0.000000000000000000e+00,0.000000000000000000e+00,-6.361466949957673978e-02
-2.312994841994564510e-01,1.935678653376782243e-02,-8.001329792948437547e-03,-7.046820930151038997e-02,-9.925972524969407795e-02,-5.123816864840032015e-02,-2.032639518453132621e-01,-2.661684183677476973e-02,-1.879704410225324640e-02,1.090881173163143168e-02,-7.042702509947825797e-03,-4.745972459860495207e-02,1.927614953048379515e-02,0.000000000000000000e+00,2.259271711363414550e-02,0.000000000000000000e+00,-6.921688256429418817e-02,1.307862941926219011e-03,-6.652681107079265466e-02,0.000000000000000000e+00,-6.530217627705986461e-02
0.000000000000000000e+00,-3.365916009307101664e-02,0.000000000000000000e+00,0.000000000000000000e+00,-2.593187426979440616e-02,-8.137606354830057009e-02,0.000000000000000000e+00,-7.163393612248136755e-02,-1.268466417548674285e-01,-4.866039858303032595e-02,0.000000000000000000e+00,-1.522143410650140805e-01,-2.532772844943433355e-01,-1.758274918459297176e-01,-2.677040105782736018e-02,-8.360328487360527139e-02,-1.665118097053733814e-01,-7.978649327982140216e-02,-5.461518836559249579e-02,-2.324800194503267303e-01,-1.774583476408427840e-01
-1.457398661380516353e-02,-3.227163725424254948e-02,0.000000000000000000e+00,0.000000000000000000e+00,-1.477537958945153995e-01,-5.558988104412795894e-02,-8.902140158427099270e-02,0.000000000000000000e+00,-3.241361708153546461e-02,-1.564880605575917072e-01,-2.699353451610053689e-01,1.221521407744320317e-02,-7.732277534610119962e-02,0.000000000000000000e+00,-2.884233940638299479e-02,0.000000000000000000e+00,-1.366266471871214194e-01,-1.307739080811787524e-01,-1.060874043728003424e-01,-1.120474395483233992e-01,0.000000000000000000e+00
0.000000000000000000e+00,0.000000000000000000e+00,0.000000000000000000e+00,-1.019186638667964329e-01,-4.679758774593691800e-02,-6.063980209317367670e-02,0.000000000000000000e+00,-9.950655961023363583e-02,-6.700474268092598829e-02,-6.817626371915812278e-02,2.517394681462540099e-02,-9.409793865813466385e-02,-9.218163874678006464e-02,0.000000000000000000e+00,-2.202610633323762168e-01,-2.000964250830841173e-01,-8.875841532035677606e-02,-7.508712594441512012e-02,-7.634865985844231651e-02,0.000000000000000000e+00,0.000000000000000000e+00
-3.943871247468994784e-02,0.000000000000000000e+00,-9.165122846964086911e-02,-6.263645965936411042e-02,-2.419589142040365903e-01,-1.481296162433680397e-01,3.593381917485234667e-02,-2.529876381281724249e-02,-1.280503700956171081e-02,1.873461104941876246e-03,5.409200225472313162e-02,-6.318600186949145658e-02,-6.518923727239377131e-02,-3.092170591569682464e-02,3.259284837591672201e-02,-4.571813857438669637e-02,3.578183866014017500e-02,-2.575872179351820779e-02,1.619995557119248766e-02,-1.570082144354058296e-02,0.000000000000000000e+00
0.000000000000000000e+00,0.000000000000000000e+00,0.000000000000000000e+00,-1.020737501945875592e-01,0.000000000000000000e+00,-1.325149125884990953e-01,-7.856146542386151232e-02,0.000000000000000000e+00,-1.161490194611698584e-01,-8.507521572761921058e-02,-5.284947464857746302e-02,-1.196729798106846293e-01,-1.875068838973313889e-01,0.000000000000000000e+00,-1.247335525280414970e-01,-1.165665999886306564e-01,-1.319746007189386006e-01,-1.242208738004813712e-01,-6.374335677578496506e-02,-2.495707455103387540e-01,-8.490063788320961757e-02
-6.854793421381545626e-02,-1.171698280473165016e-01,0.000000000000000000e+00,0.000000000000000000e+00,0.000000000000000000e+00,-1.214622586897217416e-01,-3.755741062190977309e-02,-9.869432903410318980e-02,-5.213877576594863616e-02,-2.471569468936249958e-01,0.000000000000000000e+00,-1.210080047545845638e-01,-1.391744665362486255e-01,7.216958757163614846e-02,6.904168481252859202e-03,-2.838545302532222495e-02,6.060236241977581817e-02,2.557462608972467522e-02,0.000000000000000000e+00,0.000000000000000000e+00,0.000000000000000000e+00
-1.287620929976332207e-01,0.000000000000000000e+00,-5.113025786206457091e-02,-2.085532494555852323e-01,0.000000000000000000e+00,-7.295126914940325280e-02,-1.252872339710654481e-01,0.000000000000000000e+00,0.000000000000000000e+00,-1.316931787307293877e-01,0.000000000000000000e+00,-1.770258494085295009e-01,-9.044899667789133013e-02,-1.020797660423641839e-01,-9.114013925090426460e-02,-1.582515946861978440e-01,-1.108727686811335350e-01,-3.677919162261951425e-02,-1.038083542070529219e-01,0.000000000000000000e+00,-5.397169243479485456e-02
-1.248354906686833937e-01,-1.502540103176596142e-01,0.000000000000000000e+00,0.000000000000000000e+00,-8.180337313605207106e-02,-9.464004712298157429e-02,-1.841066639219021417e-01,-7.643639548268869877e-02,-1.558061545030775541e-01,0.000000000000000000e+00,0.000000000000000000e+00,-1.050901660239389607e-01,-1.605763563400499638e-01,0.000000000000000000e+00,-9.060500701612855812e-02,-9.561259788565298900e-02,-7.488886279186740547e-02,-2.727354638611390047e-01,0.000000000000000000e+00,-1.189674799856390852e-01,0.000000000000000000e+00
-6.988352966207325712e-02,0.000000000000000000e+00,-2.697264206668797404e-01,0.000000000000000000e+00,-9.697576550271314044e-03,-7.363138133889035597e-02,3.834581819755075727e-02,4.720632544449185342e-02,-2.319599937901309448e-03,4.861780408229302713e-02,2.486830427649657296e-02,-4.427569491787608502e-02,-6.637056603231288043e-02,-6.378774477158458134e-02,-6.543598754310414774e-03,-3.616253771409574241e-02,5.180954849588374073e-02,4.623144848115025990e-02,-1.948918234202210928e-02,-9.829330410835286852e-05,0.000000000000000000e+00
-7.866932022959512161e-02,-2.254144128813349579e-01,0.000000000000000000e+00,0.000000000000000000e+00,-7.313020111815504709e-02,-3.436686616142726747e-01,0.000000000000000000e+00,0.000000000000000000e+00,-4.729747597031222495e-02,-8.829969724376195150e-02,-1.130641861293161382e-01,-9.047900628102541198e-02,-1.049428667717816621e-01,0.000000000000000000e+00,0.000000000000000000e+00,-8.699387351799393875e-02,-9.256070560204325559e-02,-1.362127962731476405e-01,0.000000000000000000e+00,-5.821074775913889082e-02,0.000000000000000000e+00
-7.562334501063454339e-02,-1.143203932754176672e-01,-1.251515956495760085e-01,0.000000000000000000e+00,-1.786077189668740517e-01,-2.356041863948604986e-01,-9.323436804969439939e-02,-5.090416181361691328e-02,1.664450159978188640e-02,-1.071455175881330796e-01,-9.637321455372419021e-02,-6.960528980253329057e-02,-1.347432888189026567e-01,0.000000000000000000e+00,0.000000000000000000e+00,-7.201830610728336690e-02,-8.438232933814755754e-02,-7.636793433707715628e-02,-1.354166399968632362e-01,-2.841857354889856246e-01,0.000000000000000000e+00
