3.147536134457932025e-03,-6.727835840076601751e-03,0.000000000000000000e+00,-4.546633844110312822e-02,-4.751672591340799778e-02,-1.153179753395280477e-01,0.000000000000000000e+00,-5.955976846842526984e-02,1.198046210392418771e-02,7.116812788324830682e-04,0.000000000000000000e+00,-1.720964876586566494e-01,-9.138649165302686894e-02,2.283724082279232209e-02,5.353287757748454584e-02,-5.942407690988024682e-02,-7.985204186372654375e-03,-1.213798409702227139e-02,-9.273752485662190015e-02,3.808055660551309257e-02,-1.953142257072669474e-01
0.000000000000000000e+00,-8.877099542434292723e-02,-1.077320541758740868e-01,-1.383705919389192907e-01,-3.223674699515863273e-01,-1.644811862220688647e-01,-1.957212702603187693e-01,0.000000000000000000e+00,-7.574054166298054003e-02,-1.392920057164671321e-01,-2.924011750163821866e-01,0.000000000000000000e+00,-1.548458882401245185e-01,0.000000000000000000e+00,-1.615734569355428973e-01,-1.451239751474934225e-01,-1.114753854626596430e-01,-7.176477828640950851e-02,-1.496869270777310135e-01,-7.147975734539789572e-02,-1.472802324073788360e-01
-6.667231947775426049e-02,0.000000000000000000e+00,-1.845242808883335306e-01,-1.734606807522008909e-01,-1.038985451146009487e-01,-1.303009346901683463e-01,-1.211884811524975153e-01,-7.297237899657545157e-02,-1.328083775226418239e-01,-1.515983155579490038e-01,-1.211460350752087967e-01,-1.420283898154477142e-01,-1.384374590212351375e-01,-1.938190656627745978e-01,-1.306220635908591499e-01,0.000000000000000000e+00,-1.125950665665137879e-01,-1.563094347555319119e-01,-1.452736057246674928e-01,-1.522863136172574738e-01,-9.303579539293817258e-02
-9.454101828460748091e-02,0.000000000000000000e+00,0.000000000000000000e+00,-1.652853260786071588e-01,-1.797074008384565158e-01,-9.618535920200152467e-02,-1.032338838903371775e-01,-6.073695183081470605e-02,-1.140723564042696314e-01,0.000000000000000000e+00,1.087720990311097785e-01,-1.359831169775447268e-01,-1.276167644482355812e-01,0.000000000000000000e+00,-1.283597753843996603e-01,-1.497076842772700478e-01,-1.461515921259783912e-01,-1.631623531056984946e-02,-1.445780887083027988e-01,-1.257134683743010017e-01,-1.555971928073855981e-01
-1.938431466501498168e-01,-9.102095089032130604e-02,-1.015799413418955743e-01,-9.052949982596322775e-02,-8.838512029877323983e-02,-1.425571473957881197e-01,-1.645622476466890305e-01,0.000000000000000000e+00,-1.517692404812001905e-01,-1.020410914423420523e-01,-3.286630558844303440e-01,-9.488891037702591735e-02,-1.858722142487881923e-01,0.000000000000000000e+00,-1.422915922356069729e-01,0.000000000000000000e+00,-1.223279794477029614e-01,-9.359723060672234252e-02,-1.761160937934445336e-01,-1.302228184467630334e-01,-1.526111428283669358e-01
0.000000000000000000e+00,0.000000000000000000e+00,-1.406174852629195060e-01,0.000000000000000000e+00,-1.528730334555785664e-01,-2.881005259444215372e-01,-1.027399724908418938e-01,0.000000000000000000e+00,-1.965164879156714728e-01,-1.279141474060146999e-01,-1.578137056154258200e-01,-1.693096174734449733e-01,-1.757544546859220458e-01,-1.539386913733534201e-01,-2.436053502094863155e-01,-1.593343640009654283e-01,-1.925283766191555612e-01,-1.359411504555908812e-01,-9.896384195875529421e-02,-7.951271188579213389e-02,-1.015933194386864497e-01
0.000000000000000000e+00,0.000000000000000000e+00,-1.967040456913089486e-01,-3.124009033753971099e-01,-1.199172508045220631e-01,-1.778545811629128615e-01,-7.429399590290687583e-02,-1.094723578284953341e-01,-1.542870654988064139e-01,-1.179618388972935167e-01,-1.094685901877565093e-01,-1.935301382043935203e-01,-7.965322595239975045e-02,0.000000000000000000e+00,-7.993879405756891543e-02,-7.125634840650363344e-02,-8.469846739798476964e-02,-1.223151977994932638e-01,-1.104156849353030850e-01,-1.559920480974845425e-01,-1.932267633001822915e-01
0.000000000000000000e+00,-4.981783711580998336e-02,0.000000000000000000e+00,-1.484102779251355031e-01,-1.197937284693765397e-01,-1.193453159445189704e-01,0.000000000000000000e+00,-1.320068236767071336e-02,-1.626037454174309449e-01,0.000000000000000000e+00,-9.772094647938925349e-02,0.000000000000000000e+00,0.000000000000000000e+00,0.000000000000000000e+00,-1.662555497677082050e-01,-1.734359637007341359e-01,-7.761719933687352690e-02,-1.442270101338242183e-01,-1.404826828848649567e-01,0.000000000000000000e+00,-1.883614458233874023e-01
0.000000000000000000e+00,0.000000000000000000e+00,4.242645862422528280e-02,-4.213387507934669429e-01,-2.580073569694225216e-02,1.017602445325328092e-02,-6.900054883598344402e-02,-9.630772141849126833e-02,-4.798803936399002185e-02,-5.139161633243611443e-02,-1.019581367161965096e-01,1.216956230897170838e-01,-6.711176317294955673e-01,0.000000000000000000e+00,6.639678018490408062e-02,5.266088943200521871e-02,5.636918066077253181e-02,-1.854517054644252982e-01,-4.699227327113993102e-02,0.000000000000000000e+00,-1.906717154005480586e-01
0.000000000000000000e+00,9.435155967574568314e-02,1.549057801781931164e-03,5.589718834567649480e-02,-1.445822308896711934e-02,7.410328988810931106e-02,0.000000000000000000e+00,5.815750300500142911e-02,4.824413467957259366e-02,8.448420264006257716e-03,-1.066149213653280470e-01,0.000000000000000000e+00,0.000000000000000000e+00,2.074261975816931239e-02,-5.712616485688011558e-02,1.103282949987152151e-01,8.095807439987774690e-02,0.000000000000000000e+00,-3.342259482038503760e-02,0.000000000000000000e+00,0.000000000000000000e+00
-1.438168667293429070e-01,-1.180843444486533861e-01,0.000000000000000000e+00,-6.113411793812523892e-02,-1.284391245220714850e-01,-1.686775899003669504e-02,0.000000000000000000e+00,-1.874809460819875651e-01,-2.926960678309194902e-02,-1.874245897371821235e-01,-1.059364609597992918e-01,4.131814981037169876e-02,0.000000000000000000e+00,-5.535789102787622151e-02,2.112442911880091367e-02,-8.494471022196194154e-02,-1.719534119608958911e-01,-1.600683249421097909e-01,-1.587187931209088354e-01,-1.120884459701061153e-01,0.000000000000000000e+00
-6.515954403232102066e-02,-2.082108218294324575e-01,0.000000000000000000e+00,0.000000000000000000e+00,-2.123828373941884506e-01,-8.124442934373443670e-02,0.000000000000000000e+00,0.000000000000000000e+00,0.000000000000000000e+00,-1.573427987344844514e-01,-1.153500530623289971e-01,-1.659239680297302233e-01,-1.552167634972465848e-01,-1.577612109328004608e-01,0.000000000000000000e+00,-3.960734961206054117e-02,-1.706997206290415403e-01,0.000000000000000000e+00,-7.985414075744463880e-02,0.000000000000000000e+00,0.000000000000000000e+00
-1.585568844217926099e-01,0.000000000000000000e+00,-1.715320972049523551e-01,-1.204380926121735584e-01,-1.573492768175546730e-01,-1.499563519647291454e-01,-6.830461695728151650e-02,0.000000000000000000e+00,0.000000000000000000e+00,-5.716610516217394966e-02,0.000000000000000000e+00,-1.485116713388119902e-01,-6.283559926581389066e-02,0.000000000000000000e+00,0.000000000000000000e+00,-1.476915919472296945e-01,-1.446109480273929659e-01,0.000000000000000000e+00,-1.120437268386913626e-01,0.000000000000000000e+00,0.000000000000000000e+00
-1.899803183428258602e-01,0.000000000000000000e+00,0.000000000000000000e+00,0.000000000000000000e+00,0.000000000000000000e+00,-6.669350423967071451e-02,0.000000000000000000e+00,0.000000000000000000e+00,-9.851343513049731770e-02,-1.802624086197077979e-01,0.000000000000000000e+00,-3.069951184890260532e-01,-1.510097657716981956e-01,0.000000000000000000e+00,-1.420176951131997822e-01,-7.581139998035524297e-02,-8.384371025671095989e-02,-7.318687546812344125e-02,-8.759187189114504835e-02,0.000000000000000000e+00,0.000000000000000000e+00
-1.008798294459528760e-01,0.000000000000000000e+00,-2.848293377783830405e-01,-1.348392166898856881e-01,-1.193315781604817327e-01,0.000000000000000000e+00,-1.141641415734792886e-01,0.000000000000000000e+00,-1.393966797072928587e-01,-8.169987214924084862e-02,-7.356089796065601316e-02,-2.161176967082760747e-01,-1.476943418778630945e-01,-2.016398892046368241e-01,-1.903486933595725239e-01,-1.586292178353719273e-01,-6.603582445235080256e-02,-1.039275196465474227e-01,-7.153290772988425694e-02,0.000000000000000000e+00,0.000000000000000000e+00
4.199689644897115076e-02,-1.542239366813746198e-03,0.000000000000000000e+00,-1.212990437472096922e-01,-8.003459866572759651e-02,-1.316048790286525605e-01,0.000000000000000000e+00,1.491248910441212577e-02,2.144403328334658354e-02,1.871655414695982955e-02,0.000000000000000000e+00,4.713021827917771717e-02,-7.698028699724258905e-02,-8.416788210440249995e-02,7.218779557420147708e-02,1.207502892829565022e-02,-1.989299693781128309e-02,1.267674283173517505e-02,-8.219633298454621928e-02,-2.589900579563908511e-02,-1.782147807807608064e-01
-1.692660593683715797e-01,8.211201520172890789e-02,0.000000000000000000e+00,0.000000000000000000e+00,0.000000000000000000e+00,6.881811352030763052e-02,0.000000000000000000e+00,0.000000000000000000e+00,-3.918276818046952277e-03,-1.033709923027630873e-01,0.000000000000000000e+00,6.160883454968540951e-02,-2.159345076424158127e-01,0.000000000000000000e+00,0.000000000000000000e+00,-1.154273722416186421e-01,-1.173152090027193700e-01,-1.421262797978836423e-01,-7.223469244947865187e-02,0.000000000000000000e+00,-1.153026832616043523e-01
-7.156509087574997041e-02,-1.436802076965959518e-01,0.000000000000000000e+00,-9.593363371218029123e-02,-5.729109186050631436e-02,2.245400005946484451e-02,0.000000000000000000e+00,0.000000000000000000e+00,-1.457002818501798025e-01,-1.011689637984364565e-01,6.904664133484307402e-03,0.000000000000000000e+00,0.000000000000000000e+00,-1.656793472802839118e-01,-3.263330323038442227e-02,-1.454574432071679135e-01,0.000000000000000000e+00,-1.585432351182670119e-01,0.000000000000000000e+00,0.000000000000000000e+00,-1.798978267319765734e-01
0.000000000000000000e+00,3.992921240143255945e-02,0.000000000000000000e+00,2.798810713934601901e-02,-2.292431579631105942e-02,7.413305673323575956e-03,0.000000000000000000e+00,-6.097831608632756084e-02,-1.251350525828483391e-02,-1.476291390882710219e-01,1.538076711588652612e-02,2.142041644719534441e-02,0.000000000000000000e+00,0.000000000000000000e+00,-2.095702885809569427e-03,8.155715646144780229e-02,6.199619753859816201e-02,-6.945593964381406582e-02,-1.257322673666670942e-01,-1.841321245086014130e-03,-8.147746634706280744e-02
-1.436696674872663670e-01,0.000000000000000000e+00,0.000000000000000000e+00,-1.089470761614271532e-01,0.000000000000000000e+00,-1.398772696590847575e-01,0.000000000000000000e+00,1.113346070248146524e-01,0.000000000000000000e+00,-1.019859231761018926e-03,0.000000000000000000e+00,-2.240151325913297686e-01,0.000000000000000000e+00,-9.195032879426316696e-02,-1.671241982817426863e-01,-6.532561745515289009e-02,-2.849222427176005892e-02,0.000000000000000000e+00,-7.956205471020844078e-02,-1.378503768492453652e-01,-1.124797487687725639e-01
0.000000000000000000e+00,0.000000000000000000e+00,-1.469288368094762431e-01,0.000000000000000000e+00,0.000000000000000000e+00,-1.715843339158074909e-01,-1.000346400728916035e-01,0.000000000000000000e+00,-7.447690588101461839e-02,-7.041344809388253023e-02,-1.205821730420483656e-01,-1.836810255789648738e-01,0.000000000000000000e+00,-3.002372073844878919e-01,-1.542561750931073505e-01,-1.348610443329410769e-01,-1.540516482350513250e-01,-1.572248077841001956e-01,-2.443282157791611675e-01,-1.735302491624798327e-01,-1.475221006015946801e-01
-1.343760131108277800e-01,0.000000000000000000e+00,0.000000000000000000e+00,0.000000000000000000e+00,-1.453055306478496234e-01,-1.798440924576954758e-01,-1.225838642252130156e-01,0.000000000000000000e+00,0.000000000000000000e+00,-7.812352056785271115e-02,-1.419690724627205025e-01,-7.259024265641063345e-02,-1.802654592000665634e-01,0.000000000000000000e+00,-1.062622508372749880e-01,0.000000000000000000e+00,-1.371316406096550755e-01,0.000000000000000000e+00,0.000000000000000000e+00,0.000000000000000000e+00,0.000000000000000000e+00
-7.031629453037722965e-02,0.000000000000000000e+00,0.000000000000000000e+00,1.527135393974973429e-02,1.219397724166747764e-02,-1.285030021024776981e-01,0.000000000000000000e+00,-3.798152847781951363e-02,-1.799271958404467450e-02,-8.953486400053889405e-02,-8.261727287025581734e-02,0.000000000000000000e+00,-1.116268729992051512e-01,0.000000000000000000e+00,-1.648643793337739583e-02,3.716521081191572623e-02,6.872571941766328178e-03,1.630585998692809721e-02,-3.922792283950244513e-02,0.000000000000000000e+00,0.000000000000000000e+00
-8.217282468818858099e-02,0.000000000000000000e+00,0.000000000000000000e+00,0.000000000000000000e+00,0.000000000000000000e+00,-7.620412089219652518e-02,-8.750844426681318733e-02,0.000000000000000000e+00,-9.832439213885593721e-02,0.000000000000000000e+00,7.833644282457465080e-02,-1.439851248964636732e-01,-3.104663350206411931e-01,0.000000000000000000e+00,-1.124849336781906378e-01,-9.176213445447446715e-02,0.000000000000000000e+00,4.193551502681167054e-02,0.000000000000000000e+00,0.000000000000000000e+00,-1.785101803880981830e-01
-8.310221531688960495e-02,0.000000000000000000e+00,-1.417806161017473032e-01,0.000000000000000000e+00,0.000000000000000000e+00,-1.839681320890390326e-01,0.000000000000000000e+00,0.000000000000000000e+00,6.329805876648312950e-03,-7.455074810780887296e-02,-9.771044634654031669e-02,0.000000000000000000e+00,0.000000000000000000e+00,-2.106072806766645655e-02,-3.417067059482398889e-02,-9.804049643688059201e-02,-2.888321440309856575e-02,-1.199995118598115446e-01,-1.257736377994677357e-01,0.000000000000000000e+00,-1.069147119213682551e-01
0.000000000000000000e+00,-5.452891005522950835e-02,-1.307021313757300296e-01,-4.388967551999176792e-02,0.000000000000000000e+00,-1.390123820885449425e-02,0.000000000000000000e+00,0.000000000000000000e+00,0.000000000000000000e+00,-6.670311513944482407e-02,-9.683209276169117696e-02,0.000000000000000000e+00,0.000000000000000000e+00,-5.004699798010329992e-02,-8.785474370842820402e-02,-1.098972725465444666e-01,-6.670575674265978583e-02,-2.188947734659848210e-01,0.000000000000000000e+00,-1.297472197231736291e-01,-1.825737819461972500e-01
-5.690626420594045720e-02,-1.873269899693418561e-01,0.000000000000000000e+00,-3.582909149970578966e-01,-1.322233178262100239e-01,-1.368864295428998679e-01,-1.313907589176319390e-01,0.000000000000000000e+00,-1.565063805609572256e-01,-6.836947255670434986e-02,-1.013008898686753728e-01,-1.305159575309215170e-01,-1.445967547717177948e-01,-1.686194277072808057e-01,-1.707704051830987169e-01,-1.795393441129151946e-01,-7.623142706804968138e-02,-1.431688732672163344e-01,-9.981425220840767221e-02,0.000000000000000000e+00,-9.386166312811665413e-02
0.000000000000000000e+00,-5.675010589671018735e-02,0.000000000000000000e+00,-1.446587013967563784e-01,-8.285055241556642247e-02,-5.989963800671525146e-02,0.000000000000000000e+00,0.000000000000000000e+00,0.000000000000000000e+00,0.000000000000000000e+00,6.349532949978895641e-03,-1.278446011378389369e-01,0.000000000000000000e+00,-1.204886735849413637e-01,-3.801288806758484906e-02,-1.694655031258491540e-01,-1.159831327618834756e-01,-2.337234224171889363e-01,-6.433100850351175515e-02,-9.317106060875637863e-02,-5.060177211636801564e-02
0.000000000000000000e+00,0.000000000000000000e+00,0.000000000000000000e+00,2.460739821217994630e-02,-1.654870861559154527e-01,-1.145552518655691410e-01,-2.248248879638728784e-02,0.000000000000000000e+00,0.000000000000000000e+00,-2.227331874198449843e-02,-1.133542070553446440e-01,-8.171279014003814123e-02,-2.513115384800306829e-01,-9.443870522884195706e-02,-4.046213842052865522e-02,4.342794744842291138e-02,-3.968168219970983485e-02,-1.401860038682012644e-01,0.000000000000000000e+00,-1.679292840958516164e-01,0.000000000000000000e+00
-1.201300900035246338e-01,0.000000000000000000e+00,-1.141636085592085681e-01,0.000000000000000000e+00,-7.270920952875184473e-02,-1.649185727910338073e-01,-1.261315040242921293e-01,-2.086551158635484571e-01,0.000000000000000000e+00,-1.138734168599514485e-01,0.000000000000000000e+00,-1.024203214153773939e-01,-9.320177575699245542e-02,-1.469886587311629855e-01,-2.192653675262946633e-01,-1.630698799699955848e-01,-1.645430050839314096e-01,0.000000000000000000e+00,0.000000000000000000e+00,-1.594875970626688788e-01,0.000000000000000000e+00
-6.314462448487460910e-02,0.000000000000000000e+00,0.000000000000000000e+00,-2.243421878046419904e-01,0.000000000000000000e+00,-9.769413177795507885e-02,-1.880979950127671940e-01,-1.603771508275849134e-01,-1.056490529590187744e-01,-9.304764733860872161e-02,-1.316154551062864442e-01,0.000000000000000000e+00,-1.816481027993516184e-01,-2.000106272807383734e-01,-1.820694472565371758e-01,-1.243575849086154400e-01,-8.293076048929054478e-02,-8.053235522693449888e-02,-6.694279357265585373e-02,-1.087635179331512547e-01,-1.363087689390460877e-01
0.000000000000000000e+00,0.000000000000000000e+00,-1.155883434504967056e-01,-1.642011576350355662e-01,0.000000000000000000e+00,-1.412396232444883548e-01,0.000000000000000000e+00,-5.894717176465263941e-02,0.000000000000000000e+00,-6.432046540888866626e-02,-5.804251513923795736e-02,0.000000000000000000e+00,0.000000000000000000e+00,0.000000000000000000e+00,-4.397156414381390294e-02,-1.410551647231890471e-01,-1.593386172922186539e-01,-1.186255662685181123e-01,-9.620036834203748999e-02,0.000000000000000000e+00,-6.334502803547341354e-02
7.618531074810895587e-02,-1.065730007503255666e-01,-1.540296109170959278e-02,-1.205507804139393790e-01,-1.437949065945834728e-02,-9.453556657584842593e-02,0.000000000000000000e+00,-3.055655905835781908e-02,3.016931888417519192e-02,-2.814394974400340199e-02,6.391995452148431511e-02,0.000000000000000000e+00,-1.176240199653367791e-01,4.411242549434888499e-02,0.000000000000000000e+00,1.064457823874342783e-02,2.083072928110962438e-02,1.120961506031245038e-02,-3.897517880636630627e-02,3.603129332222698017e-02,-6.518787036942617907e-02
-7.025305689561235634e-02,4.418249446870806119e-02,-9.027840873364029184e-02,-1.103806229679874934e-01,0.000000000000000000e+00,-1.282169520851595690e-01,1.156962076338555190e-01,-1.951949334449456230e-01,2.977459692087944601e-02,-7.017660477545174802e-02,-6.402479725626450402e-02,0.000000000000000000e+00,0.000000000000000000e+00,-2.311262727321012483e-02,-3.795478448128027094e-02,-7.537720496393932046e-02,0.000000000000000000e+00,-7.638563282011527102e-03,5.890630624362989259e-02,0.000000000000000000e+00,-9.669755094057376488e-02
-1.208316046795191445e-01,-1.771079120162132314e-01,-8.756761992998365884e-02,-1.347970858954098405e-01,0.000000000000000000e+00,-1.379350373995751333e-01,-1.542526291707152220e-01,0.000000000000000000e+00,-1.162741312666411841e-01,-9.508167561855057626e-02,-6.524193778927034337e-02,0.000000000000000000e+00,0.000000000000000000e+00,-1.368165429562114843e-01,-6.489219032993659431e-02,-2.476142793397208275e-01,0.000000000000000000e+00,-7.914273086229575704e-02,0.000000000000000000e+00,0.000000000000000000e+00,0.000000000000000000e+00
-4.231210791807190480e-02,0.000000000000000000e+00,-1.570972329206124785e-01,0.000000000000000000e+00,-3.029488374699860695e-02,-1.402729567391941545e-01,0.000000000000000000e+00,0.000000000000000000e+00,-5.377911110599419009e-02,0.000000000000000000e+00,-6.208905339171692100e-02,-4.628176369157402381e-02,0.000000000000000000e+00,-3.534470856314488041e-02,-5.712064040141968252e-02,-7.997267168035930573e-02,0.000000000000000000e+00,-1.184660545097488554e-01,-8.074950336943247098e-02,2.759179515530856344e-03,-1.364812059791597754e-01
2.001648095857750179e-02,1.883909468556900155e-02,2.828083594578091609e-02,-4.675402132832085639e-02,-1.101240454849639894e-01,9.055463586369895401e-02,5.347010965293930856e-03,-8.589260414856599024e-02,-8.438405245296836180e-03,-3.299257378483688719e-02,-8.015935398460929950e-02,0.000000000000000000e+00,-1.647989428912994547e-01,3.057353055962761315e-02,-2.008847859448908632e-02,-4.587524258300049260e-04,1.765454852741500658e-02,-1.548284546777872472e-01,-1.573396171130821142e-01,5.161008725076175752e-02,-1.051548580786691028e-01
0.000000000000000000e+00,0.000000000000000000e+00,-1.815397695330562833e-01,-5.583422380183713368e-02,-1.911726750886934278e-01,-5.933420481017835646e-02,-1.017993698446175849e-01,0.000000000000000000e+00,0.000000000000000000e+00,-8.531926666416934923e-02,-2.020004808255424500e-01,0.000000000000000000e+00,-9.058096916580238300e-02,-2.100552807459425131e-01,0.000000000000000000e+00,-1.239859908526492471e-01,-1.777562834458402130e-01,-9.810458676083048946e-02,0.000000000000000000e+00,-7.554082576013415595e-02,-1.410174436699499212e-01
0.000000000000000000e+00,0.000000000000000000e+00,0.000000000000000000e+00,-1.600176919529369690e-01,-1.763855608766914662e-01,-6.970794808243363505e-02,-4.164869004702175248e-01,-1.644887573569820127e-01,-7.163528599729732105e-02,-1.541686977254601854e-01,0.000000000000000000e+00,-1.016842090347250538e-01,0.000000000000000000e+00,-1.884741501367730998e-01,-2.132131025976221061e-01,-1.926906138743003649e-01,-2.516795662058091687e-01,0.000000000000000000e+00,-9.944916065111593373e-02,-1.463886966499698683e-01,0.000000000000000000e+00
0.000000000000000000e+00,4.842763337163025206e-02,-7.105174848564961565e-02,0.000000000000000000e+00,-5.333595813650755801e-02,-1.018261549628589335e-01,0.000000000000000000e+00,-3.027199744564174066e-02,-2.009964110654198222e-01,-5.195298843803050105e-03,1.058624066215932760e-02,-1.615693193746463863e-01,0.000000000000000000e+00,-1.558586704173255677e-01,-1.125342848222460335e-01,-1.544015294787455250e-01,-7.392205922286908260e-02,0.000000000000000000e+00,-1.200999058950679571e-01,0.000000000000000000e+00,-6.246259066956901668e-02
0.000000000000000000e+00,-1.119540063923809836e-01,0.000000000000000000e+00,-1.211963953427921542e-01,-7.838358204721827815e-02,0.000000000000000000e+00,-1.339434044635150478e-01,0.000000000000000000e+00,-1.776457338404288933e-01,-1.229467860653330885e-01,-5.986446575961658079e-01,0.000000000000000000e+00,0.000000000000000000e+00,0.000000000000000000e+00,-1.444841291133288630e-01,-1.627279315046036567e-01,-1.810491949036462100e-01,-6.752233791274603325e-02,-1.685109157048771678e-01,-2.221576229618914267e-01,-1.661318562453227010e-01
-2.432879234537237492e-02,0.000000000000000000e+00,0.000000000000000000e+00,-1.850661551961869655e-01,0.000000000000000000e+00,-1.176046446352161101e-01,0.000000000000000000e+00,0.000000000000000000e+00,-3.058782457610783601e-01,-1.301300470559725309e-01,0.000000000000000000e+00,0.000000000000000000e+00,0.000000000000000000e+00,0.000000000000000000e+00,-2.029270677879008444e-01,-1.568667339347857015e-01,-3.725513225623264812e-01,0.000000000000000000e+00,-1.778309638151548688e-01,0.000000000000000000e+00,-1.097929601954971829e-01
0.000000000000000000e+00,0.000000000000000000e+00,-3.709696758244018788e-01,0.000000000000000000e+00,0.000000000000000000e+00,0.000000000000000000e+00,-3.470568076420830206e-01,0.000000000000000000e+00,-1.291487029228506056e-01,-1.481093321625742421e-01,-1.682444874121745981e-01,0.000000000000000000e+00,0.000000000000000000e+00,0.000000000000000000e+00,0.000000000000000000e+00,-2.377318010754128630e-01,0.000000000000000000e+00,-9.074641977228049827e-02,-1.788384570547170427e-01,0.000000000000000000e+00,0.000000000000000000e+00
-7.965036014958881694e-02,0.000000000000000000e+00,0.000000000000000000e+00,-1.522667706034656065e-01,-1.772435955516759032e-01,-2.367382308207300889e-01,0.000000000000000000e+00,0.000000000000000000e+00,-1.454410692509995884e-01,-1.156944485276021894e-01,0.000000000000000000e+00,0.000000000000000000e+00,-1.893995696495841818e-01,-1.792401284575041165e-01,0.000000000000000000e+00,0.000000000000000000e+00,0.000000000000000000e+00,-1.249686210313977752e-01,0.000000000000000000e+00,0.000000000000000000e+00,0.000000000000000000e+00
5.218834336835268678e-02,0.000000000000000000e+00,0.000000000000000000e+00,-6.013420084436860852e-02,7.815912323786988747e-02,-4.580597021817843506e-02,0.000000000000000000e+00,0.000000000000000000e+00,1.235006150733397173e-01,9.376469344421795027e-02,0.000000000000000000e+00,5.767102279850543078e-02,-9.419092359842534679e-02,0.000000000000000000e+00,-2.831510442645124997e-02,-3.713991026392433198e-02,0.000000000000000000e+00,0.000000000000000000e+00,-3.372607034404030701e-02,-4.069495145819401749e-02,0.000000000000000000e+00
-3.713326644638542673e-01,-1.530967128343095618e-01,0.000000000000000000e+00,-2.174314166825962458e-01,-1.221910763274378781e-01,-1.201487000895888196e-01,0.000000000000000000e+00,0.000000000000000000e+00,-1.796449728743904073e-01,-1.733369880016973341e-01,0.000000000000000000e+00,0.000000000000000000e+00,0.000000000000000000e+00,0.000000000000000000e+00,-1.346006688303903465e-01,-2.254762767137406809e-01,0.000000000000000000e+00,0.000000000000000000e+00,-1.744347958806191368e-01,0.000000000000000000e+00,0.000000000000000000e+00
0.000000000000000000e+00,-2.742757919788946230e-01,0.000000000000000000e+00,-1.019216976313575829e-01,0.000000000000000000e+00,-2.412900151459510811e-01,-9.346289284529549907e-03,0.000000000000000000e+00,-1.232411193615056411e-01,-1.940048683613547487e-01,-7.019041915359076900e-02,0.000000000000000000e+00,0.000000000000000000e+00,-1.791995099053468599e-01,-1.901328881811036042e-01,-1.866939811183080111e-01,-1.239971779157236359e-01,-1.186252880757145134e-01,0.000000000000000000e+00,0.000000000000000000e+00,0.000000000000000000e+00
8.340955700187741018e-02,6.107188477871491189e-02,0.000000000000000000e+00,0.000000000000000000e+00,0.000000000000000000e+00,-1.198207082066974627e-01,0.000000000000000000e+00,6.216963075695888102e-02,-1.440353080062304891e-01,0.000000000000000000e+00,-2.277993498269360595e-01,3.134468677439907619e-03,0.000000000000000000e+00,0.000000000000000000e+00,0.000000000000000000e+00,2.997884544629885253e-02,-5.448071591511853551e-02,-5.716198141469541749e-02,0.000000000000000000e+00,0.000000000000000000e+00,-1.004556640046503913e-01
-4.533002707320653302e-02,-2.017561370688093214e-01,0.000000000000000000e+00,-5.348888955458754035e-02,-1.891050123496258728e-01,-3.022640715395336422e-02,0.000000000000000000e+00,0.000000000000000000e+00,-1.370555487736644928e-01,-2.231090013567378905e-01,0.000000000000000000e+00,0.000000000000000000e+00,0.000000000000000000e+00,0.000000000000000000e+00,-1.752019618875546858e-01,0.000000000000000000e+00,-1.161438900267550492e-02,-8.555766416970511656e-02,0.000000000000000000e+00,-1.616052435300769918e-01,0.000000000000000000e+00
-1.107799839208963993e-01,0.000000000000000000e+00,-1.062751802569852910e-01,-1.325360056946268961e-01,-3.134954361919999322e-01,-1.754110777130001575e-01,0.000000000000000000e+00,0.000000000000000000e+00,-8.230520191349749437e-02,-1.228677981811543973e-01,0.000000000000000000e+00,0.000000000000000000e+00,0.000000000000000000e+00,0.000000000000000000e+00,-1.152256724896057044e-01,-1.395444170741481915e-01,-7.514064122422295378e-02,-1.488839866617879537e-01,0.000000000000000000e+00,0.000000000000000000e+00,-1.303196516930362758e-01
3.940981253462643580e-02,-3.107082987988874292e-02,-9.297320177015271081e-02,0.000000000000000000e+00,-1.513915607725369317e-01,0.000000000000000000e+00,-8.507514408127582473e-02,-1.082602215712512722e-01,0.000000000000000000e+00,-8.145591013724946816e-02,-3.268871109003399639e-02,-1.853873138751337482e-02,0.000000000000000000e+00,0.000000000000000000e+00,5.887607491439429729e-04,3.560326671273670446e-02,-1.507481391792236114e-01,-7.585544162026208737e-02,-1.013918881163876073e-01,0.000000000000000000e+00,0.000000000000000000e+00
5.855523331032570777e-02,-1.402904548729167616e-02,0.000000000000000000e+00,-5.282161146471027469e-02,0.000000000000000000e+00,3.894390738574224353e-02,-2.756806648070406901e-03,0.000000000000000000e+00,7.834095752064619556e-02,0.000000000000000000e+00,0.000000000000000000e+00,-2.110392081946397408e-02,-1.222227298440358295e-01,4.894546188723578051e-02,0.000000000000000000e+00,2.527832465233454014e-03,-1.062613853289064202e-03,-1.693288410354655549e-02,-4.046503659323170965e-02,0.000000000000000000e+00,0.000000000000000000e+00
-4.835445760492002032e-02,-8.859911339192863555e-02,0.000000000000000000e+00,0.000000000000000000e+00,0.000000000000000000e+00,0.000000000000000000e+00,-1.382220172109581424e-01,-5.806717610767157117e-02,0.000000000000000000e+00,-1.041735893931705903e-01,0.000000000000000000e+00,-6.662800464176703297e-02,0.000000000000000000e+00,0.000000000000000000e+00,-8.074299628563974540e-02,-5.397193670579212427e-02,-1.626219735105416953e-01,-3.780476606161898949e-03,-1.862350879729020581e-01,-1.215352630615380986e-01,-1.879549157954318317e-01
0.000000000000000000e+00,0.000000000000000000e+00,0.000000000000000000e+00,-1.067646421640352089e-01,0.000000000000000000e+00,-1.774905450895215286e-01,0.000000000000000000e+00,0.000000000000000000e+00,-1.273034062356748486e-01,0.000000000000000000e+00,0.000000000000000000e+00,0.000000000000000000e+00,0.000000000000000000e+00,-1.592841931303705938e-01,0.000000000000000000e+00,-1.946278000239578809e-01,-1.833095869344756601e-01,0.000000000000000000e+00,-3.175859846155947297e-01,-7.904556037243783140e-02,0.000000000000000000e+00
2.238332831837019921e-02,7.631305774138197329e-02,0.000000000000000000e+00,0.000000000000000000e+00,0.000000000000000000e+00,-1.294806725503203637e-01,-1.092134417389472728e-01,0.000000000000000000e+00,-1.527682181628430280e-01,-1.393841871513515351e-01,-1.135447790838755716e-01,0.000000000000000000e+00,0.000000000000000000e+00,5.172294058286375229e-02,-7.104551589307968318e-02,1.689654303511943165e-02,8.335994302891609753e-02,0.000000000000000000e+00,0.000000000000000000e+00,0.000000000000000000e+00,0.000000000000000000e+00
3.451718426582135041e-02,0.000000000000000000e+00,0.000000000000000000e+00,2.047641950945595229e-02,-7.021539137141254334e-03,0.000000000000000000e+00,0.000000000000000000e+00,0.000000000000000000e+00,0.000000000000000000e+00,1.506572768482556356e-02,3.947953437185727776e-02,0.000000000000000000e+00,-1.336233656610314458e-01,-8.928315184878173050e-02,3.503540770016649181e-02,0.000000000000000000e+00,0.000000000000000000e+00,-6.642605339824429744e-02,-1.001947721107825789e-03,0.000000000000000000e+00,0.000000000000000000e+00
0.000000000000000000e+00,-1.878747870739579939e-01,0.000000000000000000e+00,0.000000000000000000e+00,-1.272348157334239060e-01,-1.514890468461727591e-01,0.000000000000000000e+00,0.000000000000000000e+00,0.000000000000000000e+00,-1.692551674616989132e-01,0.000000000000000000e+00,0.000000000000000000e+00,0.000000000000000000e+00,0.000000000000000000e+00,0.000000000000000000e+00,-1.395512068412959883e-01,0.000000000000000000e+00,0.000000000000000000e+00,-1.059538932479503898e-01,0.000000000000000000e+00,0.000000000000000000e+00
-2.641199293325542652e-02,0.000000000000000000e+00,0.000000000000000000e+00,0.000000000000000000e+00,4.007050868037512897e-02,-5.879206882705164533e-02,0.000000000000000000e+00,0.000000000000000000e+00,0.000000000000000000e+00,-1.219853657894424959e-01,0.000000000000000000e+00,0.000000000000000000e+00,3.100009799892477352e-02,0.000000000000000000e+00,4.828989295144076738e-02,-1.528224503065627460e-01,0.000000000000000000e+00,2.283857325095146364e-03,0.000000000000000000e+00,0.000000000000000000e+00,0.000000000000000000e+00
0.000000000000000000e+00,-1.483149307256724225e-01,0.000000000000000000e+00,-1.238946981950099085e-01,0.000000000000000000e+00,-1.276767224607195661e-01,-2.409852321282526799e-01,-1.288693038622979181e-01,-3.330558914385292058e-01,-1.106037972271132763e-01,1.848826703351661230e-02,0.000000000000000000e+00,-1.279805437638078525e-01,-9.504000221709985041e-02,-1.434001846813237613e-01,-3.496750127634343230e-02,-9.615725506586772497e-02,0.000000000000000000e+00,0.000000000000000000e+00,-1.337870671067860895e-01,-1.774563024560810998e-01
-1.137959592322045077e-01,-1.452737892038369061e-01,0.000000000000000000e+00,-9.232884272737830467e-02,-2.008851479444923593e-01,-1.571650074012548304e-01,0.000000000000000000e+00,0.000000000000000000e+00,-1.551326603354562239e-01,-2.572685754543652809e-02,0.000000000000000000e+00,0.000000000000000000e+00,-1.398538152445124860e-01,-1.715712269926771560e-01,-1.758663845159224026e-01,-1.802348735719393469e-01,-1.089231294312447973e-01,-2.088881883188694819e-02,-1.083545143788486875e-01,0.000000000000000000e+00,0.000000000000000000e+00
-3.875226849069308283e-02,0.000000000000000000e+00,0.000000000000000000e+00,0.000000000000000000e+00,0.000000000000000000e+00,-1.583912935228972418e-01,0.000000000000000000e+00,0.000000000000000000e+00,-1.752957500757924836e-01,-2.373879235900098750e-01,0.000000000000000000e+00,0.000000000000000000e+00,-2.835885668509265933e-01,-1.308075167587633980e-01,-1.536907751392059263e-01,-1.591762669286767296e-01,-7.538162661605203596e-02,1.063185222175894347e-03,0.000000000000000000e+00,-1.246892816817313371e-01,0.000000000000000000e+00
0.000000000000000000e+00,0.000000000000000000e+00,0.000000000000000000e+00,-1.235270170068146212e-01,0.000000000000000000e+00,-1.678902308061918369e-01,0.000000000000000000e+00,0.000000000000000000e+00,-1.069431967216436102e-01,0.000000000000000000e+00,0.000000000000000000e+00,0.000000000000000000e+00,0.000000000000000000e+00,0.000000000000000000e+00,-1.436637693121471659e-01,0.000000000000000000e+00,0.000000000000000000e+00,0.000000000000000000e+00,-1.448848823279078601e-01,0.000000000000000000e+00,-1.344437346668784783e-01
-1.252547734561995814e-02,-3.433635755305280979e-01,0.000000000000000000e+00,0.000000000000000000e+00,-1.187175199901441824e-01,-1.250653580565801726e-01,0.000000000000000000e+00,0.000000000000000000e+00,-1.812078047746873144e-01,-1.311516894893588192e-01,-9.621787791612738949e-02,-1.403200878955619957e-01,-1.571768394345072484e-01,0.000000000000000000e+00,0.000000000000000000e+00,0.000000000000000000e+00,0.000000000000000000e+00,-1.452918078052838902e-01,-1.114655397755331123e-01,0.000000000000000000e+00,0.000000000000000000e+00
-8.546117968389453645e-02,0.000000000000000000e+00,-1.527237280151936549e-01,-9.914482037047912810e-02,0.000000000000000000e+00,-4.792178689915885248e-02,0.000000000000000000e+00,0.000000000000000000e+00,-7.379524837988675479e-02,-2.763047775854372140e-02,-1.169409693053976157e-01,0.000000000000000000e+00,0.000000000000000000e+00,-1.548202767708844463e-01,1.068957969110027606e-01,0.000000000000000000e+00,5.389708177611218787e-02,-1.125261704624020004e-01,-1.564960546673311859e-01,-6.904881930267388335e-02,-1.724126184536758921e-01
0.000000000000000000e+00,0.000000000000000000e+00,0.000000000000000000e+00,0.000000000000000000e+00,0.000000000000000000e+00,8.219099984033824413e-02,0.000000000000000000e+00,0.000000000000000000e+00,6.615783051085134814e-02,6.645793537078359403e-02,0.000000000000000000e+00,7.633553197746881236e-02,-1.658673781495415833e-01,0.000000000000000000e+00,-1.522308896135999012e-01,0.000000000000000000e+00,0.000000000000000000e+00,1.554822406341436689e-02,0.000000000000000000e+00,-4.226756416132467636e-02,0.000000000000000000e+00
1.222336958118078881e-01,0.000000000000000000e+00,0.000000000000000000e+00,-1.227735815734797564e-01,0.000000000000000000e+00,-7.433976555102632389e-03,2.042367009158544897e-02,0.000000000000000000e+00,6.984259154170792405e-02,-3.386214891566508792e-03,1.537349702185381722e-02,0.000000000000000000e+00,0.000000000000000000e+00,0.000000000000000000e+00,9.779424076202289373e-02,0.000000000000000000e+00,3.172718073034335590e-02,-1.158589053471121566e-01,6.796270792049736650e-03,0.000000000000000000e+00,-1.738615643593677818e-01
3.627257600235666429e-02,0.000000000000000000e+00,0.000000000000000000e+00,-1.269589766400216480e-01,0.000000000000000000e+00,0.000000000000000000e+00,0.000000000000000000e+00,0.000000000000000000e+00,4.463409768768580692e-03,7.588984769358867637e-04,0.000000000000000000e+00,6.812141489009215789e-02,0.000000000000000000e+00,0.000000000000000000e+00,6.051571289888064281e-02,0.000000000000000000e+00,0.000000000000000000e+00,-5.013995963934950867e-02,-9.419380276029497637e-03,0.000000000000000000e+00,-2.204201268425486082e-01
9.237232109847033981e-03,7.046388022672334106e-02,0.000000000000000000e+00,-5.487759746304787800e-02,-1.719038782838412105e-01,5.521586387114656505e-03,0.000000000000000000e+00,-6.152639889815608894e-03,0.000000000000000000e+00,-1.492699698627837357e-01,1.102131909102576079e-01,7.116882170152778742e-02,5.457619309497444005e-02,9.644195557942498997e-02,4.174714135817873123e-02,-6.205025026937430188e-02,0.000000000000000000e+00,-5.293164715062891046e-02,9.652312266425908810e-03,0.000000000000000000e+00,0.000000000000000000e+00
-1.462778858821112832e-02,0.000000000000000000e+00,0.000000000000000000e+00,0.000000000000000000e+00,-1.508679251984120784e-01,-4.125231736555151629e-02,-1.922907187221748956e-02,0.000000000000000000e+00,-1.264893089767377965e-01,-6.715872190263018349e-02,6.443756005472279884e-03,-1.197403974516859926e-02,-4.760452790181008559e-02,-4.498168167779622445e-02,-5.807817140461878080e-02,-6.121204976956785317e-03,-9.905159737494248495e-02,-1.150839234249138865e-01,0.000000000000000000e+00,-3.518627082690097274e-01,0.000000000000000000e+00
0.000000000000000000e+00,-1.424543855988606167e-01,0.000000000000000000e+00,0.000000000000000000e+00,-3.411730599902736416e-01,2.277018540693816987e-03,4.906282912526357259e-02,0.000000000000000000e+00,-1.339382499294028937e-02,-7.576599552030667539e-03,3.197394844433201766e-02,-4.973335234359711754e-02,-9.899102984665615612e-02,4.074402576183065033e-02,-2.405619113425653752e-02,8.047434086642071827e-02,0.000000000000000000e+00,-4.784806089658548769e-03,3.676462193918542121e-02,0.000000000000000000e+00,-1.441114985251380487e-01
0.000000000000000000e+00,0.000000000000000000e+00,0.000000000000000000e+00,1.205521981588439720e-02,-5.119229218765706385e-02,7.728123362618960490e-02,5.361348062159760480e-02,0.000000000000000000e+00,0.000000000000000000e+00,2.602050641266885969e-02,0.000000000000000000e+00,-8.399056826341391377e-03,-1.445873356117626518e-01,1.007045063848827256e-02,0.000000000000000000e+00,6.768044682798663066e-04,0.000000000000000000e+00,-1.081350622960166631e-02,-4.288322842108189398e-02,0.000000000000000000e+00,-1.656027894264180955e-01
0.000000000000000000e+00,-7.034494480153252738e-03,-1.671671034952716128e-01,0.000000000000000000e+00,0.000000000000000000e+00,3.012537129364079025e-02,0.000000000000000000e+00,4.742763936013518616e-02,-1.205253679043053611e-01,1.274600949051811483e-02,0.000000000000000000e+00,0.000000000000000000e+00,0.000000000000000000e+00,0.000000000000000000e+00,0.000000000000000000e+00,0.000000000000000000e+00,0.000000000000000000e+00,0.000000000000000000e+00,-1.001080181480593218e-01,0.000000000000000000e+00,0.000000000000000000e+00
-5.823423335610659196e-02,0.000000000000000000e+00,0.000000000000000000e+00,-4.224281447915952808e-02,0.000000000000000000e+00,-4.932324376753885464e-02,0.000000000000000000e+00,-1.522644233807220471e-01,1.327711741351482733e-01,3.510303103295951688e-02,5.632116474567977482e-02,5.176989353524872467e-02,0.000000000000000000e+00,0.000000000000000000e+00,6.809819942315613328e-02,-4.985427338260452201e-02,0.000000000000000000e+00,4.558371324442563044e-02,3.163943224251622444e-02,1.047571048801739929e-01,0.000000000000000000e+00
-1.431419754706290404e-01,0.000000000000000000e+00,-1.174025530467562861e-01,0.000000000000000000e+00,3.297215504754085619e-02,-1.266398813055020778e-01,0.000000000000000000e+00,-6.537884148538232465e-02,0.000000000000000000e+00,-1.432508051090981560e-01,-1.359803270654970087e-01,-1.384010108026920705e-01,-1.461210845818523563e-01,-1.293580191482713859e-01,-2.153779617144922776e-01,-1.824277942475816539e-01,-8.604950447968383320e-02,-1.140997064873607164e-01,0.000000000000000000e+00,-2.982694463413676500e-02,-2.265426795497060275e-01
0.000000000000000000e+00,5.287008021622027244e-03,0.000000000000000000e+00,0.000000000000000000e+00,0.000000000000000000e+00,-1.310968985359447503e-01,0.000000000000000000e+00,0.000000000000000000e+00,-1.441378570747864629e-01,-4.216754367250984403e-01,0.000000000000000000e+00,-1.732968370156782734e-01,0.000000000000000000e+00,0.000000000000000000e+00,-6.624564122604513494e-02,-3.327105066994750365e-02,-1.556889516122417737e-02,0.000000000000000000e+00,-1.467818681260666669e-01,0.000000000000000000e+00,-1.217689485984494446e-01
6.073706153757177373e-02,0.000000000000000000e+00,-1.920890559444691018e-02,1.004057923470086204e-02,-2.880277988347055770e-02,8.556951503586643359e-02,1.138687384469847796e-01,0.000000000000000000e+00,0.000000000000000000e+00,-9.508272249500282491e-02,0.000000000000000000e+00,9.062758835603826335e-02,3.841269592588545528e-02,0.000000000000000000e+00,1.466643902683115218e-03,7.350126281356968161e-02,1.798525767392642263e-02,-9.423358845399398831e-02,-9.095454512052159046e-02,0.000000000000000000e+00,0.000000000000000000e+00
-1.007785991188991925e-02,2.790278139914555838e-02,0.000000000000000000e+00,-4.183776358768945269e-02,-1.038277483390921685e-01,8.156444516451405446e-02,0.000000000000000000e+00,0.000000000000000000e+00,-7.015969773735734882e-02,-1.461408140008041145e-01,0.000000000000000000e+00,0.000000000000000000e+00,-3.391176319267921180e-01,-7.616334086107934276e-02,-1.444052506561554206e-01,0.000000000000000000e+00,2.065365873239348796e-02,-1.518438810903720015e-01,0.000000000000000000e+00,0.000000000000000000e+00,0.000000000000000000e+00
-2.668202774083094919e-02,0.000000000000000000e+00,0.000000000000000000e+00,0.000000000000000000e+00,0.000000000000000000e+00,-1.665184216236379466e-01,0.000000000000000000e+00,-8.506737920078670523e-02,-8.871420740476036737e-02,0.000000000000000000e+00,1.160381847167251367e-02,0.000000000000000000e+00,4.792733064702705409e-02,-1.456174810286014198e-01,-1.387993514891201485e-01,-1.486237300022966515e-02,-1.452876967295877175e-01,0.000000000000000000e+00,-1.700830525290748796e-01,0.000000000000000000e+00,0.000000000000000000e+00
9.349990393621057660e-02,0.000000000000000000e+00,0.000000000000000000e+00,4.775018921281636020e-02,-6.725480719457242740e-02,-5.692105551576865513e-02,3.937185397960103056e-02,0.000000000000000000e+00,0.000000000000000000e+00,-1.562944484371810439e-01,-1.005065337822795973e-01,0.000000000000000000e+00,0.000000000000000000e+00,3.618180514438408546e-02,0.000000000000000000e+00,0.000000000000000000e+00,0.000000000000000000e+00,-1.878756729371512668e-02,0.000000000000000000e+00,2.655070868384115310e-03,-1.318394000356664930e-01
0.000000000000000000e+00,0.000000000000000000e+00,4.732829614384801570e-02,0.000000000000000000e+00,-9.143492349268203534e-02,3.777893425192329485e-02,0.000000000000000000e+00,-4.621416122214030281e-02,-1.941958353143177773e-02,7.196549672047889562e-03,0.000000000000000000e+00,0.000000000000000000e+00,0.000000000000000000e+00,0.000000000000000000e+00,-1.209149050298363171e-01,6.984396943827091142e-02,-7.297724541237454732e-02,-1.073142026554492895e-01,-1.793310155052140475e-01,0.000000000000000000e+00,0.000000000000000000e+00
0.000000000000000000e+00,-1.119272423703254471e-01,0.000000000000000000e+00,-1.045795103593107067e-01,-8.626526703193074241e-02,-1.239408658434375671e-01,0.000000000000000000e+00,-1.421346746108953785e-01,-7.885752477476644373e-02,-9.502876162449938602e-02,0.000000000000000000e+00,0.000000000000000000e+00,-9.428317143746725582e-02,-2.460351796666267465e-01,-1.257605978716720696e-01,-1.184604509749021262e-01,-8.390010825908258973e-02,-7.756293037996714324e-02,-1.020422814126348970e-01,-7.699691750452027084e-02,0.000000000000000000e+00
-1.264847661244122012e-01,0.000000000000000000e+00,0.000000000000000000e+00,0.000000000000000000e+00,0.000000000000000000e+00,-9.462460885471436767e-02,-1.301978564296375762e-01,0.000000000000000000e+00,-2.033663574140034402e-01,-5.317419129499589836e-02,-1.779009536391849555e-01,-1.175778370935272182e-01,-2.411131161295833325e-01,0.000000000000000000e+00,-2.019987943695203403e-01,-7.155331253252074364e-02,-9.731692702331920519e-02,-6.676737228149833003e-02,-1.102650236589503285e-01,-1.923470858717685750e-01,-8.544304483699771691e-02
0.000000000000000000e+00,0.000000000000000000e+00,-1.656938439816582967e-02,-2.003095659076734383e-02,2.362324135921023763e-02,-6.461546345048517492e-02,0.000000000000000000e+00,-1.010886073153266507e-01,-5.277986876082452899e-02,-3.754241404645659863e-02,-1.509589966938176264e-01,-5.525998118449521046e-02,0.000000000000000000e+00,-4.917298038525791566e-03,-7.913136933137833451e-02,-4.047065525273541020e-02,-4.153539343331879435e-02,-3.606946060550158401e-02,-1.563320883424254223e-02,0.000000000000000000e+00,-1.321289269185436932e-01
0.000000000000000000e+00,0.000000000000000000e+00,-1.963560151211555249e-01,-1.051957628807367318e-01,-7.222945992709241259e-02,-1.566832390211866377e-01,0.000000000000000000e+00,-3.134660726992686414e-02,-8.827513049967418424e-02,-8.532655269816780130e-02,-1.084412826068165969e-01,-6.418053587493498247e-02,-2.129736712685870725e-01,-2.005838212226994377e-02,-4.825644910127686177e-02,-2.645235396311382270e-02,-6.089420662920793509e-02,-2.315679418686437605e-02,0.000000000000000000e+00,-8.084484521532141199e-02,-7.908635128860143360e-02
1.370523103733886291e-02,0.000000000000000000e+00,0.000000000000000000e+00,0.000000000000000000e+00,0.000000000000000000e+00,-4.289922679392908084e-02,0.000000000000000000e+00,0.000000000000000000e+00,0.000000000000000000e+00,0.000000000000000000e+00,0.000000000000000000e+00,-3.192861216482291709e-01,-1.402180370439368995e-01,0.000000000000000000e+00,-1.378078711296235603e-01,-8.418946257959415702e-02,0.000000000000000000e+00,0.000000000000000000e+00,0.000000000000000000e+00,0.000000000000000000e+00,0.000000000000000000e+00
-5.695303798956764113e-02,-5.216788787472472627e-02,0.000000000000000000e+00,-5.192375684027206173e-02,-3.951245693345102339e-01,0.000000000000000000e+00,-1.139134912038630987e-01,-2.115404390833782455e-01,-7.652144385751870337e-02,-1.235778963823828125e-01,-1.001405310730822951e-01,-1.235862899716342889e-01,-1.007355243874107908e-01,-3.028457010009292794e-01,-1.077977560900240939e-01,-8.158351536961366834e-02,0.000000000000000000e+00,-1.626728935772091822e-01,0.000000000000000000e+00,0.000000000000000000e+00,0.000000000000000000e+00
3.928791010980398827e-04,-4.636287211934397856e-02,0.000000000000000000e+00,1.183050065311906825e-02,-7.245134322986533648e-02,-5.384789179115383184e-02,2.255366164680326982e-02,-6.330898762248182710e-02,-6.145115683178094257e-02,-1.497675537242125141e-02,0.000000000000000000e+00,7.171890550424013869e-03,8.443191068662970339e-03,0.000000000000000000e+00,1.090031909339944649e-02,-3.279248598102937895e-02,7.983754558127291803e-03,-4.657876388143804280e-02,-1.901120423269434673e-02,0.000000000000000000e+00,0.000000000000000000e+00
-2.729751717907476574e-02,0.000000000000000000e+00,0.000000000000000000e+00,-1.242635023220057255e-01,3.220447023353862487e-02,-1.441814659529354892e-01,0.000000000000000000e+00,0.000000000000000000e+00,-1.232615860112564882e-01,-1.133603105862455579e-01,-1.040599595101453917e-01,-1.657464747989814136e-01,-1.126580628213122992e-01,-1.150981855813621724e-01,-9.787093021036805118e-02,-1.166563578368221138e-01,-5.941555876598882818e-02,0.000000000000000000e+00,-1.404445864036898139e-01,0.000000000000000000e+00,0.000000000000000000e+00
-4.752129421877658577e-02,0.000000000000000000e+00,-1.346296205972165490e-02,0.000000000000000000e+00,0.000000000000000000e+00,-9.925981406958575559e-02,-1.266868950245118308e-01,-6.054098670945583238e-02,-7.148644051538978472e-02,-8.131449485565578339e-02,0.000000000000000000e+00,-8.899628250599549151e-02,0.000000000000000000e+00,0.000000000000000000e+00,-5.270665052277253432e-02,-1.359619054764491242e-01,-2.620795637603834383e-02,-3.241337808340657295e-02,0.000000000000000000e+00,0.000000000000000000e+00,-8.055102207193824693e-02
-7.929118516399542849e-02,0.000000000000000000e+00,0.000000000000000000e+00,0.000000000000000000e+00,0.000000000000000000e+00,-9.226101079083499912e-02,0.000000000000000000e+00,0.000000000000000000e+00,-1.296624754831089688e-01,0.000000000000000000e+00,0.000000000000000000e+00,0.000000000000000000e+00,0.000000000000000000e+00,-2.266659045934111827e-01,-4.313119310306436915e-01,0.000000000000000000e+00,-8.146085359372105816e-02,-1.034513563922956625e-01,-1.257778607983659480e-01,-8.832029804310995158e-02,-1.233036681867678563e-01
-8.126012330673011708e-02,0.000000000000000000e+00,0.000000000000000000e+00,-1.316433323414034628e-01,0.000000000000000000e+00,-1.208957920375851036e-01,0.000000000000000000e+00,0.000000000000000000e+00,-1.735236876933243522e-01,-2.296861900005889023e-01,0.000000000000000000e+00,0.000000000000000000e+00,-1.726741908150467575e-01,0.000000000000000000e+00,-1.031172513511123962e-01,-8.340410308928594696e-02,0.000000000000000000e+00,-2.103875416002636278e-01,0.000000000000000000e+00,0.000000000000000000e+00,-1.367476070042933645e-01
0.000000000000000000e+00,-1.942655926932087274e-01,-1.326093828972889355e-01,0.000000000000000000e+00,-1.526027445769673752e-01,-9.441027950414024317e-02,0.000000000000000000e+00,0.000000000000000000e+00,0.000000000000000000e+00,-1.277962525651029912e-01,0.000000000000000000e+00,0.000000000000000000e+00,0.000000000000000000e+00,0.000000000000000000e+00,0.000000000000000000e+00,-1.997033541610588880e-01,-7.067031166498126404e-02,-1.097347464259802452e-01,0.000000000000000000e+00,0.000000000000000000e+00,0.000000000000000000e+00
-9.699842129913976985e-02,-9.535200748697467144e-02,0.000000000000000000e+00,0.000000000000000000e+00,-1.668947005834423569e-01,-1.206839124008195208e-01,-6.303241910872887932e-02,-1.554848459833892832e-02,0.000000000000000000e+00,-1.362644844665728827e-01,0.000000000000000000e+00,0.000000000000000000e+00,0.000000000000000000e+00,0.000000000000000000e+00,-6.019757767073371374e-02,-1.251490410768640593e-01,-3.092104058699201574e-01,0.000000000000000000e+00,-1.134856704391350585e-01,-6.893603950518011059e-02,0.000000000000000000e+00
-1.103552697497703697e-02,0.000000000000000000e+00,0.000000000000000000e+00,-8.336498053465052349e-02,-1.157016316925691124e-01,0.000000000000000000e+00,0.000000000000000000e+00,0.000000000000000000e+00,-1.337236945661254284e-01,-1.076356840366454737e-01,-1.917979939546522183e-01,0.000000000000000000e+00,0.000000000000000000e+00,0.000000000000000000e+00,-8.515733881340768752e-02,-2.135584566101088044e-01,0.000000000000000000e+00,-2.268590617015350114e-02,0.000000000000000000e+00,0.000000000000000000e+00,-8.861600022087241790e-02
0.000000000000000000e+00,0.000000000000000000e+00,0.000000000000000000e+00,-1.180149443548339505e-01,-1.701536431938356353e-01,0.000000000000000000e+00,0.000000000000000000e+00,0.000000000000000000e+00,-1.377796196810360807e-01,-1.339235761957739967e-01,0.000000000000000000e+00,0.000000000000000000e+00,-1.211432842271073368e-01,0.000000000000000000e+00,-8.901610724864549018e-02,-1.253095767096218671e-01,0.000000000000000000e+00,-8.889442674104908182e-02,-8.594588957316973143e-02,0.000000000000000000e+00,-7.190898280339375059e-02
-6.262711990312562482e-02,0.000000000000000000e+00,0.000000000000000000e+00,0.000000000000000000e+00,-2.695312558808069525e-01,0.000000000000000000e+00,0.000000000000000000e+00,0.000000000000000000e+00,-4.327737983624854040e-02,-2.517837326541176313e-01,0.000000000000000000e+00,0.000000000000000000e+00,-8.088638834520432697e-02,0.000000000000000000e+00,-9.773599649864758709e-02,-7.699452947734196362e-02,0.000000000000000000e+00,-1.545604905074006441e-01,-6.545545083625541050e-02,-2.721512237301233483e-01,-7.806176283073673616e-02
-2.567931076914689581e-01,-3.651276031748339479e-01,0.000000000000000000e+00,-1.764033161663154030e-04,-1.950868356298583739e-01,0.000000000000000000e+00,-1.684876825710163450e-01,0.000000000000000000e+00,0.000000000000000000e+00,-1.101098906266350791e-01,-2.007486975601236456e-01,-1.020124463784959773e-01,-8.552665471443919587e-02,0.000000000000000000e+00,-2.413774184477266160e-01,-1.102444546548776994e-01,0.000000000000000000e+00,-8.773125494794309365e-02,0.000000000000000000e+00,-8.910082370397404139e-02,0.000000000000000000e+00
0.000000000000000000e+00,2.279584758149431553e-02,0.000000000000000000e+00,-4.175435180827954257e-02,0.000000000000000000e+00,0.000000000000000000e+00,-6.286919241306820894e-02,3.912840754571057095e-02,6.142020812568722149e-02,5.416520277130441180e-02,3.027943710871867228e-02,5.868278819442464961e-02,0.000000000000000000e+00,5.584945834749752147e-02,0.000000000000000000e+00,3.298327859471607976e-02,6.070537232945706629e-02,-1.364753811632940517e-01,-1.162335760018678443e-01,-1.195134867407524754e-01,0.000000000000000000e+00
0.000000000000000000e+00,-3.623374469767276507e-01,-7.539649881863656755e-02,-1.040539391916756040e-01,-8.012121626534475516e-02,-1.129175314598392238e-01,0.000000000000000000e+00,-1.106620776595126920e-01,-8.059919565677708952e-02,-1.934422887884738596e-01,0.000000000000000000e+00,0.000000000000000000e+00,-7.123126220195262481e-02,0.000000000000000000e+00,-8.189760651511242273e-02,0.000000000000000000e+00,-1.635378657819373527e-01,0.000000000000000000e+00,0.000000000000000000e+00,-1.006125293080126909e-01,0.000000000000000000e+00
0.000000000000000000e+00,-1.056180588933179482e-01,0.000000000000000000e+00,-9.920757943796276734e-02,-5.701542572327032016e-02,-8.753354529142404195e-02,0.000000000000000000e+00,-2.439404273656097522e-01,-8.893854719092970929e-02,-1.401758870821219749e-01,0.000000000000000000e+00,0.000000000000000000e+00,-7.305047440286095706e-02,-2.504014379360284259e-01,-1.307420788943745027e-01,-7.734067420652145086e-02,0.000000000000000000e+00,-2.152754437690295730e-01,-9.512930906829557276e-02,0.000000000000000000e+00,0.000000000000000000e+00
-1.408414974787317586e-01,0.000000000000000000e+00,0.000000000000000000e+00,0.000000000000000000e+00,0.000000000000000000e+00,-9.638665801511581144e-02,-1.938382695630626040e-01,0.000000000000000000e+00,-1.191724051528894324e-01,-8.578288636024682112e-02,0.000000000000000000e+00,0.000000000000000000e+00,0.000000000000000000e+00,-1.275974671127965143e-01,-1.704281734223576650e-01,-8.052039983536495027e-02,-7.276098607714759359e-02,-1.934645898443924650e-01,0.000000000000000000e+00,-1.176715024666496190e-01,-1.288079978177745499e-01
-1.151647895370844776e-01,-3.270252815009270231e-01,0.000000000000000000e+00,0.000000000000000000e+00,-4.354361203126838609e-02,-1.005002756579460310e-01,0.000000000000000000e+00,0.000000000000000000e+00,0.000000000000000000e+00,-2.238239741295095300e-02,0.000000000000000000e+00,-9.968089783641856383e-02,-9.565343085502286957e-02,0.000000000000000000e+00,-1.011018150773277668e-01,0.000000000000000000e+00,0.000000000000000000e+00,0.000000000000000000e+00,0.000000000000000000e+00,0.000000000000000000e+00,0.000000000000000000e+00
-9.162524655282937303e-02,0.000000000000000000e+00,0.000000000000000000e+00,0.000000000000000000e+00,0.000000000000000000e+00,-1.315261429518642389e-01,0.000000000000000000e+00,0.000000000000000000e+00,-7.011210620370574020e-02,-1.558979553407212615e-01,-9.216662641880886409e-02,-2.928204941378362292e-01,0.000000000000000000e+00,0.000000000000000000e+00,-1.094535169543126851e-01,-1.241057214076308757e-01,0.000000000000000000e+00,-1.107741475015788513e-01,-6.388995250984209895e-02,0.000000000000000000e+00,-6.190692389461630724e-02
-9.935405454070812825e-02,0.000000000000000000e+00,0.000000000000000000e+00,-6.333612021890686061e-02,0.000000000000000000e+00,-5.756107615929404592e-02,0.000000000000000000e+00,0.000000000000000000e+00,-8.369633481900068395e-02,0.000000000000000000e+00,-7.505646308566950309e-02,0.000000000000000000e+00,0.000000000000000000e+00,0.000000000000000000e+00,-9.001203158033088680e-02,-5.820290766019883821e-02,-8.437730657410032198e-02,-8.522132546739528969e-02,0.000000000000000000e+00,0.000000000000000000e+00,0.000000000000000000e+00
-9.251356615551606377e-02,-1.356394175878812280e-01,0.000000000000000000e+00,0.000000000000000000e+00,0.000000000000000000e+00,-7.756985823587710105e-02,-7.176938773755416057e-02,-8.912811219141066055e-02,-1.086764592430256443e-01,-9.359841528711013159e-02,0.000000000000000000e+00,0.000000000000000000e+00,0.000000000000000000e+00,-1.090051111719881893e-01,-1.018334573268280252e-01,-1.773228593783925389e-01,-1.164632599574395300e-01,-1.921070853622214303e-01,-8.102180027865571454e-02,0.000000000000000000e+00,0.000000000000000000e+00
0.000000000000000000e+00,0.000000000000000000e+00,0.000000000000000000e+00,-1.497019823794391025e-01,-9.057626583440742118e-02,-9.752703535113230182e-02,0.000000000000000000e+00,3.605857898846494963e-02,0.000000000000000000e+00,7.841362146954140855e-03,6.022387525735343333e-02,0.000000000000000000e+00,-1.461686864050952828e-01,-7.872439951739944319e-02,-8.501324474445610610e-03,-1.110065437309938757e-01,-2.482618679662849659e-01,-3.104078283656913975e-02,-2.657101366382387253e-01,-5.422618554672227476e-02,-1.044321915676193341e-01
0.000000000000000000e+00,-5.711733672990069316e-02,-1.004395377678369283e-01,0.000000000000000000e+00,-8.857111750708268616e-02,-1.157026897903224577e-01,0.000000000000000000e+00,-1.257028371445869375e-01,0.000000000000000000e+00,-1.425354486089328021e-01,-1.679668582082947392e-01,-3.575665629900544040e-01,-7.585683391002773224e-02,0.000000000000000000e+00,-6.515308812350187329e-02,-1.253102382128508663e-01,-6.885373351804094377e-02,-1.639677517071481405e-01,-9.538499025106909890e-02,-5.743289706117936377e-02,-3.571843261302299899e-01
-3.022095101017065188e-02,-1.036357798255317930e-01,0.000000000000000000e+00,0.000000000000000000e+00,0.000000000000000000e+00,-2.648681946441424628e-01,-3.397271271464244458e-02,0.000000000000000000e+00,-2.280845080282913051e-02,-8.102152267640730376e-02,-4.979938984023052351e-02,1.135957772706682953e-02,-6.634635947530587163e-02,0.000000000000000000e+00,-4.801939861838636081e-02,-3.213255188102518561e-02,1.171659185273928212e-02,-1.259994608810632022e-01,0.000000000000000000e+00,-2.223694057770686516e-01,0.000000000000000000e+00
-2.214935881661285744e-01,0.000000000000000000e+00,0.000000000000000000e+00,0.000000000000000000e+00,-2.476309638000502300e-01,-1.028545644189228642e-01,-1.801222727249499889e-01,-1.769711103171726918e-01,0.000000000000000000e+00,-1.032002006659632071e-01,-1.146482753128764270e-01,0.000000000000000000e+00,-8.485650876590759839e-02,0.000000000000000000e+00,3.301997832380106079e-02,-7.926256310255797022e-02,-1.428631858758291906e-01,-1.208478106117599205e-01,0.000000000000000000e+00,-1.167909762988585398e-01,0.000000000000000000e+00
0.000000000000000000e+00,-8.513469734350859186e-02,-6.851216471168086741e-02,0.000000000000000000e+00,0.000000000000000000e+00,-8.058850041384661711e-02,-1.950717456414292061e-01,-9.225295156651391881e-02,-1.225546438498920643e-01,0.000000000000000000e+00,-5.719641627632428282e-02,0.000000000000000000e+00,-5.772636861773108863e-02,0.000000000000000000e+00,-7.362286623357923443e-02,-8.445111285368876730e-02,-7.821712130160983489e-02,-1.815180397990193151e-01,-1.463768212744137320e-01,-8.641752213015503614e-02,0.000000000000000000e+00
-7.520224328951781445e-02,-7.720474204712907129e-02,-7.613686941180662637e-02,-5.311355036278717773e-02,-2.017381987131946219e-01,-7.960059384180545594e-02,-1.809788937332726388e-01,0.000000000000000000e+00,-1.284465911628526469e-01,-7.563093290648528755e-02,0.000000000000000000e+00,-6.898928975975593403e-02,-6.734514323899365440e-02,0.000000000000000000e+00,0.000000000000000000e+00,5.221718909596921587e-02,-5.441213921404694509e-02,-6.091829094941909883e-02,-1.483622645284293218e-01,0.000000000000000000e+00,0.000000000000000000e+00
0.000000000000000000e+00,0.000000000000000000e+00,0.000000000000000000e+00,0.000000000000000000e+00,-1.384079308640281669e-01,-1.035863187575060407e-01,0.000000000000000000e+00,0.000000000000000000e+00,-9.586812776144013060e-02,0.000000000000000000e+00,0.000000000000000000e+00,-6.910830690096346485e-02,-6.316831369065711854e-02,0.000000000000000000e+00,-1.214455830104298889e-01,-1.261747565648237424e-01,-1.051157166140351124e-01,-7.326769606829887371e-02,-7.347269969757898311e-02,0.000000000000000000e+00,-6.785775307672728407e-02
-8.108273914377975289e-02,-8.443784116988119204e-02,0.000000000000000000e+00,-1.571845454447753643e-01,0.000000000000000000e+00,-7.319864516690817446e-02,-1.294423685197414742e-01,0.000000000000000000e+00,0.000000000000000000e+00,-8.351859302759659376e-02,0.000000000000000000e+00,-1.034251394559319165e-01,-6.110753388126298480e-02,-2.678406039087722346e-01,0.000000000000000000e+00,-7.078084960561553673e-02,0.000000000000000000e+00,-8.214348821404289513e-02,-9.441538444693235721e-02,-9.177867096025697780e-02,-1.326434357757747817e-01
0.000000000000000000e+00,0.000000000000000000e+00,-4.239645278378147836e-02,0.000000000000000000e+00,0.000000000000000000e+00,0.000000000000000000e+00,0.000000000000000000e+00,0.000000000000000000e+00,4.895127330385138503e-02,-1.038119082269877563e-01,0.000000000000000000e+00,0.000000000000000000e+00,0.000000000000000000e+00,0.000000000000000000e+00,-9.540350710175023174e-02,0.000000000000000000e+00,0.000000000000000000e+00,0.000000000000000000e+00,6.193972035276367610e-03,0.000000000000000000e+00,-1.747891350242041508e-01
-5.852644266650254556e-02,-6.282628683187310714e-02,0.000000000000000000e+00,0.000000000000000000e+00,0.000000000000000000e+00,0.000000000000000000e+00,-3.111987062566331508e-01,0.000000000000000000e+00,-6.299644106644458619e-02,-1.920674618013227530e-01,0.000000000000000000e+00,0.000000000000000000e+00,-1.404235705283353453e-01,-3.112351436325073162e-01,0.000000000000000000e+00,-1.525212440250924006e-01,-1.185181503525958580e-01,3.098013454050007470e-02,0.000000000000000000e+00,0.000000000000000000e+00,0.000000000000000000e+00
3.288190297674017937e-02,5.304724280599380087e-02,0.000000000000000000e+00,-1.841162622675662774e-01,1.050061177136125401e-01,1.319850446454470527e-01,5.855668144518508256e-02,9.549082893377611181e-02,-1.743825952315136707e-02,-3.272750698199188707e-02,6.890517481540663070e-02,-4.564434719727986783e-02,-1.025232625392552138e-01,-1.574860667169679374e-02,9.059059726540291679e-02,7.855121625495471716e-02,5.358876736358943876e-02,7.349643566975912201e-02,8.697524598917387439e-02,4.379915023227015647e-02,0.000000000000000000e+00
0.000000000000000000e+00,-1.684876111140395094e-01,-3.330525127398702989e-01,-7.436255949700069923e-02,7.002244104335203501e-02,-2.769100333049609453e-02,-1.460140352281253107e-01,4.233997164812686870e-02,6.106639429834723881e-02,9.067579400349923269e-02,1.048812898157398671e-01,-8.174234119124960951e-02,2.282712436030170933e-02,0.000000000000000000e+00,8.144189236184014302e-02,2.122314774154151953e-03,2.105401459060404420e-02,5.028579748466836807e-02,1.301031472430179692e-01,8.332592108661734942e-02,1.525838162348112093e-01
-1.939511121216727293e-02,2.796614359890773130e-02,3.724134897611110911e-02,0.000000000000000000e+00,6.123987235234770905e-03,2.661460701694856601e-02,-2.069062965739019988e-02,-1.298424222477182755e-01,5.751863297927327368e-02,-1.141592637603127264e-01,-3.123409273631936808e-02,4.489147574210514136e-02,5.403762412776577130e-03,2.369072085413371706e-02,-1.554017205171533654e-02,-2.968070048009441644e-02,-2.667779083508257584e-02,-9.262163048284191569e-02,0.000000000000000000e+00,1.112167951457374293e-01,0.000000000000000000e+00
-9.099845466855034648e-02,4.958753292243407024e-02,0.000000000000000000e+00,0.000000000000000000e+00,6.399346507970533893e-03,-9.485803026599837900e-03,2.960697671095665132e-02,-1.546815478482894274e-02,3.050925960183670585e-02,-5.403326989971560940e-02,0.000000000000000000e+00,4.287680486975400940e-02,1.273305454027010841e-01,-9.641461572515910849e-02,5.115688087716055432e-02,2.326019476028936411e-02,1.976234903538464857e-02,0.000000000000000000e+00,-1.919470032291258413e-02,-2.805269772393491389e-04,-2.668201603272119526e-01
2.481632711325239618e-02,0.000000000000000000e+00,9.993902329816439778e-02,0.000000000000000000e+00,-7.723587042896447319e-03,5.104686079724307657e-02,2.103904785758357182e-02,3.294095417172646090e-02,6.078490997558083642e-02,4.343415325435647824e-03,1.411095971991128441e-03,-8.527638509536195066e-02,4.434381389584486632e-02,-6.336725020144888879e-03,6.437290513206812836e-02,-1.158509692452219277e-02,-5.222034000827555089e-02,1.197695651914822829e-03,-1.961890354723573419e-03,-3.055948430715166655e-02,-1.168213910180107146e-01
-6.597153852461135060e-02,-1.526668655543036712e-01,-1.308639407828356693e-01,-1.158379107089441973e-01,-9.763283221643445642e-02,0.000000000000000000e+00,-7.369601871153332040e-02,-9.969535065203111168e-02,-1.057461326855080874e-01,-1.246397101369469962e-01,-1.209220554361527533e-01,-8.829470775186158693e-02,-4.331054728438601953e-02,-1.051887911448165236e-01,-1.628113182211939902e-01,-9.055197614370144588e-02,-8.230583525168284897e-02,-1.269213318784061240e-01,-1.616849856340682734e-01,-1.363316401352962226e-01,-6.592775487636108600e-02
4.256075329677922597e-02,4.334699662253959501e-02,0.000000000000000000e+00,-4.369569949475533149e-02,1.461088986470834017e-01,7.370652708926441962e-03,3.708562324152177292e-02,9.669084853338597019e-02,6.528678891990599698e-02,7.451996498315423267e-02,6.297435921612981602e-02,-5.506580897438985434e-02,6.336053251352413707e-02,3.886532453821989891e-02,1.112110210736383942e-01,1.820885613659763494e-02,6.132100467412603118e-02,1.015182999173531303e-01,4.517694469992451778e-02,6.959736745966187133e-02,-9.120366456846620840e-02
-8.989251443353211968e-02,-2.744453961028892747e-02,0.000000000000000000e+00,-1.917098474386249862e-01,-1.114757685769994511e-01,-1.210115020056803103e-01,-1.411203626304771419e-01,-9.734534921681330111e-02,-1.154457379956672775e-01,-1.607779312442359221e-01,-1.715748245929157034e-01,0.000000000000000000e+00,-3.656738946999428252e-01,-7.898221352607502632e-02,-9.927982002036352116e-02,-8.932528794067698397e-02,0.000000000000000000e+00,2.868774049194240672e-02,-8.550567967587167917e-02,0.000000000000000000e+00,0.000000000000000000e+00
-1.400988983405466737e-01,-8.569868230854578439e-02,-4.850209386491158292e-02,-6.454430842642336352e-02,6.668369371921936684e-02,0.000000000000000000e+00,0.000000000000000000e+00,-6.157545012364771392e-02,-3.642474999157693794e-02,-2.194239248278400181e-02,-6.811186504789584761e-02,-1.090470723957469162e-01,-1.159881621892638048e-01,-1.030291971315713678e-01,-1.232879996151150549e-02,-9.397830024406989002e-02,-1.285279140996893610e-01,-2.376094869804502158e-02,5.951154040549295338e-02,6.999237464039945178e-02,-2.026242286181257346e-01
-9.742823290615701404e-02,0.000000000000000000e+00,-1.583492384483125015e-01,0.000000000000000000e+00,0.000000000000000000e+00,-1.231514831350349198e-01,-9.696284944321828525e-02,0.000000000000000000e+00,-1.680673569980882798e-01,-2.736755610121116566e-01,-1.498514044148370195e-01,-9.910136571413508122e-02,-1.642188783339633418e-01,0.000000000000000000e+00,-8.293972299101771972e-02,-7.634360556187204383e-02,-9.922144519250493400e-02,-6.918519301569608926e-02,-5.207265363635429217e-02,0.000000000000000000e+00,-5.592613524006387338e-02
-1.045530818574949561e-01,-1.382779152017152846e-01,-5.478027019703052974e-02,-2.461548492205593297e-01,-7.093724173934175259e-02,-7.309307120375339861e-02,-9.125713941809117380e-02,-7.822610401099833188e-02,-5.565318990220738393e-02,-1.029945387397959849e-01,-9.966690724164624371e-02,-1.029259571185776878e-01,0.000000000000000000e+00,0.000000000000000000e+00,1.298124015884430729e-02,0.000000000000000000e+00,-1.246509305529853867e-01,-1.389675864184769516e-01,-1.337995909463367272e-01,-8.859669564211621051e-02,-7.599597746778735674e-02
-1.498513343652085883e-02,5.162611919195966848e-03,0.000000000000000000e+00,5.469279259182888847e-02,-7.524515306537908621e-02,-1.067141885831360409e-01,-2.094197729936804909e-03,-5.952976066528274657e-02,-4.704479919395761905e-02,-1.485129696008095565e-02,1.176291910459855913e-02,-4.366927132729439553e-02,1.157811363679927879e-03,3.223431207632559969e-02,3.427993338597808831e-02,-4.650733698961393575e-02,-8.889051603692216252e-02,-3.632809071329762274e-02,-5.122259006769304401e-04,-8.605593108148799908e-02,-5.351481551462237279e-02
0.000000000000000000e+00,-2.192116634314784096e-01,0.000000000000000000e+00,0.000000000000000000e+00,-1.266877952005109401e-02,-6.993906964194328280e-02,0.000000000000000000e+00,-1.286769303635007800e-01,-1.117782833602799647e-01,-1.207454500875689424e-01,-1.011068842956725500e-01,0.000000000000000000e+00,-7.462612943830439216e-02,-8.268882653454874554e-02,0.000000000000000000e+00,-1.072320134916161516e-01,-1.155037894720302577e-01,-1.574703719193907003e-01,-2.853298094883969724e-02,0.000000000000000000e+00,0.000000000000000000e+00
0.000000000000000000e+00,6.102432679208940475e-03,0.000000000000000000e+00,0.000000000000000000e+00,-7.756071204943659758e-02,0.000000000000000000e+00,-2.961678561506421448e-02,-6.985847516691244541e-02,-7.695272678965445895e-03,-4.508024283481627814e-02,0.000000000000000000e+00,4.532826371160410955e-02,-9.777786666618359934e-02,0.000000000000000000e+00,-1.415250126353482726e-02,8.059944140728685091e-03,-1.953254364891810271e-02,-4.643358078498427410e-02,0.000000000000000000e+00,0.000000000000000000e+00,0.000000000000000000e+00
-1.497359882155411062e-02,9.238320518466864445e-03,1.351950809950801767e-02,-8.724320106415767162e-02,-8.780661303951041571e-04,9.399395949146014881e-03,-1.172394556259149546e-02,-1.068584605900717820e-02,-2.717448191457449980e-02,-3.656774083269490744e-02,1.489399217189491410e-03,-7.874831651447782022e-02,0.000000000000000000e+00,2.048625984117473809e-03,-3.628351720034045554e-03,-2.242640750665074456e-02,3.772880781468733197e-03,-1.873018741424749278e-02,-4.549647215703191833e-02,-1.139011849864892713e-02,-9.034668702129247664e-02
1.533678753171952361e-02,-5.767232971001481218e-02,0.000000000000000000e+00,-2.383714005663924856e-02,-5.417936478748267004e-02,1.030543873962777926e-02,-5.551783866731852674e-02,-7.017360635880474928e-02,1.217991152157873146e-02,-4.317126975803891459e-02,0.000000000000000000e+00,3.145567355078649624e-02,-6.968756940678424994e-02,-6.099553343930348009e-02,-7.420047883948854839e-02,7.791883676243806060e-03,4.611370975363538252e-03,-7.698559834966188509e-02,-6.162434913531264491e-02,-5.979945031188835247e-02,0.000000000000000000e+00
-1.140087332737273196e-01,0.000000000000000000e+00,0.000000000000000000e+00,-2.551149042606021614e-02,-1.271244757198598530e-01,-5.617735115788653755e-02,-8.499490979420179504e-02,-3.059626958596222204e-02,-6.532192853075491357e-03,-5.289878815615526447e-02,-6.140911694150953497e-03,-6.394184223476323536e-02,-1.676766932606567062e-01,3.480530816258754073e-02,-1.302022857474399997e-01,-8.565331838855007318e-02,-4.396920250422694382e-02,-1.225556616526744247e-01,0.000000000000000000e+00,-7.862156174138346110e-02,0.000000000000000000e+00
-1.587865639181488264e-01,-3.647682883239462548e-01,-1.138639981087423841e-01,0.000000000000000000e+00,-7.832949529498173247e-02,-2.969433884070604712e-01,-1.557962619338715826e-01,-8.014105383537682703e-02,-1.166571493954172145e-01,-9.294157356600556141e-02,-2.079069281917365897e-01,-1.204623556075578722e-01,-9.585961789894727192e-02,-7.103122216534346611e-02,-9.883204820144425584e-02,-9.182757300777681653e-02,-1.112302160926186001e-01,-9.364508540687023486e-02,0.000000000000000000e+00,-1.017226067426921787e-01,0.000000000000000000e+00
-1.703552484302990264e-02,0.000000000000000000e+00,-3.390991884503392201e-02,0.000000000000000000e+00,-1.244982526082973918e-02,-1.301647267958902232e-01,-1.128298172238645647e-01,3.042877815128797528e-02,-6.669772506131127487e-02,-1.930225173205134606e-02,-1.232169876241286238e-01,-1.987783920824294764e-03,-4.316688802694376020e-02,-4.904056617454537192e-02,3.997817809742706952e-02,-4.460996022901654590e-02,1.079654577156925060e-02,3.935821328079276357e-03,-7.774356084831489377e-02,8.696783911003184986e-02,-1.086867165713601285e-01
7.242222035191441323e-03,6.152995741303553257e-02,-2.597218926961857299e-01,-7.958383265825078046e-02,-1.294272637724465103e-01,-1.561137944600533844e-01,-9.616787932691148177e-02,4.845844570947772240e-02,-4.761679928181552363e-02,1.043883201898030636e-03,-8.183697435939950304e-02,-6.109859970865836459e-02,-2.554113236983307500e-02,2.479277982398019400e-02,6.883345069388988394e-03,0.000000000000000000e+00,-2.810896861258047053e-02,4.628765561972403991e-02,-4.058154298679790273e-01,-1.378171885509784922e-01,-3.161979424520675597e-01
-1.347386303883112424e-01,-9.198804299497609360e-02,-9.937061237120567436e-02,-1.054406486649549640e-01,-9.302931820262017037e-02,-9.905258762784810433e-02,-6.862183456668936865e-02,-4.290157538962970779e-02,-6.595266403385063869e-02,-1.120778743731277033e-01,-6.732733211258136452e-02,-1.111777944976535537e-01,0.000000000000000000e+00,-5.648831440123013026e-02,-7.806213216030416513e-02,-1.923575671066051762e-01,-6.139400151805939065e-02,0.000000000000000000e+00,0.000000000000000000e+00,-1.638415411007324296e-01,-9.488453481672837198e-02
-1.528752132839140132e-01,0.000000000000000000e+00,0.000000000000000000e+00,0.000000000000000000e+00,0.000000000000000000e+00,-8.322145291552889013e-02,0.000000000000000000e+00,0.000000000000000000e+00,-1.574828750344937356e-01,-2.725020021976311546e-01,-7.919550880973809381e-02,-1.270413883574394165e-01,-2.089400706719950485e-01,0.000000000000000000e+00,-1.189100158368518595e-01,-9.901078431665219504e-02,-1.618307384869722976e-01,-9.172494374722219013e-02,-4.773842981501639354e-02,-2.953717767558616258e-01,-1.310302849359974153e-01
-6.243420367435370544e-02,-3.223641839725488456e-01,0.000000000000000000e+00,-5.953520186092476491e-02,5.249633448899167915e-02,-9.634688656002379781e-02,0.000000000000000000e+00,1.515922551384169328e-02,-4.065794778895425593e-02,-3.638217196230170841e-02,2.959130337208754069e-02,-1.657828141265657307e-01,-1.225352265910078092e-01,1.428574194218596924e-02,1.706591162606910586e-02,0.000000000000000000e+00,0.000000000000000000e+00,3.087117026841821113e-02,4.626937700427830730e-02,0.000000000000000000e+00,0.000000000000000000e+00
0.000000000000000000e+00,-8.432584490274698530e-02,-1.512431724610687755e-01,0.000000000000000000e+00,0.000000000000000000e+00,-7.173231854965625431e-02,0.000000000000000000e+00,0.000000000000000000e+00,-1.781431958303097973e-01,-8.372715171077538265e-02,-6.732634293720303476e-02,-6.748197238445884094e-02,-7.125893819674732066e-02,0.000000000000000000e+00,-7.663687751772092771e-02,-8.158297458333159391e-02,-1.000982636624073163e-01,-9.771822317211115161e-02,0.000000000000000000e+00,-1.529393979995051778e-01,0.000000000000000000e+00
0.000000000000000000e+00,-8.266252676996471704e-02,1.672232872018197813e-02,0.000000000000000000e+00,0.000000000000000000e+00,-5.798052248266179209e-02,-3.202384360270824071e-02,-1.517491723811299487e-01,-2.368497275931297913e-02,-4.837035303482395410e-02,-3.896638693902045036e-02,-7.204713185909332462e-02,-6.569517601407144636e-02,0.000000000000000000e+00,-6.996427203185352772e-02,-5.689078485305255894e-02,-5.758789131224339997e-02,-1.925587380498908208e-01,-7.698317042902158916e-03,-1.977839591492847743e-02,-8.269845929204149015e-02
0.000000000000000000e+00,0.000000000000000000e+00,0.000000000000000000e+00,0.000000000000000000e+00,-1.094354267847574419e-01,-6.659026318490147978e-02,0.000000000000000000e+00,-1.214140364251371090e-01,-1.097886429022603277e-01,-1.351283957442208916e-01,-2.785175493902305455e-01,0.000000000000000000e+00,0.000000000000000000e+00,0.000000000000000000e+00,-1.076236820026400670e-01,-8.336028521390585755e-02,-1.462435997400501064e-01,-1.929243128427383380e-01,0.000000000000000000e+00,-7.875348124963878205e-02,-9.834176487344079010e-02
3.179844114066587152e-02,0.000000000000000000e+00,0.000000000000000000e+00,-2.003748855797024900e-02,5.039050184527470166e-02,-5.876009066477616560e-03,5.221622198527696435e-02,4.025893877941676829e-02,-2.269524379405222711e-02,5.934210093027636468e-02,-6.695550733230730411e-02,-1.384929944173190486e-01,4.881599370531364973e-02,8.675249387723975650e-03,5.218715046599342600e-02,8.046148761987098608e-02,-3.080675762638808782e-02,-2.145164193274352871e-02,-2.012631301414073356e-02,3.054507557038512594e-02,-6.992241473751086012e-02
0.000000000000000000e+00,0.000000000000000000e+00,-2.254951150131117021e-01,0.000000000000000000e+00,-2.105053122054887649e-01,-9.447935811212576640e-02,-9.965212261839269392e-02,-8.137242198315755570e-02,-1.335852134128583677e-03,-7.955702011720695854e-02,0.000000000000000000e+00,-1.080399043676368159e-01,-5.913680211461037894e-02,-4.186517990515476600e-02,2.108832186970711203e-02,-5.840669984379241730e-02,-1.660785776424153759e-01,-7.437773731047810089e-02,-8.097514137594474803e-02,0.000000000000000000e+00,-2.243987221487804828e-01
0.000000000000000000e+00,0.000000000000000000e+00,0.000000000000000000e+00,-1.953350475606521197e-01,-9.014972705353022087e-02,-1.205456472042539390e-01,-3.581687740887237043e-02,0.000000000000000000e+00,-8.089225578430428443e-02,-7.312934423762033898e-02,-7.747799844993148721e-02,-8.196415591460040617e-02,-1.989014281640945347e-01,0.000000000000000000e+00,-1.836112510306424084e-01,-1.493397143771027225e-01,-1.854957285876049355e-01,-9.405197060591702352e-02,-2.225448027163083597e-01,0.000000000000000000e+00,-2.423476325805360432e-01
0.000000000000000000e+00,-2.092492649843032682e-01,-2.235575692244513944e-03,1.929492223161549322e-02,-1.943090028476354356e-02,-4.789936887709168867e-02,1.351220992459563515e-02,-3.007240565840593044e-02,-2.899503484388680705e-02,-2.165099706214695940e-02,-2.581927396123744403e-02,-3.801540395185769999e-02,-1.842174120507251989e-02,-2.478536118774499891e-02,-5.743883071181710848e-02,-3.694609692821312213e-02,-8.440230744590737980e-03,-6.972785444881188233e-02,-1.673312335651706145e-02,-5.689685449093280500e-02,-1.931436463460392827e-01
0.000000000000000000e+00,0.000000000000000000e+00,-2.550612455957419061e-02,1.163125910431147582e-02,7.466576703915599363e-04,-8.051406369871189073e-02,0.000000000000000000e+00,-5.431483191503280218e-03,-4.607937235583044883e-02,-1.391879461812136481e-02,-3.800944977323986868e-02,-6.048383492069533615e-03,-1.014819910776223605e-01,0.000000000000000000e+00,-1.399116899893527721e-01,-5.792063870424625505e-02,-9.405765735591755869e-03,-1.356383902109057141e-02,-3.194360670077742159e-02,-1.058161447859598814e-01,-3.307833828383328068e-01
-6.633980339098176360e-02,-1.058511995709588288e-01,0.000000000000000000e+00,-1.021909850530894615e-01,-8.432499287321054693e-02,-9.413892081995048344e-02,-8.118047965454688875e-02,0.000000000000000000e+00,0.000000000000000000e+00,-8.841406372271903846e-02,-9.489204003486867434e-02,0.000000000000000000e+00,-9.334603724833068217e-02,-8.795771317284227508e-02,-9.746056187126445058e-02,-8.623087886013415526e-02,-1.788772922128307741e-01,-1.197012079036575971e-01,0.000000000000000000e+00,0.000000000000000000e+00,-7.858830713101334908e-02
-2.112944845557670759e-01,1.423860268929011755e-02,-2.097704975585218401e-02,-6.956560666713530738e-02,-9.795155335390487439e-02,-5.929695007639257387e-02,-2.156277350799641612e-01,-3.179392684259087221e-02,-1.848089099295768811e-02,7.184004284553084999e-03,-1.172218703477202056e-02,-4.796877770713778300e-02,1.711356878090712977e-02,0.000000000000000000e+00,1.667306330508671816e-02,0.000000000000000000e+00,-9.165276243101690146e-02,-5.111826088012098347e-03,-7.356013869416618001e-02,0.000000000000000000e+00,-8.573711891545691965e-02
0.000000000000000000e+00,-4.992969660115530173e-02,0.000000000000000000e+00,0.000000000000000000e+00,-2.874478650069971566e-02,-1.099322930619272415e-01,0.000000000000000000e+00,-6.618065220690394490e-02,-1.389573759154344723e-01,-5.361911991617375473e-02,0.000000000000000000e+00,0.000000000000000000e+00,-2.231321902665901469e-01,-1.388209394099998717e-01,-3.481251913904358924e-02,-8.758810198228195176e-02,-1.280039068521613144e-01,-8.339633898207488016e-02,-5.672343412514087996e-02,-2.096446711375226646e-01,-1.570274736942385840e-01
-2.580352771859351080e-02,-2.866643115522253885e-02,0.000000000000000000e+00,0.000000000000000000e+00,-1.461741625056119653e-01,-6.549713785424519930e-02,-9.048703091306442570e-02,0.000000000000000000e+00,-4.353720173083877598e-02,-1.551470238422960612e-01,-2.519801363323410648e-01,2.585363242601582297e-03,-7.235909995284572904e-02,0.000000000000000000e+00,-4.321817152340239748e-02,0.000000000000000000e+00,-1.506956933332054271e-01,-1.325911246884400874e-01,-1.104547914199740244e-01,-1.193561133511914923e-01,0.000000000000000000e+00
0.000000000000000000e+00,0.000000000000000000e+00,0.000000000000000000e+00,-1.210992182573991799e-01,-5.476494472125431612e-02,-7.059657607350629249e-02,0.000000000000000000e+00,-1.090244609872987047e-01,-7.119236283119034780e-02,-7.866412447703712008e-02,8.035786503460238400e-03,-8.498284931813034071e-02,-9.212134678737031457e-02,0.000000000000000000e+00,-2.027870647463329012e-01,-1.895149066975381769e-01,-1.034114258858040425e-01,-8.322677942364692383e-02,-8.304857174653706986e-02,0.000000000000000000e+00,0.000000000000000000e+00
-4.781198578549110401e-02,0.000000000000000000e+00,-8.989911173662053223e-02,-7.873272710580328515e-02,-2.311584198627340825e-01,-1.389048855001877580e-01,4.322670084130873086e-02,-2.743104538810138548e-02,-2.294989305193530227e-02,-7.582945134761480410e-03,4.482375335103302993e-02,-6.203875038982978318e-02,-6.444099220247011262e-02,-4.280631361248457556e-02,2.412007441903535679e-02,-6.192958609105636558e-02,2.130393290372854798e-02,-3.237961586373176714e-02,2.173444619005378275e-03,-3.245628747904887729e-02,0.000000000000000000e+00
0.000000000000000000e+00,0.000000000000000000e+00,0.000000000000000000e+00,-1.412533728370864716e-01,0.000000000000000000e+00,-1.234710609949795507e-01,-8.063872200281055336e-02,0.000000000000000000e+00,-1.176371021083033319e-01,-9.085073193011143633e-02,-6.238847303939707573e-02,-8.435523731770525058e-02,-2.403635529946767935e-01,0.000000000000000000e+00,-1.072018578375847631e-01,-1.119245450126215291e-01,-1.206032407397675532e-01,-1.349649941221338079e-01,-6.468324867261820987e-02,-2.318972329430316615e-01,-8.472843166411908600e-02
-6.620325146486484569e-02,-1.155469059242741625e-01,0.000000000000000000e+00,0.000000000000000000e+00,0.000000000000000000e+00,-1.605555357267285377e-01,-7.094554159781289726e-02,-8.602444179581590633e-02,-2.015755133952450151e-01,-2.324371360085433214e-01,0.000000000000000000e+00,-1.581828876681368179e-01,-1.378102554716980344e-01,4.796302397166709447e-02,-4.500052386517426617e-02,-5.906454514206380818e-02,3.600960846148387740e-02,-6.927490043420826736e-04,0.000000000000000000e+00,0.000000000000000000e+00,0.000000000000000000e+00
-1.182176343927632961e-01,0.000000000000000000e+00,-6.344090645405525697e-02,-2.092134821120811561e-01,0.000000000000000000e+00,-9.768089194487510063e-02,-1.306199632139839473e-01,0.000000000000000000e+00,0.000000000000000000e+00,-1.315991537343175477e-01,0.000000000000000000e+00,-1.758962139565903582e-01,-1.039971935082372734e-01,-9.509993597164706491e-02,-8.469675144611923945e-02,-1.323453691773132379e-01,-9.638027264925631832e-02,-4.774058423065113965e-02,-1.096234605724699940e-01,0.000000000000000000e+00,-7.252214855922610448e-02
-1.382264038041946808e-01,-1.781221937151381274e-01,0.000000000000000000e+00,0.000000000000000000e+00,-8.946466309377901216e-02,-9.395023214441614035e-02,-1.921483701643669495e-01,-8.509861493477435812e-02,-1.420781831885602475e-01,0.000000000000000000e+00,0.000000000000000000e+00,-1.173189776689131658e-01,-1.440763110085738763e-01,0.000000000000000000e+00,-9.072637233448627159e-02,-9.641270299279992850e-02,-7.687860341154338639e-02,-1.403761387622098344e-01,0.000000000000000000e+00,-1.336193593971889693e-01,0.000000000000000000e+00
-7.712430431968300693e-02,0.000000000000000000e+00,-2.805869263267585234e-01,0.000000000000000000e+00,-2.206315971855609195e-02,-7.656419126202256009e-02,2.371364932392797109e-02,3.662975907999233005e-02,-1.480695659696077381e-02,3.920848468004283632e-02,1.809000624476569605e-02,-5.995753126643411923e-02,-8.183756714073922578e-02,-7.073664052213160525e-02,-2.117497960565344409e-02,-5.105820038649628440e-02,4.057240458543995287e-02,4.279838456303671629e-02,-3.083961642313486767e-02,-6.646819711389537330e-04,0.000000000000000000e+00
-7.426128982328232542e-02,-1.415293509631420088e-01,0.000000000000000000e+00,0.000000000000000000e+00,-7.004096597554419767e-02,-6.732576780143528783e-01,0.000000000000000000e+00,0.000000000000000000e+00,-5.896339639484729500e-02,-8.714163030248382735e-02,-1.120422423808157958e-01,-7.885267352902580740e-02,-1.260982852499922813e-01,0.000000000000000000e+00,0.000000000000000000e+00,-8.776038011364797886e-02,-7.607892382493879058e-02,-1.398668874088681291e-01,0.000000000000000000e+00,-6.731713650658686932e-02,0.000000000000000000e+00
-6.333194148827840653e-02,-1.187174429411239907e-01,-1.498191580061946082e-01,0.000000000000000000e+00,-1.764912098651903183e-01,-2.517947022201168505e-01,-9.252019007923591165e-02,-5.994221598169737625e-02,2.655363155403993379e-04,-1.245687561519598363e-01,-1.015955945568145641e-01,-7.887276737022287654e-02,-1.308392450863010703e-01,0.000000000000000000e+00,0.000000000000000000e+00,-7.631891189272910214e-02,-8.660919523566812384e-02,-8.091256435747302966e-02,-2.330136913435418289e-01,-2.425809968236239678e-01,0.000000000000000000e+00
