9.392604977053551490e-03,1.250990963315338177e-02,0.000000000000000000e+00,-6.597001910080818599e-02,-3.789530119804464942e-02,-1.104280616192717945e-01,0.000000000000000000e+00,-4.413534086528744793e-02,2.426370340881627355e-02,1.196348004729286610e-02,0.000000000000000000e+00,-1.732099408714034006e-01,-1.333242856772147156e-01,4.171431234520150966e-02,7.486913993028770919e-02,-5.079775615049004350e-02,9.440754188225715382e-03,4.191465683249009574e-03,-8.933907193041704109e-02,4.969801694780085627e-02,-2.057441276036681421e-01
0.000000000000000000e+00,-1.124878806865403785e-01,-1.554022002144944681e-01,-1.349381891330839189e-01,-2.742007361364787177e-01,-1.648410261875120075e-01,-2.036572033614145738e-01,0.000000000000000000e+00,-7.463379790948047876e-02,-1.354714699549693646e-01,-2.523984521878189780e-01,0.000000000000000000e+00,-1.486971468534559471e-01,0.000000000000000000e+00,-1.560714326017583198e-01,-1.339545989173556162e-01,-9.748348383381996718e-02,-5.659587622400830825e-02,-1.497780393875337568e-01,-6.042376807072448452e-02,-8.919054411534739490e-02
-4.680224479624707501e-02,0.000000000000000000e+00,-1.716483262998017290e-01,-1.801111726820485148e-01,-9.737157571252991195e-02,-1.257049378306069609e-01,-1.213222127148488177e-01,-8.752267918489563259e-02,-1.210122083908478779e-01,-1.469237805004516007e-01,-1.114612315185191660e-01,-1.395292999285636104e-01,-2.144716657317397301e-01,-1.973334102057305861e-01,-1.127003085415688027e-01,0.000000000000000000e+00,-1.118753308847428435e-01,-1.552608406309800848e-01,-1.529191430650951311e-01,-1.573422317016676120e-01,-8.160665573704134479e-02
-9.351982749391533900e-02,0.000000000000000000e+00,0.000000000000000000e+00,-1.624468383129307747e-01,-1.761567643501904257e-01,-8.849261871675274949e-02,-8.089480679748453640e-02,-4.495564699262461633e-02,-1.042867503327584433e-01,0.000000000000000000e+00,1.252373900615170177e-01,-1.297354767579596002e-01,-1.161595058753195631e-01,0.000000000000000000e+00,-1.217134840981592414e-01,-1.517541933327862247e-01,-1.626537757163984133e-01,-1.153216832044798648e-02,-1.507899110085031691e-01,-1.239743384870775345e-01,-1.669134024657083215e-01
-1.932738980892905745e-01,-9.916126844587476452e-02,-1.059526545877515075e-01,-7.440392652128564877e-02,-7.877375298214142618e-02,-1.543442249460547644e-01,-1.601130917558196975e-01,0.000000000000000000e+00,-1.330360785043542549e-01,-1.161369088130173033e-01,-3.752173409296252204e-01,-8.887146399851873768e-02,-1.991149757111814744e-01,0.000000000000000000e+00,-1.356352053942323499e-01,0.000000000000000000e+00,-1.135261299699964616e-01,-8.325849154502280858e-02,-1.840608771832774881e-01,-1.436777053711699725e-01,-1.596163853919135567e-01
0.000000000000000000e+00,0.000000000000000000e+00,-1.309222925618554190e-01,0.000000000000000000e+00,-1.539881561611776417e-01,-3.572316154908496966e-01,-7.164991681888042974e-02,0.000000000000000000e+00,-2.030044382747043519e-01,-1.285460227747531325e-01,-1.367601203873790860e-01,-1.711501413025564300e-01,-1.878410964980921083e-01,-1.553860491840912683e-01,-2.839132066912415930e-01,-1.723304930680930047e-01,-2.315645348302037831e-01,-1.280405670280988506e-01,-9.061092942502442515e-02,-5.142052584692276274e-02,-7.090507767568253461e-02
0.000000000000000000e+00,0.000000000000000000e+00,-1.931302180062314244e-01,-2.763471627325572166e-01,-6.444521254017189504e-02,-2.075119188086925470e-01,-4.282638409958991477e-02,-1.024010675164956224e-01,-1.564559938200125178e-01,-9.915468969124389964e-02,-1.007326525730496830e-01,-1.899594145252388178e-01,-6.266214405218938077e-02,0.000000000000000000e+00,-7.018210933199221790e-02,-6.991146887080258721e-02,-7.316726213057681005e-02,-1.169124244105081006e-01,-1.062410390823697592e-01,-1.687209105095432149e-01,-2.103225637179723106e-01
0.000000000000000000e+00,-6.268257940483974722e-02,0.000000000000000000e+00,-1.477892881101216804e-01,-1.886996276436687658e-01,-8.355781438639638126e-02,0.000000000000000000e+00,-2.967132973117764250e-04,-1.679904030449282104e-01,0.000000000000000000e+00,-8.869326606792067580e-02,0.000000000000000000e+00,0.000000000000000000e+00,0.000000000000000000e+00,-1.674039113883803720e-01,-1.750082040701970709e-01,-1.144813063089328981e-01,-1.384809750631327274e-01,-1.351102966170779074e-01,0.000000000000000000e+00,-1.845073687815081409e-01
0.000000000000000000e+00,0.000000000000000000e+00,7.253469771814881339e-02,-5.588809297415007205e-01,-1.196727891845287065e-02,3.552717979626571210e-02,-7.587160945559145997e-02,-1.021665368593557000e-01,-3.717030589298640081e-02,-4.163422602206944684e-02,-9.996945353448347116e-02,1.552625607871263858e-01,-5.652053991810952471e-01,0.000000000000000000e+00,8.726768396923624549e-02,7.695159167861737037e-02,7.408968897648465779e-02,-1.943534395588253638e-01,-2.851825720581062373e-02,0.000000000000000000e+00,-2.038574479098279602e-01
0.000000000000000000e+00,1.161416346907094416e-01,1.935439195258665396e-02,7.575120303272885047e-02,-1.362687324631889525e-02,9.225355010271063527e-02,0.000000000000000000e+00,7.244872459787421448e-02,6.842123278094543182e-02,2.089803237196394617e-02,-1.038533277064575405e-01,0.000000000000000000e+00,0.000000000000000000e+00,4.625221742265635261e-02,-5.470157515869868842e-02,1.391056328454769730e-01,1.038407316819642545e-01,0.000000000000000000e+00,-1.677932773094015576e-02,0.000000000000000000e+00,0.000000000000000000e+00
-1.297377132989009640e-01,-1.147762123870738615e-01,0.000000000000000000e+00,-5.427239576051004488e-02,-1.387134302628055538e-01,-4.292081455377000539e-03,0.000000000000000000e+00,-1.712670427606046986e-01,-2.014328546553123545e-02,-1.923342483318751239e-01,-8.667551844980264653e-02,6.534273047516934996e-02,0.000000000000000000e+00,-3.811940443060005124e-02,2.281368932345168715e-02,-8.027165955426258936e-02,-1.882264052912200059e-01,-1.618597447408698653e-01,-1.318109556106449587e-01,-1.629017294562996598e-01,0.000000000000000000e+00
-5.972891850879232661e-02,-2.379823410907369596e-01,0.000000000000000000e+00,0.000000000000000000e+00,-2.322207007004340185e-01,-7.124671320417629017e-02,0.000000000000000000e+00,0.000000000000000000e+00,0.000000000000000000e+00,-1.509119719629106737e-01,-1.003056025455667938e-01,-1.835454866333887658e-01,-1.612447665087382853e-01,-1.564436879989568041e-01,0.000000000000000000e+00,-3.672441265898428869e-02,-2.158100960657964307e-01,0.000000000000000000e+00,-8.213395542799650784e-02,0.000000000000000000e+00,0.000000000000000000e+00
-1.714187195045242806e-01,0.000000000000000000e+00,-1.714532258624794359e-01,-1.194985852902481077e-01,-1.554370329441894794e-01,-1.504794552023065168e-01,-4.491724518970686281e-02,0.000000000000000000e+00,0.000000000000000000e+00,-4.319788667932855653e-02,0.000000000000000000e+00,-1.393273986258182218e-01,-4.727101563439754794e-02,0.000000000000000000e+00,0.000000000000000000e+00,-1.575822339373035286e-01,-1.451765343499760719e-01,0.000000000000000000e+00,-9.691676446259996081e-02,0.000000000000000000e+00,0.000000000000000000e+00
-1.653131615299055501e-01,0.000000000000000000e+00,0.000000000000000000e+00,0.000000000000000000e+00,0.000000000000000000e+00,-5.358816710970527863e-02,0.000000000000000000e+00,0.000000000000000000e+00,-8.141666051886302380e-02,-1.844860481700918708e-01,0.000000000000000000e+00,-3.717624023155605695e-01,-1.438470786100847221e-01,0.000000000000000000e+00,-1.345634519567601162e-01,-4.946622376883200861e-02,-9.063612668436317465e-02,-4.635777828088667035e-02,-7.935888100286453417e-02,0.000000000000000000e+00,0.000000000000000000e+00
-1.136423525983234484e-01,0.000000000000000000e+00,-2.559177384862271198e-01,-1.249709566403663236e-01,-9.795991885530230814e-02,0.000000000000000000e+00,-6.660249136455123620e-02,0.000000000000000000e+00,-1.525556031157724035e-01,-8.094298409876467260e-02,-5.312306611294344283e-02,-2.589395563649612986e-01,-1.564194137944520391e-01,-2.199081466220999259e-01,-1.948631220788032137e-01,-1.664464184396964308e-01,-6.031982247509978107e-02,-9.700930260102084979e-02,-7.758800402749231606e-02,0.000000000000000000e+00,0.000000000000000000e+00
5.608282809059212531e-02,2.210983946999745681e-02,0.000000000000000000e+00,-1.170222840253995339e-01,-6.525738813464551646e-02,-1.257694149273133055e-01,0.000000000000000000e+00,3.442020617052791998e-02,4.453398751944614986e-02,3.014558261961881869e-02,0.000000000000000000e+00,6.072944065846033052e-02,-7.377252579709865643e-02,-8.051742680875351166e-02,9.909572249130629840e-02,3.026103928508205171e-02,-1.281289593641765645e-02,2.622215768276082298e-02,-8.100748402346012733e-02,-2.646704320016044290e-02,-1.808035311512464494e-01
-1.787215173827893244e-01,1.018576874625875123e-01,0.000000000000000000e+00,0.000000000000000000e+00,0.000000000000000000e+00,8.873514847273657191e-02,0.000000000000000000e+00,0.000000000000000000e+00,5.402563801959507465e-03,-9.271643040419685899e-02,0.000000000000000000e+00,8.010752908385306015e-02,-2.390124763473996661e-01,0.000000000000000000e+00,0.000000000000000000e+00,-1.256211122393907087e-01,-1.032219484416209837e-01,-1.470808329308315732e-01,-6.946036132052385570e-02,0.000000000000000000e+00,-1.461324175845198914e-01
-7.484729365704689830e-02,-1.210682284237710182e-01,0.000000000000000000e+00,-9.046126466036272240e-02,-6.066361794815490482e-02,3.822968552661491076e-02,0.000000000000000000e+00,0.000000000000000000e+00,-1.540145271681371553e-01,-8.542645993425324047e-02,2.294024139374500892e-02,0.000000000000000000e+00,0.000000000000000000e+00,-1.749784410545749957e-01,-1.626228287272094702e-02,-1.476696705056457781e-01,0.000000000000000000e+00,-1.939226959551098306e-01,0.000000000000000000e+00,0.000000000000000000e+00,-1.816711800088760265e-01
0.000000000000000000e+00,5.790651696542893634e-02,0.000000000000000000e+00,4.650012015305269447e-02,-2.197374975398233218e-02,2.089073539835065857e-02,0.000000000000000000e+00,-6.088983731924316883e-02,9.318248952143710559e-03,-1.582181983014209481e-01,3.375401123190903407e-02,3.761093787699765212e-02,0.000000000000000000e+00,0.000000000000000000e+00,1.732578611775701175e-02,9.918027724318978500e-02,8.017383175619000046e-02,-7.271158216193655821e-02,-1.195299813962836938e-01,9.460918357889289837e-03,-8.707523825337788737e-02
-1.380152844019587322e-01,0.000000000000000000e+00,0.000000000000000000e+00,-9.217847129794044803e-02,0.000000000000000000e+00,-1.321887787503812361e-01,0.000000000000000000e+00,1.269532185892026099e-01,0.000000000000000000e+00,1.435466483324464824e-02,0.000000000000000000e+00,-1.328176814928611060e-01,0.000000000000000000e+00,-9.654518512879632641e-02,-1.658002498420810822e-01,-5.188022314428660658e-02,-1.326653916301913372e-02,0.000000000000000000e+00,-8.998908998998737807e-02,-1.537000363805076930e-01,-7.665957097455829150e-02
0.000000000000000000e+00,0.000000000000000000e+00,-1.350554281691271619e-01,0.000000000000000000e+00,0.000000000000000000e+00,-1.580863417275013283e-01,-8.260783804905827421e-02,0.000000000000000000e+00,-5.641455623637474381e-02,-7.433512749206348802e-02,-1.405538393460388502e-01,-1.764663026757092301e-01,0.000000000000000000e+00,-3.118556561980339037e-01,-1.556810095279299588e-01,-1.385294044746821773e-01,-1.446974093142642248e-01,-1.549399300585475869e-01,-1.977364145087026071e-01,-1.775113467489302654e-01,-1.327146086498079136e-01
-1.057849146667090845e-01,0.000000000000000000e+00,0.000000000000000000e+00,0.000000000000000000e+00,-1.460547574650027103e-01,-2.235808288775188168e-01,-1.195646440458569826e-01,0.000000000000000000e+00,0.000000000000000000e+00,-7.004449965983046422e-02,-7.766617502808959017e-02,-6.517873841287731562e-02,-1.797384423998035496e-01,0.000000000000000000e+00,-1.112405531463511316e-01,0.000000000000000000e+00,-1.310982089747796953e-01,0.000000000000000000e+00,0.000000000000000000e+00,0.000000000000000000e+00,0.000000000000000000e+00
-1.017699919996778446e-01,0.000000000000000000e+00,0.000000000000000000e+00,3.341651934893506010e-02,2.773159553749153516e-02,-1.377993591630694015e-01,0.000000000000000000e+00,-4.583388514610534613e-03,-5.989651560347902977e-03,-7.702552721592129115e-02,-7.452839678800825263e-02,0.000000000000000000e+00,-1.086126904265654058e-01,0.000000000000000000e+00,-1.170066468012710865e-02,4.920880282513168807e-02,1.577544821504292885e-02,4.003381457335410121e-02,-5.651102748063753511e-02,0.000000000000000000e+00,0.000000000000000000e+00
-6.997886313632321886e-02,0.000000000000000000e+00,0.000000000000000000e+00,0.000000000000000000e+00,0.000000000000000000e+00,-6.273684302070374474e-02,-8.629060989184396402e-02,0.000000000000000000e+00,-8.417329501604696451e-02,0.000000000000000000e+00,9.674846176089331451e-02,-1.457265753041739886e-01,-1.431743496781844316e-01,0.000000000000000000e+00,-9.776089848728936049e-02,-8.392295649236473920e-02,0.000000000000000000e+00,5.636824046609302530e-02,0.000000000000000000e+00,0.000000000000000000e+00,-1.848155397870284711e-01
-8.151921480074977855e-02,0.000000000000000000e+00,-1.063331829542106532e-01,0.000000000000000000e+00,0.000000000000000000e+00,-1.804994602743804077e-01,0.000000000000000000e+00,0.000000000000000000e+00,2.619533518230235392e-02,-5.777873363355966185e-02,-7.964555339093581932e-02,0.000000000000000000e+00,0.000000000000000000e+00,-1.617841479889187833e-02,-2.431820550867276262e-02,-8.754650722010327846e-02,-1.141734476621316177e-02,-7.770922970351637482e-02,-1.191245077381959949e-01,0.000000000000000000e+00,-8.187625341659364453e-02
0.000000000000000000e+00,-5.364028926410405185e-02,-1.371715612988756161e-01,-2.905834644425337593e-02,0.000000000000000000e+00,-3.480877752908824105e-03,0.000000000000000000e+00,0.000000000000000000e+00,0.000000000000000000e+00,-5.203373576209210233e-02,-1.001502821216754685e-01,0.000000000000000000e+00,0.000000000000000000e+00,-4.055264526905649064e-02,-7.574703992946806019e-02,-1.042382521726691602e-01,-5.854932180346564957e-02,-2.390508491507077615e-01,0.000000000000000000e+00,-1.509616141598456029e-01,-1.979211825871595720e-01
-4.007494233863641980e-02,-1.863926842245451354e-01,0.000000000000000000e+00,-3.097651728964649909e-01,-1.251219745535451511e-01,-1.372994508569954641e-01,-1.214669263066937011e-01,0.000000000000000000e+00,-1.557425885857940673e-01,-5.824729382317141158e-02,-9.160380427656451829e-02,-1.332514871768033515e-01,-1.411015202418013370e-01,-1.604094722536632267e-01,-1.619999995543146276e-01,-1.924305806265642071e-01,-6.589318056587865902e-02,-1.341048411058575474e-01,-1.014059132951327241e-01,0.000000000000000000e+00,-1.099648528977147932e-01
0.000000000000000000e+00,-4.613223192606537293e-02,0.000000000000000000e+00,-1.361634023757193057e-01,-9.674470671623804086e-02,-4.873272787322596722e-02,0.000000000000000000e+00,0.000000000000000000e+00,0.000000000000000000e+00,0.000000000000000000e+00,1.109851619421693518e-02,-1.267586532820706435e-01,0.000000000000000000e+00,-1.191644853355893208e-01,-3.279529243281861101e-02,-1.947845323222158198e-01,-8.902173343183576726e-02,-2.186539387736810836e-01,-5.076813606669001999e-02,-9.538302038662918592e-02,-3.582628165449257968e-02
0.000000000000000000e+00,0.000000000000000000e+00,0.000000000000000000e+00,5.696175851854921174e-02,-1.768190176480947118e-01,-1.124750633297852409e-01,-6.550903433721618797e-03,0.000000000000000000e+00,0.000000000000000000e+00,-1.032773606739152000e-02,-1.082003670761883252e-01,-7.464022924099801559e-02,-2.750996533982327796e-01,-9.380421488894678805e-02,-2.633866358766307619e-02,5.750802845051052048e-02,-2.290105268937282779e-02,-1.443065104340680860e-01,0.000000000000000000e+00,-1.792157267056570524e-01,0.000000000000000000e+00
-1.147914372898992813e-01,0.000000000000000000e+00,-9.850967615093302043e-02,0.000000000000000000e+00,-7.668025049062042464e-02,-1.653174952499298078e-01,-1.131265572024598154e-01,-2.214819530408003723e-01,0.000000000000000000e+00,-1.166633452967499318e-01,0.000000000000000000e+00,-8.878532415273809875e-02,-8.050642915713361603e-02,-1.440718857549542486e-01,-2.336269457332594002e-01,-1.649517912701066180e-01,-1.875704793954326988e-01,0.000000000000000000e+00,0.000000000000000000e+00,-1.724793915998454608e-01,0.000000000000000000e+00
-4.631300915769744064e-02,0.000000000000000000e+00,0.000000000000000000e+00,-2.478712441222332696e-01,0.000000000000000000e+00,-8.357135053791847623e-02,-1.834784189810234889e-01,-1.437082563757872966e-01,-9.116598653784947770e-02,-7.921895550606143643e-02,-1.226826131394234409e-01,0.000000000000000000e+00,-1.956877073151138402e-01,-2.070261378234602712e-01,-1.849939203417746703e-01,-1.210458614741891370e-01,-9.604969206154796713e-02,-6.328272883756190514e-02,-5.929687703899066964e-02,-9.560624855701702063e-02,-1.357468588865977654e-01
0.000000000000000000e+00,0.000000000000000000e+00,-1.496514883577535759e-01,-1.601934127287534815e-01,0.000000000000000000e+00,-1.460522431886596140e-01,0.000000000000000000e+00,-4.535326489447751713e-02,0.000000000000000000e+00,-6.925963174649220344e-02,-3.898397724457976221e-02,0.000000000000000000e+00,0.000000000000000000e+00,0.000000000000000000e+00,-3.280673438155175953e-02,-1.216225787256915714e-01,-1.625069763722423455e-01,-1.365243372373317332e-01,-7.979783288636692340e-02,0.000000000000000000e+00,-5.372746545480419633e-02
9.333326830671929975e-02,-2.188295831366916799e-02,-2.407412771089416717e-02,-1.188183409926741596e-01,-8.307111293366966839e-03,-9.229928352079705411e-02,0.000000000000000000e+00,-1.566044375669093866e-02,3.583171422086491725e-02,-1.417365193788558582e-02,8.185037259779814889e-02,0.000000000000000000e+00,-1.118409803837532440e-01,6.680204610176559976e-02,0.000000000000000000e+00,1.826060638575930511e-02,2.858033092134647582e-02,2.525439123838665173e-02,-3.035591938439270374e-02,5.352456970111413997e-02,-3.963297327384305430e-02
-7.429881309303638937e-02,5.651871559006208662e-02,-8.475121035097990529e-02,-9.472179613780308538e-02,0.000000000000000000e+00,-1.216229466467816517e-01,1.415203952895052464e-01,-1.654093509876757295e-01,4.278915972176278865e-02,-7.908424261918926834e-02,-6.563502201085760768e-02,0.000000000000000000e+00,0.000000000000000000e+00,-2.169430677156506185e-02,-2.515810465289284106e-02,-6.946096274086933919e-02,0.000000000000000000e+00,1.978272190529214904e-03,7.826050143233359568e-02,0.000000000000000000e+00,-1.055986579430170796e-01
-1.225438311374926759e-01,-1.881072236224762273e-01,-7.957989657035868802e-02,-1.282905140263141675e-01,0.000000000000000000e+00,-1.304150898995828645e-01,-1.704108802688497348e-01,0.000000000000000000e+00,-1.040590420492446821e-01,-9.780703465114620743e-02,-5.015993506309380373e-02,0.000000000000000000e+00,0.000000000000000000e+00,-1.526463515506149282e-01,-5.126981042859081461e-02,-2.701967251451515839e-01,0.000000000000000000e+00,-7.912745731193276955e-02,0.000000000000000000e+00,0.000000000000000000e+00,0.000000000000000000e+00
-3.260678775893674497e-02,0.000000000000000000e+00,-1.701992348718722459e-01,0.000000000000000000e+00,-2.834848029172818556e-02,-1.348923258760710564e-01,0.000000000000000000e+00,0.000000000000000000e+00,-3.783998207089443039e-02,0.000000000000000000e+00,-5.432395731595147936e-02,-3.985616785047324528e-02,0.000000000000000000e+00,-2.307974430973527835e-02,-4.373331990207828673e-02,-8.232348428734259649e-02,0.000000000000000000e+00,-1.215054791990109739e-01,-7.081114985330853873e-02,2.404996241257114503e-02,-9.993765151596831209e-02
3.148142742971022506e-02,2.296021123173847683e-02,3.889775591774195102e-02,-4.079054967448483143e-02,-1.223622116364398299e-01,1.101953903422027425e-01,2.103539535537888791e-02,-7.730897076956771974e-02,-1.892522047250909563e-03,-3.224445176645109046e-02,-7.322866982150920412e-02,0.000000000000000000e+00,-1.698096439713801253e-01,4.693872486562933322e-02,-7.066184389477049230e-03,5.095514099018594312e-03,2.996638279099549801e-02,-1.454574380117310273e-01,-1.824277162819219478e-01,6.814353624529176368e-02,-1.303616854536801817e-01
0.000000000000000000e+00,0.000000000000000000e+00,-1.506736697594328600e-01,-3.760814899627167723e-02,-2.014488467691711582e-01,-3.790457110722979944e-02,-9.498571614824340148e-02,0.000000000000000000e+00,0.000000000000000000e+00,-9.870528551672781703e-02,-2.201226942006756226e-01,0.000000000000000000e+00,-8.066897659390830089e-02,-2.240585426193792140e-01,0.000000000000000000e+00,-1.074898105224821321e-01,-2.042028680679860153e-01,-7.850202636838164716e-02,0.000000000000000000e+00,-5.394107150839418108e-02,-1.755930780809367986e-01
0.000000000000000000e+00,0.000000000000000000e+00,0.000000000000000000e+00,-1.907578689871154143e-01,-1.847612712458756024e-01,-4.542054071932837001e-02,-2.311045435764884082e-01,-1.748005445486053022e-01,-5.365766302231068929e-02,-1.411381500261496003e-01,0.000000000000000000e+00,-9.786333435650876322e-02,0.000000000000000000e+00,-1.974372527522148812e-01,-2.219405173376621521e-01,-2.064929567646046349e-01,-3.319439338468380685e-01,0.000000000000000000e+00,-7.502454492767063332e-02,-1.436934297522303727e-01,0.000000000000000000e+00
0.000000000000000000e+00,7.815961663071006871e-02,-5.797581116396057638e-02,0.000000000000000000e+00,-4.258729595831114295e-02,-8.324515911314207817e-02,0.000000000000000000e+00,-2.338734745614619304e-02,-2.146054623725602573e-01,2.897620973692308262e-03,1.982528908167836834e-02,-1.766319709659917303e-01,0.000000000000000000e+00,-1.594485652928851194e-01,-1.062913522791146814e-01,-1.644588756671886420e-01,-7.298280436042420272e-02,0.000000000000000000e+00,-1.044010702422792092e-01,0.000000000000000000e+00,-5.333341768787025483e-02
0.000000000000000000e+00,-1.001537841200088319e-01,0.000000000000000000e+00,-1.198811970231678514e-01,-1.029445682971878995e-01,0.000000000000000000e+00,-1.364463407286633512e-01,0.000000000000000000e+00,-2.108534548354439320e-01,-1.209565525262845248e-01,-5.033771510903036761e-01,0.000000000000000000e+00,0.000000000000000000e+00,0.000000000000000000e+00,-1.470965726072713253e-01,-1.708910921797391069e-01,-1.897869899152649087e-01,-6.898895938609951595e-02,-1.691257156131082684e-01,-2.540196971684733351e-01,-1.733741015133734298e-01
-1.958318039703611790e-02,0.000000000000000000e+00,0.000000000000000000e+00,-1.814210996404420351e-01,0.000000000000000000e+00,-1.107651308961325742e-01,0.000000000000000000e+00,0.000000000000000000e+00,-1.888886587197154965e-01,-1.203462866376001361e-01,0.000000000000000000e+00,0.000000000000000000e+00,0.000000000000000000e+00,0.000000000000000000e+00,-1.996459588915332761e-01,-1.185774754959630362e-01,-2.703707104076362722e-01,0.000000000000000000e+00,-1.822712866246157248e-01,0.000000000000000000e+00,-1.089778643239988631e-01
0.000000000000000000e+00,0.000000000000000000e+00,-2.247107692431200565e-01,0.000000000000000000e+00,0.000000000000000000e+00,0.000000000000000000e+00,-2.169908086362180577e-01,0.000000000000000000e+00,-1.920120626719943324e-01,-1.328291804166065460e-01,-1.837855841275260471e-01,0.000000000000000000e+00,0.000000000000000000e+00,0.000000000000000000e+00,0.000000000000000000e+00,-2.665532336634254262e-01,0.000000000000000000e+00,-9.228647568915376853e-02,-1.847269904502172877e-01,0.000000000000000000e+00,0.000000000000000000e+00
-7.916209339700000513e-02,0.000000000000000000e+00,0.000000000000000000e+00,-1.534294098855273625e-01,-1.897406813787415880e-01,-2.445599266685682949e-01,-1.685901897306908981e-01,0.000000000000000000e+00,-1.486028432748319750e-01,-1.398135358413196694e-01,0.000000000000000000e+00,0.000000000000000000e+00,-1.847429075339527826e-01,-1.846703535116714923e-01,0.000000000000000000e+00,-4.791469760119515531e-01,0.000000000000000000e+00,-1.219575815944630992e-01,0.000000000000000000e+00,0.000000000000000000e+00,0.000000000000000000e+00
5.207802605867215689e-02,0.000000000000000000e+00,-2.321510065764467168e-01,-5.732432832707912151e-02,7.276664876210618693e-02,-4.321914839118989882e-02,0.000000000000000000e+00,0.000000000000000000e+00,1.179780625862019428e-01,9.268976970020885442e-02,0.000000000000000000e+00,5.503228243894218996e-02,-9.311721054235126693e-02,0.000000000000000000e+00,-4.403550146595987952e-02,-2.567133020353590603e-02,0.000000000000000000e+00,0.000000000000000000e+00,-3.942642612795813073e-02,-6.178495307373826906e-02,0.000000000000000000e+00
-2.066697790653171385e-01,-1.499865748546839461e-01,0.000000000000000000e+00,-2.664174017887163126e-01,-1.178988063360513205e-01,-1.316536393993540388e-01,0.000000000000000000e+00,0.000000000000000000e+00,-1.961782634808532377e-01,-1.857290364122619331e-01,0.000000000000000000e+00,0.000000000000000000e+00,0.000000000000000000e+00,0.000000000000000000e+00,-1.383951939564425082e-01,-3.312878270604422970e-01,0.000000000000000000e+00,0.000000000000000000e+00,-1.608692588369987353e-01,0.000000000000000000e+00,0.000000000000000000e+00
0.000000000000000000e+00,-2.655313007275394988e-01,0.000000000000000000e+00,-8.925045465036285375e-02,0.000000000000000000e+00,-2.363682033053751408e-01,-6.206768608466015080e-03,0.000000000000000000e+00,-1.184112554461202310e-01,-2.160262857860656971e-01,-6.098557481066003982e-02,0.000000000000000000e+00,0.000000000000000000e+00,-1.886202602566490749e-01,-1.971233379900264870e-01,-1.758336827905035982e-01,-8.813415255121538616e-02,-1.091135823574921060e-01,0.000000000000000000e+00,0.000000000000000000e+00,0.000000000000000000e+00
8.610513129674149391e-02,6.372241893259324164e-02,0.000000000000000000e+00,0.000000000000000000e+00,0.000000000000000000e+00,-1.239605761587204841e-01,0.000000000000000000e+00,5.273465057909759723e-02,-1.507341534660795179e-01,0.000000000000000000e+00,-2.340216443901801391e-01,-1.107364101521556010e-02,0.000000000000000000e+00,0.000000000000000000e+00,0.000000000000000000e+00,2.829370203894946215e-02,-5.944158890471205187e-02,-5.769410185121841284e-02,0.000000000000000000e+00,0.000000000000000000e+00,-7.336463750506426462e-02
-3.485323990862884691e-02,-2.894903453081081879e-01,0.000000000000000000e+00,-5.214044773764037882e-02,-1.752019758472017630e-01,-2.836627315276366371e-02,0.000000000000000000e+00,0.000000000000000000e+00,-1.335590874753481982e-01,-1.931985093875839277e-01,0.000000000000000000e+00,0.000000000000000000e+00,0.000000000000000000e+00,0.000000000000000000e+00,-1.832305049452529755e-01,0.000000000000000000e+00,-7.430288308514609863e-03,-8.148114165463493652e-02,0.000000000000000000e+00,-1.580159722742016937e-01,0.000000000000000000e+00
-1.052299689119229331e-01,0.000000000000000000e+00,-1.294872040832523996e-01,-1.263635813476114145e-01,-4.087348278473838525e-01,-1.862716285801278016e-01,0.000000000000000000e+00,0.000000000000000000e+00,-1.084695909321098384e-01,-1.209773381913895052e-01,0.000000000000000000e+00,0.000000000000000000e+00,0.000000000000000000e+00,0.000000000000000000e+00,-1.183502726679991485e-01,-1.723221150878245789e-01,-9.781199224350504984e-02,-1.578635602657070258e-01,0.000000000000000000e+00,0.000000000000000000e+00,-1.459686339967501689e-01
3.625595508253487420e-02,-3.258728811607775055e-02,-8.322396405086261717e-02,0.000000000000000000e+00,-1.502233088762622293e-01,0.000000000000000000e+00,-7.680953644000217129e-02,-9.109534360424018096e-02,0.000000000000000000e+00,-7.839220052097464753e-02,-3.607303913834290082e-02,-1.006189227811644243e-02,0.000000000000000000e+00,0.000000000000000000e+00,5.075333467054432904e-03,3.923162575307585082e-02,-1.580570268433490466e-01,-6.177231665389261439e-02,-8.891410329379151323e-02,0.000000000000000000e+00,0.000000000000000000e+00
5.861721581607829551e-02,-9.998722194851148923e-03,0.000000000000000000e+00,-3.924741159251704525e-02,0.000000000000000000e+00,4.177069838509190475e-02,-8.193278280106477962e-03,0.000000000000000000e+00,7.102530429107711818e-02,0.000000000000000000e+00,0.000000000000000000e+00,-2.395475168334891547e-02,-1.288591982546588577e-01,5.157510151574161428e-02,0.000000000000000000e+00,9.814999348598450052e-03,-7.051715132696858776e-03,-6.478846010361288994e-03,-3.172560997746123879e-02,0.000000000000000000e+00,0.000000000000000000e+00
-4.401321236809955378e-02,-7.740140630882733075e-02,0.000000000000000000e+00,0.000000000000000000e+00,0.000000000000000000e+00,0.000000000000000000e+00,-1.334648256554469281e-01,-4.811877274121939552e-02,0.000000000000000000e+00,-9.353152344126573758e-02,0.000000000000000000e+00,-5.464148910075596749e-02,0.000000000000000000e+00,0.000000000000000000e+00,-6.934380717740647182e-02,-7.702564307828708989e-02,-1.542705539312515806e-01,1.833672063149153608e-03,-1.562045942266301335e-01,-1.586261378213389139e-01,-1.931086798485399936e-01
0.000000000000000000e+00,0.000000000000000000e+00,0.000000000000000000e+00,-9.687855875347543833e-02,0.000000000000000000e+00,-1.696357762817732595e-01,0.000000000000000000e+00,0.000000000000000000e+00,-1.174453559878163716e-01,0.000000000000000000e+00,0.000000000000000000e+00,0.000000000000000000e+00,0.000000000000000000e+00,-1.748958429546078885e-01,0.000000000000000000e+00,-1.902786068168399458e-01,-1.796252314512032933e-01,-5.902955762739972023e-01,-2.892562530772694318e-01,-1.031883955845196571e-01,0.000000000000000000e+00
2.221625079964566554e-02,7.989070864146106954e-02,0.000000000000000000e+00,0.000000000000000000e+00,0.000000000000000000e+00,-1.383385639848484228e-01,-1.108611209991973434e-01,0.000000000000000000e+00,-1.627424414966763544e-01,-1.386508985554261997e-01,-1.281513576004111865e-01,0.000000000000000000e+00,0.000000000000000000e+00,5.253991708708899422e-02,-7.107771182120230236e-02,1.794883236754872893e-02,8.293223611760509872e-02,0.000000000000000000e+00,0.000000000000000000e+00,0.000000000000000000e+00,0.000000000000000000e+00
3.343507550561355263e-02,0.000000000000000000e+00,0.000000000000000000e+00,1.184125383900893648e-02,-1.236648453348750294e-02,0.000000000000000000e+00,0.000000000000000000e+00,0.000000000000000000e+00,0.000000000000000000e+00,7.982436519352138424e-03,3.273157883153893916e-02,0.000000000000000000e+00,-1.443699804471320347e-01,-1.038261196876820447e-01,3.402009659294271543e-02,0.000000000000000000e+00,0.000000000000000000e+00,-6.094813920433399257e-02,7.396464801117980277e-03,0.000000000000000000e+00,0.000000000000000000e+00
0.000000000000000000e+00,-2.117886475597257068e-01,0.000000000000000000e+00,0.000000000000000000e+00,-1.537222523996313039e-01,-1.179189304968068369e-01,0.000000000000000000e+00,0.000000000000000000e+00,0.000000000000000000e+00,-1.681462962808584760e-01,0.000000000000000000e+00,0.000000000000000000e+00,0.000000000000000000e+00,0.000000000000000000e+00,0.000000000000000000e+00,-1.271444305615309078e-01,0.000000000000000000e+00,0.000000000000000000e+00,-9.976550423690896952e-02,0.000000000000000000e+00,0.000000000000000000e+00
-1.680430787734256068e-02,0.000000000000000000e+00,0.000000000000000000e+00,0.000000000000000000e+00,4.430325791085117093e-02,-5.501630811570881047e-02,0.000000000000000000e+00,0.000000000000000000e+00,0.000000000000000000e+00,-1.250230456419393066e-01,0.000000000000000000e+00,0.000000000000000000e+00,3.749005114346814355e-02,0.000000000000000000e+00,5.295276688700689682e-02,-1.531505640109201150e-01,0.000000000000000000e+00,4.296180611550195171e-03,0.000000000000000000e+00,0.000000000000000000e+00,0.000000000000000000e+00
0.000000000000000000e+00,-1.628718939619409334e-01,0.000000000000000000e+00,-1.283073555401687271e-01,0.000000000000000000e+00,-1.140130110446747197e-01,-2.253242346801289375e-01,-1.147559466645972914e-01,-3.096878996840846665e-01,-1.001469087614014902e-01,2.484236317838890012e-02,0.000000000000000000e+00,-1.110057432828207846e-01,-8.391164937228158538e-02,-1.514441265106134249e-01,-3.145720907014410567e-02,-8.640731600060595763e-02,0.000000000000000000e+00,0.000000000000000000e+00,-1.265031809455728906e-01,-1.860173708531473180e-01
-1.216517994418261500e-01,-1.414310965943342546e-01,0.000000000000000000e+00,-1.007313465396082186e-01,-1.467894813980219482e-01,-1.680306802494759832e-01,0.000000000000000000e+00,0.000000000000000000e+00,-1.561424546176847505e-01,-2.567624420465494661e-02,0.000000000000000000e+00,0.000000000000000000e+00,-1.283315579599412504e-01,-1.766282327815603959e-01,-1.808703567516777577e-01,-1.950058105314843027e-01,-1.074563235565481889e-01,-3.797153312663714003e-02,-1.240166406702326168e-01,0.000000000000000000e+00,0.000000000000000000e+00
-2.625859384937142410e-02,0.000000000000000000e+00,0.000000000000000000e+00,0.000000000000000000e+00,0.000000000000000000e+00,-1.586728061738469087e-01,0.000000000000000000e+00,0.000000000000000000e+00,-1.729709010536244762e-01,-2.666199414100385301e-01,0.000000000000000000e+00,0.000000000000000000e+00,-2.367622608729098854e-01,-1.484280355585325395e-01,-1.672652899134535187e-01,-1.599674911377020614e-01,-6.596545088386140954e-02,-5.870306048207468881e-03,0.000000000000000000e+00,-1.170604987942053810e-01,0.000000000000000000e+00
0.000000000000000000e+00,0.000000000000000000e+00,0.000000000000000000e+00,-1.193661697381061260e-01,0.000000000000000000e+00,-1.691860056929815614e-01,0.000000000000000000e+00,0.000000000000000000e+00,-1.149816304802067785e-01,0.000000000000000000e+00,0.000000000000000000e+00,0.000000000000000000e+00,0.000000000000000000e+00,0.000000000000000000e+00,-1.265362983463402258e-01,0.000000000000000000e+00,0.000000000000000000e+00,0.000000000000000000e+00,-1.423325867325448968e-01,0.000000000000000000e+00,-1.937138248064915191e-01
-4.787070784157600005e-03,-2.967869027151135985e-01,0.000000000000000000e+00,0.000000000000000000e+00,-1.189079080060177068e-01,-1.193762130645648206e-01,0.000000000000000000e+00,-3.393879858094099866e-01,-1.850452619990336223e-01,-1.412089899714422669e-01,-7.529051648981756328e-02,-2.612605819140363383e-01,-1.837336976558264501e-01,0.000000000000000000e+00,-7.628936644376121956e-01,0.000000000000000000e+00,0.000000000000000000e+00,-1.539368268901611936e-01,-1.219333765675784942e-01,0.000000000000000000e+00,0.000000000000000000e+00
-7.623832592502154115e-02,0.000000000000000000e+00,-1.522137418365827333e-01,-8.973093814225645282e-02,0.000000000000000000e+00,-4.862946311448460013e-02,0.000000000000000000e+00,0.000000000000000000e+00,-7.563244090634693717e-02,-2.084389632238680193e-02,-1.197413363926676244e-01,0.000000000000000000e+00,0.000000000000000000e+00,-1.573116724649258613e-01,1.069843289056574137e-01,0.000000000000000000e+00,4.936674288582574427e-02,-1.174890533207098714e-01,-1.472843358514976109e-01,-6.624641646820093877e-02,-1.612976422363628926e-01
0.000000000000000000e+00,0.000000000000000000e+00,0.000000000000000000e+00,0.000000000000000000e+00,0.000000000000000000e+00,8.726473977702033091e-02,0.000000000000000000e+00,0.000000000000000000e+00,5.705132399891474360e-02,6.449723451373456928e-02,0.000000000000000000e+00,7.373849298489819348e-02,-1.916119847650062935e-01,0.000000000000000000e+00,-1.613997209068428751e-01,0.000000000000000000e+00,0.000000000000000000e+00,1.924603786854834492e-02,0.000000000000000000e+00,-3.200559940700504341e-02,0.000000000000000000e+00
1.162870661135634587e-01,0.000000000000000000e+00,0.000000000000000000e+00,-1.282556320405663641e-01,0.000000000000000000e+00,-1.093086759679809741e-02,2.179799001655413626e-02,0.000000000000000000e+00,6.623867369775483793e-02,-1.974698798454240217e-03,2.107488115916742247e-02,0.000000000000000000e+00,0.000000000000000000e+00,0.000000000000000000e+00,9.705263086878757051e-02,0.000000000000000000e+00,3.558353729115140002e-02,-1.115230837443981216e-01,1.298143207691086418e-02,0.000000000000000000e+00,-1.684794140861363698e-01
3.655163131410189836e-02,0.000000000000000000e+00,0.000000000000000000e+00,-1.267168900158377742e-01,0.000000000000000000e+00,0.000000000000000000e+00,0.000000000000000000e+00,0.000000000000000000e+00,5.945742831212153315e-03,-3.792912007851367839e-03,0.000000000000000000e+00,6.715125624137482929e-02,0.000000000000000000e+00,0.000000000000000000e+00,5.714890424785397383e-02,0.000000000000000000e+00,0.000000000000000000e+00,-6.112196049655627822e-02,-5.569788411838891978e-03,0.000000000000000000e+00,-2.468755884129561207e-01
1.087877748894725341e-02,5.749171438382998101e-02,0.000000000000000000e+00,-7.905648866526415741e-02,0.000000000000000000e+00,-1.629958919859448305e-03,0.000000000000000000e+00,-8.338740225335511619e-04,0.000000000000000000e+00,-1.551601020265290509e-01,1.112021974328543383e-01,6.934161443734265795e-02,5.604324643664700123e-02,9.249759517818900711e-02,4.368856279102823620e-02,-6.723291502412843956e-02,0.000000000000000000e+00,-5.516654720334528139e-02,8.521415328354091379e-03,0.000000000000000000e+00,0.000000000000000000e+00
-9.559020120545260943e-03,0.000000000000000000e+00,0.000000000000000000e+00,0.000000000000000000e+00,-1.567462483007927565e-01,-3.521397163050463130e-02,-1.262072424241089154e-02,0.000000000000000000e+00,-1.184774765566852101e-01,-6.290636360989748654e-02,1.219468525175009498e-02,-1.001282618864779428e-02,-3.835997222129542555e-02,-4.219142376374784148e-02,-5.341635510544771870e-02,-6.891761305658841708e-03,-1.024402532264650501e-01,-1.166344701449606724e-01,0.000000000000000000e+00,-2.055326634653860951e-01,0.000000000000000000e+00
0.000000000000000000e+00,-1.470200543400033422e-01,0.000000000000000000e+00,0.000000000000000000e+00,-3.341777794048037542e-01,2.193998899534373918e-04,4.395877243477994828e-02,0.000000000000000000e+00,-1.608398303733865609e-02,-1.151388681392530658e-02,2.825690853173782116e-02,-5.298299341071214391e-02,-1.229501666548763472e-01,4.342446853839211640e-02,-2.273363572639143515e-02,8.119399131899594779e-02,0.000000000000000000e+00,-8.763884470249583628e-03,4.325470813141668591e-02,0.000000000000000000e+00,-1.386509161718257610e-01
0.000000000000000000e+00,0.000000000000000000e+00,0.000000000000000000e+00,1.733381391268890015e-02,-3.258881188579149796e-02,8.107544186275822407e-02,5.529010058383482945e-02,0.000000000000000000e+00,0.000000000000000000e+00,3.052301857312103919e-02,0.000000000000000000e+00,-5.156157911781334216e-03,-1.388023269053040298e-01,1.489582775626101772e-02,0.000000000000000000e+00,-1.308555158070051063e-03,0.000000000000000000e+00,-5.633558415429688361e-03,-3.519848515217090940e-02,0.000000000000000000e+00,-1.681576627350570841e-01
0.000000000000000000e+00,-1.524811647056927878e-02,-1.807343998069270985e-01,0.000000000000000000e+00,0.000000000000000000e+00,3.374859017733154026e-02,0.000000000000000000e+00,5.296245200161019129e-02,-1.155548642136566551e-01,2.307718968206735194e-02,0.000000000000000000e+00,0.000000000000000000e+00,0.000000000000000000e+00,0.000000000000000000e+00,0.000000000000000000e+00,0.000000000000000000e+00,0.000000000000000000e+00,0.000000000000000000e+00,-9.166825547761378590e-02,0.000000000000000000e+00,0.000000000000000000e+00
-5.536615403637120542e-02,0.000000000000000000e+00,0.000000000000000000e+00,-5.461714016918014364e-02,0.000000000000000000e+00,-4.651517775434284990e-02,0.000000000000000000e+00,-1.557153842753566664e-01,1.299604300760212883e-01,3.128615520293250019e-02,5.495480703832441444e-02,5.143543327755602246e-02,0.000000000000000000e+00,0.000000000000000000e+00,6.447464772280520062e-02,-5.473999780478143451e-02,0.000000000000000000e+00,4.052716075955842268e-02,2.615761766791776383e-02,1.044636356984749576e-01,0.000000000000000000e+00
-1.467681547702648914e-01,0.000000000000000000e+00,-1.153736735938141189e-01,0.000000000000000000e+00,3.038835442991714639e-02,-1.334790434304933271e-01,0.000000000000000000e+00,-6.776892396228832716e-02,0.000000000000000000e+00,-1.399082795542771762e-01,-1.301034106222909714e-01,-1.404881865271038199e-01,-1.505700881427879390e-01,-1.411473325895576947e-01,-2.469056687597529220e-01,-1.929618390470911604e-01,-8.093556119629945200e-02,-1.101740463303814838e-01,0.000000000000000000e+00,-3.160185845249436493e-02,-3.609559651352856058e-01
0.000000000000000000e+00,2.382159464944260188e-03,0.000000000000000000e+00,0.000000000000000000e+00,0.000000000000000000e+00,-1.231159553525878331e-01,0.000000000000000000e+00,0.000000000000000000e+00,-1.520391819556242974e-01,-4.388620594109154949e-01,0.000000000000000000e+00,-1.589870432969242575e-01,0.000000000000000000e+00,0.000000000000000000e+00,-6.556924505087087518e-02,-3.456838792496731705e-02,-1.279628737081552232e-02,0.000000000000000000e+00,-1.551201938459429164e-01,0.000000000000000000e+00,-1.646653366224051507e-01
5.738372190174462900e-02,0.000000000000000000e+00,-4.626220274952232321e-03,1.015738228088616628e-02,-2.239663969243650687e-02,8.423838782140981307e-02,1.149732724484552049e-01,0.000000000000000000e+00,0.000000000000000000e+00,-8.959399681226057344e-02,0.000000000000000000e+00,8.512386752985162675e-02,4.393033655115591990e-02,0.000000000000000000e+00,-5.583500555239471509e-03,7.148578132652515238e-02,1.313149197395796497e-02,-9.079703442613901165e-02,-7.451217437707785551e-02,0.000000000000000000e+00,0.000000000000000000e+00
-1.713763317755006427e-03,3.009305109702260089e-02,0.000000000000000000e+00,-3.778497149982105313e-02,-9.129133717317154673e-02,7.565305052857031198e-02,0.000000000000000000e+00,0.000000000000000000e+00,-6.451294314068246882e-02,-1.447074853620810841e-01,-3.284273602470220155e-01,0.000000000000000000e+00,-1.891176394016433615e-01,-4.735973990640703762e-02,-1.513228206495558226e-01,0.000000000000000000e+00,2.370080934884629190e-02,-1.486391272342946768e-01,0.000000000000000000e+00,0.000000000000000000e+00,0.000000000000000000e+00
-2.616545590742963903e-02,0.000000000000000000e+00,0.000000000000000000e+00,0.000000000000000000e+00,0.000000000000000000e+00,-1.538912819099856333e-01,0.000000000000000000e+00,-1.016168728048654213e-01,-9.135959105273354364e-02,0.000000000000000000e+00,1.534670971088210670e-02,0.000000000000000000e+00,4.515743714567835992e-02,-1.432576832346775242e-01,-1.305755656799521824e-01,-1.068874412288083574e-02,-1.544844564814199794e-01,0.000000000000000000e+00,-1.623622734566980697e-01,0.000000000000000000e+00,0.000000000000000000e+00
9.167089606359692111e-02,0.000000000000000000e+00,0.000000000000000000e+00,4.910201906898829100e-02,-5.841632489247104015e-02,-5.653852399020328767e-02,3.157199519247264746e-02,0.000000000000000000e+00,0.000000000000000000e+00,-1.271148289804953369e-01,-1.020498775392536667e-01,0.000000000000000000e+00,0.000000000000000000e+00,3.240585034320691421e-02,0.000000000000000000e+00,0.000000000000000000e+00,0.000000000000000000e+00,-1.023213104798246890e-02,0.000000000000000000e+00,1.529626855700334104e-02,-1.379274698982238256e-01
0.000000000000000000e+00,0.000000000000000000e+00,4.942559707224594007e-02,0.000000000000000000e+00,-7.956260742065597580e-02,4.438621710551306221e-02,0.000000000000000000e+00,-3.764168040066163262e-02,-2.071164448823037060e-02,7.489653537006122491e-03,0.000000000000000000e+00,0.000000000000000000e+00,0.000000000000000000e+00,0.000000000000000000e+00,-1.189932060343416170e-01,7.155915793709105577e-02,-5.487205280776148719e-02,-5.996930800598419126e-02,-1.912909863138710642e-01,0.000000000000000000e+00,0.000000000000000000e+00
0.000000000000000000e+00,-1.022219984041716073e-01,0.000000000000000000e+00,-1.107925224603570485e-01,-8.588197611246017882e-02,-1.338521652870099388e-01,0.000000000000000000e+00,-1.539844869925628690e-01,-7.818121154547054419e-02,-1.014774547663554599e-01,0.000000000000000000e+00,0.000000000000000000e+00,-1.078456594987562689e-01,-3.657179904863844810e-01,-1.200671158541793127e-01,-1.255433439918133554e-01,-6.767103382597164374e-02,-5.990517071987058739e-02,-1.063767182864121946e-01,-8.370553292804908119e-02,0.000000000000000000e+00
-1.327601504804147015e-01,0.000000000000000000e+00,0.000000000000000000e+00,0.000000000000000000e+00,0.000000000000000000e+00,-9.238537929634565993e-02,-1.269448481825314334e-01,0.000000000000000000e+00,-1.977013686266303194e-01,-5.270633720732476046e-02,-1.960944851176441850e-01,-1.161072044413042209e-01,-1.982750468815751566e-01,0.000000000000000000e+00,-1.818988580125138199e-01,-7.774205922504245914e-02,-8.095940232284271065e-02,-6.562328467384036246e-02,-1.080566785167870469e-01,-1.640293709720408166e-01,-7.722341156484506530e-02
0.000000000000000000e+00,0.000000000000000000e+00,-1.679578941009233703e-02,-1.896679101721876481e-02,2.452634637189322897e-02,-6.546677197998590492e-02,0.000000000000000000e+00,-9.073405749384100272e-02,-5.375894410900459996e-02,-3.430000276867680581e-02,-1.476010837814495102e-01,-5.559436678945214871e-02,0.000000000000000000e+00,-3.634305334151479491e-03,-7.790680434526597864e-02,-4.133965776993028113e-02,-4.079119992172397513e-02,-3.611650866098978230e-02,-1.411027293448305700e-02,0.000000000000000000e+00,-1.154586394268237864e-01
0.000000000000000000e+00,0.000000000000000000e+00,-1.977116984942481337e-01,-1.096447538969234498e-01,-5.860226578847223255e-02,-1.448021864796004421e-01,0.000000000000000000e+00,-3.068915400683687456e-02,-9.439862608427836144e-02,-8.316944637647394334e-02,-1.108964180039901243e-01,-6.564272445660493394e-02,-2.174781345547093792e-01,-2.282384589629482541e-02,-4.483463726946840949e-02,-2.411081642919786841e-02,-6.257168758527437147e-02,-1.904520698618126021e-02,0.000000000000000000e+00,-8.544542392414046506e-02,-8.799361518049418629e-02
1.598363005971244546e-02,0.000000000000000000e+00,0.000000000000000000e+00,0.000000000000000000e+00,0.000000000000000000e+00,-4.093753783097484750e-02,0.000000000000000000e+00,0.000000000000000000e+00,0.000000000000000000e+00,0.000000000000000000e+00,0.000000000000000000e+00,-2.410666533738364536e-01,-1.350154949126696202e-01,0.000000000000000000e+00,-1.361887958421646450e-01,-8.435670274440361383e-02,0.000000000000000000e+00,0.000000000000000000e+00,0.000000000000000000e+00,0.000000000000000000e+00,0.000000000000000000e+00
-5.527856220759790051e-02,-4.982638177995726836e-02,0.000000000000000000e+00,-3.261566266917413637e-02,-3.161420670076913186e-01,0.000000000000000000e+00,-1.338281562882339404e-01,-2.123520995390557053e-01,-7.504625706632989113e-02,-1.183725536058118227e-01,-9.844096932280943513e-02,-1.333777177261538938e-01,-9.303411135783487551e-02,-2.697129628154474879e-01,-1.092256087292015065e-01,-8.597191831202682932e-02,0.000000000000000000e+00,-1.587838431287799390e-01,0.000000000000000000e+00,0.000000000000000000e+00,0.000000000000000000e+00
4.614536619630505571e-03,-4.797909564122761206e-02,0.000000000000000000e+00,1.380993397604877299e-02,-7.522907948400808786e-02,-5.223326119197228834e-02,2.440873124495142668e-02,-5.082785722586810606e-02,-6.305964819014864275e-02,-1.276799168923394880e-02,0.000000000000000000e+00,1.014245298489509575e-02,1.248006813971239137e-02,0.000000000000000000e+00,1.287548959290275158e-02,-4.499962901610540106e-02,1.008036213727002244e-02,-4.925756246196059951e-02,-2.635562264514264980e-02,0.000000000000000000e+00,0.000000000000000000e+00
-2.921738146853817067e-02,0.000000000000000000e+00,0.000000000000000000e+00,-1.343587219870843730e-01,3.707057417208416139e-02,-1.546414394180641860e-01,0.000000000000000000e+00,0.000000000000000000e+00,-1.178041322052874179e-01,-1.248034648539052827e-01,-9.823873983134673304e-02,-1.658494023561939423e-01,-1.112526467954149390e-01,-1.491420126722948769e-01,-9.141199850940175120e-02,-1.167170793128773504e-01,-5.526158295226719919e-02,0.000000000000000000e+00,-1.289628251200112541e-01,0.000000000000000000e+00,0.000000000000000000e+00
-4.821986619781466060e-02,0.000000000000000000e+00,-1.330921598298554290e-02,0.000000000000000000e+00,0.000000000000000000e+00,-1.395107264074303965e-01,-1.236327501318954525e-01,-7.032790812474914999e-02,-6.137269150889524544e-02,-8.153575466157585161e-02,0.000000000000000000e+00,-8.430371464713581897e-02,0.000000000000000000e+00,0.000000000000000000e+00,-5.906943380433688634e-02,-1.464320638380152695e-01,-1.829876049369093260e-02,-4.603334687264518804e-02,0.000000000000000000e+00,0.000000000000000000e+00,-7.813838795623039013e-02
-7.341177200795027946e-02,0.000000000000000000e+00,0.000000000000000000e+00,0.000000000000000000e+00,0.000000000000000000e+00,-9.347808035991859998e-02,0.000000000000000000e+00,0.000000000000000000e+00,-1.219160236677943321e-01,0.000000000000000000e+00,0.000000000000000000e+00,0.000000000000000000e+00,0.000000000000000000e+00,-1.729348924446779123e-01,-3.372947116621284325e-01,0.000000000000000000e+00,-6.632696251518756247e-02,-9.865389141670607986e-02,-1.172914590408186269e-01,-1.012189092062636547e-01,-6.791466856641548144e-02
-9.541175869581043634e-02,0.000000000000000000e+00,0.000000000000000000e+00,-1.493395562015688016e-01,0.000000000000000000e+00,-1.252078095022690352e-01,0.000000000000000000e+00,0.000000000000000000e+00,-1.647656882035100356e-01,-2.339990483240688424e-01,0.000000000000000000e+00,0.000000000000000000e+00,-1.444461311056548236e-01,0.000000000000000000e+00,-1.149624504748294890e-01,-6.928811356616909611e-02,0.000000000000000000e+00,-2.090566039700250678e-01,0.000000000000000000e+00,0.000000000000000000e+00,-1.316622381071219927e-01
0.000000000000000000e+00,-1.559952664535561584e-01,-1.304449440024139928e-01,0.000000000000000000e+00,-1.471052857553274973e-01,-9.613982153574326950e-02,0.000000000000000000e+00,0.000000000000000000e+00,0.000000000000000000e+00,-1.360567668243923001e-01,0.000000000000000000e+00,0.000000000000000000e+00,0.000000000000000000e+00,0.000000000000000000e+00,0.000000000000000000e+00,-1.889635563463974988e-01,-7.256034684232436083e-02,-1.050269591149301102e-01,0.000000000000000000e+00,0.000000000000000000e+00,0.000000000000000000e+00
-9.348991387307710454e-02,-1.103825487343904760e-01,0.000000000000000000e+00,0.000000000000000000e+00,-1.801517967955946486e-01,-1.159103502961611049e-01,-7.366061978124278931e-02,-1.618428831927531952e-02,0.000000000000000000e+00,-1.651762918617422082e-01,0.000000000000000000e+00,0.000000000000000000e+00,0.000000000000000000e+00,0.000000000000000000e+00,-6.017499585993386219e-02,-1.326264595800739909e-01,-2.863133034815237288e-01,0.000000000000000000e+00,-1.116787450063272680e-01,-3.437620334838634856e-02,0.000000000000000000e+00
-1.081111560675659423e-02,0.000000000000000000e+00,0.000000000000000000e+00,-1.089196902791917387e-01,-1.189440188448934871e-01,0.000000000000000000e+00,0.000000000000000000e+00,0.000000000000000000e+00,-1.228632875472591562e-01,-9.970812455934667529e-02,-1.914245695800615987e-01,0.000000000000000000e+00,0.000000000000000000e+00,0.000000000000000000e+00,-7.636194127746813443e-02,-2.860577111701212982e-01,0.000000000000000000e+00,-2.417667262530948796e-02,0.000000000000000000e+00,0.000000000000000000e+00,-1.010243075858912598e-01
0.000000000000000000e+00,0.000000000000000000e+00,0.000000000000000000e+00,-1.021702658415443721e-01,-2.228982702633021395e-01,0.000000000000000000e+00,0.000000000000000000e+00,0.000000000000000000e+00,-1.425550625900438850e-01,-1.440003788003208218e-01,0.000000000000000000e+00,0.000000000000000000e+00,-1.336093170206405223e-01,0.000000000000000000e+00,-8.010333470459717053e-02,-1.240516941625484371e-01,0.000000000000000000e+00,-9.015469123666880469e-02,-8.597075616335959902e-02,0.000000000000000000e+00,-7.778244502479657319e-02
-4.423080721333906562e-02,0.000000000000000000e+00,0.000000000000000000e+00,0.000000000000000000e+00,-2.445432406158298821e-01,0.000000000000000000e+00,0.000000000000000000e+00,0.000000000000000000e+00,-3.180530703314052299e-02,-3.611900050992109534e-01,0.000000000000000000e+00,0.000000000000000000e+00,-8.185879453181880983e-02,0.000000000000000000e+00,-8.998859484595049529e-02,-7.898975892071904981e-02,0.000000000000000000e+00,-1.551905291892051730e-01,-5.895893650791514395e-02,-2.814744270265229220e-01,-5.722020714606160241e-02
-2.531125877474501573e-01,-2.072865281062022946e-01,0.000000000000000000e+00,1.575760314422692144e-03,-2.443329448397788539e-01,0.000000000000000000e+00,-1.940017280562917890e-01,0.000000000000000000e+00,0.000000000000000000e+00,-1.098441477648358783e-01,-2.936370361759683134e-01,-8.552559031964133973e-02,-8.004792342019136087e-02,0.000000000000000000e+00,-5.414230316335486570e-01,-1.100022853870067652e-01,0.000000000000000000e+00,-8.236201205344316489e-02,0.000000000000000000e+00,-1.148619612161376341e-01,0.000000000000000000e+00
0.000000000000000000e+00,2.483377710683470907e-02,0.000000000000000000e+00,-4.455664978721731589e-02,0.000000000000000000e+00,0.000000000000000000e+00,-6.320468739661715130e-02,3.488959181285260225e-02,6.523737476591701112e-02,5.462395793121103960e-02,3.525776741530589620e-02,5.820848608129713941e-02,-3.585017294465904225e-01,5.814333865925316869e-02,0.000000000000000000e+00,3.355535602890925145e-02,6.048106614636677980e-02,-1.355294565384527194e-01,-1.230668196771043249e-01,-1.354147220614410618e-01,0.000000000000000000e+00
0.000000000000000000e+00,-2.419582759179854659e-01,-7.292403692437388063e-02,-8.928785993058091508e-02,-9.778435793249146135e-02,-1.253753141934453585e-01,0.000000000000000000e+00,-1.047311679946388019e-01,-8.072283430986647301e-02,-1.725264599808944144e-01,0.000000000000000000e+00,0.000000000000000000e+00,-1.230297644327641576e-01,0.000000000000000000e+00,-8.042187305834962163e-02,0.000000000000000000e+00,-1.666428473069977712e-01,0.000000000000000000e+00,0.000000000000000000e+00,-1.023412396956261960e-01,0.000000000000000000e+00
0.000000000000000000e+00,-1.029877385139484208e-01,0.000000000000000000e+00,-8.855813184491015400e-02,-5.643830578689186528e-02,-8.625323933342637917e-02,0.000000000000000000e+00,-3.202032790504020232e-01,-8.286338305442107754e-02,-1.302753262402835677e-01,0.000000000000000000e+00,0.000000000000000000e+00,-6.746298139020888429e-02,-1.674179903610521492e-01,-1.379604602704310179e-01,-7.021076175332656433e-02,0.000000000000000000e+00,-2.191768886087121504e-01,-6.940204069938421538e-02,0.000000000000000000e+00,0.000000000000000000e+00
-1.394294696254921861e-01,0.000000000000000000e+00,0.000000000000000000e+00,0.000000000000000000e+00,0.000000000000000000e+00,-9.524654065935642122e-02,-2.409770836069618505e-01,0.000000000000000000e+00,-1.181745191501059056e-01,-9.333405955627295525e-02,0.000000000000000000e+00,0.000000000000000000e+00,0.000000000000000000e+00,-1.206476130697630156e-01,-1.746550816734560585e-01,-6.761196576578944184e-02,-7.143660442991116299e-02,-2.130046408937176228e-01,0.000000000000000000e+00,-1.331219887605752383e-01,-1.270858247150237486e-01
-1.171985610868830491e-01,-4.153945032335683574e-01,0.000000000000000000e+00,0.000000000000000000e+00,-4.851943676484196666e-02,-1.222892465366181153e-01,0.000000000000000000e+00,0.000000000000000000e+00,0.000000000000000000e+00,-1.471417993335471207e-02,0.000000000000000000e+00,-1.025633543111352103e-01,-8.870377119054660697e-02,0.000000000000000000e+00,-9.495696833300397433e-02,0.000000000000000000e+00,0.000000000000000000e+00,0.000000000000000000e+00,0.000000000000000000e+00,0.000000000000000000e+00,0.000000000000000000e+00
-9.325511779487963282e-02,0.000000000000000000e+00,0.000000000000000000e+00,0.000000000000000000e+00,0.000000000000000000e+00,-1.253983242526247877e-01,0.000000000000000000e+00,0.000000000000000000e+00,-7.032372688670644745e-02,-1.670090536331383380e-01,-7.017131464698429799e-02,-2.256243067932189317e-01,0.000000000000000000e+00,0.000000000000000000e+00,-1.097962006006297508e-01,-8.586013623237702397e-02,0.000000000000000000e+00,-9.165954943012179224e-02,-5.684655342687090079e-02,0.000000000000000000e+00,-5.842598428081061113e-02
-9.536613876012804691e-02,0.000000000000000000e+00,0.000000000000000000e+00,-6.764530304392851745e-02,0.000000000000000000e+00,-4.693917489217822731e-02,0.000000000000000000e+00,0.000000000000000000e+00,-5.947754418104003737e-02,0.000000000000000000e+00,-7.508448745602552821e-02,0.000000000000000000e+00,0.000000000000000000e+00,0.000000000000000000e+00,-8.034310525239099499e-02,-9.019636317571036455e-02,-7.142248994547686913e-02,-8.730636582751341579e-02,0.000000000000000000e+00,0.000000000000000000e+00,0.000000000000000000e+00
-9.768620151735027402e-02,-1.522307586212043040e-01,0.000000000000000000e+00,0.000000000000000000e+00,0.000000000000000000e+00,-7.823272605639329524e-02,-6.978839388584980041e-02,-7.981090914080879450e-02,-1.071509095710238141e-01,-8.782291313182655212e-02,0.000000000000000000e+00,0.000000000000000000e+00,0.000000000000000000e+00,-1.027336180722343284e-01,-1.147499764564151731e-01,-1.758143565632540040e-01,-1.162892004812465796e-01,-1.923843429892668766e-01,-8.682026631935103878e-02,0.000000000000000000e+00,0.000000000000000000e+00
0.000000000000000000e+00,0.000000000000000000e+00,0.000000000000000000e+00,-1.728416722140061479e-01,-9.723658258673130439e-02,-9.801990429634001301e-02,0.000000000000000000e+00,3.768782264480993044e-02,0.000000000000000000e+00,1.146900085333863763e-02,6.290048736807327123e-02,0.000000000000000000e+00,-1.326023807452764991e-01,-8.288412157114032064e-02,-6.582186278319491872e-03,-1.163597490619646402e-01,-3.018165886340985482e-01,-3.048959285839691197e-02,-2.419863464200809333e-01,-5.980205952612300396e-02,-1.198422396599204687e-01
0.000000000000000000e+00,-5.567606645535122523e-02,-6.627171425644350078e-02,0.000000000000000000e+00,-8.978226853673448860e-02,-1.523046749474731565e-01,0.000000000000000000e+00,-1.320084289626925755e-01,0.000000000000000000e+00,-1.309269984187623193e-01,-1.014555184489824152e-01,-4.442099605600475787e-01,-6.271148751438383739e-02,0.000000000000000000e+00,-4.344649388779340399e-02,-1.323813562000149269e-01,-7.180741635537095380e-02,-1.524764000904475225e-01,-9.585775924359957179e-02,-5.162915501526772755e-02,-3.049395997768840072e-01
-3.294213049242494112e-02,-6.876908420955656076e-02,0.000000000000000000e+00,0.000000000000000000e+00,0.000000000000000000e+00,-2.821749792159186088e-01,-3.324276958171076130e-02,0.000000000000000000e+00,-1.272614416319122442e-02,-8.035394582957711140e-02,-4.392874592661450556e-02,1.277809323574709797e-02,-6.343004707062858960e-02,0.000000000000000000e+00,-4.784533147040322815e-02,-3.294028398563792620e-02,1.449848521492794542e-02,-1.213987697838431329e-01,0.000000000000000000e+00,-3.875658431983126651e-01,0.000000000000000000e+00
-2.089685211292169331e-01,0.000000000000000000e+00,0.000000000000000000e+00,0.000000000000000000e+00,-2.631884224999582189e-01,-1.060032124466343123e-01,-2.042196261153430836e-01,-1.810895314860433980e-01,0.000000000000000000e+00,-8.801387036776664452e-02,-1.151648617368263433e-01,0.000000000000000000e+00,-8.215466010988084489e-02,0.000000000000000000e+00,3.484120525606539120e-02,-7.762775412626149452e-02,-1.277264268190478613e-01,-1.283733349724235362e-01,0.000000000000000000e+00,-1.255866713474078633e-01,0.000000000000000000e+00
0.000000000000000000e+00,-6.558020198088909680e-02,-5.758306711580818416e-02,0.000000000000000000e+00,0.000000000000000000e+00,-1.035164381313191106e-01,-1.588320153541241952e-01,-8.027044005670147531e-02,-9.685790113009473679e-02,0.000000000000000000e+00,-5.757220635453734470e-02,0.000000000000000000e+00,-6.283494131324612875e-02,0.000000000000000000e+00,-6.465360289395633009e-02,-7.223560455494214272e-02,-6.295089450266506959e-02,-1.702175011374865432e-01,-1.525235069278858546e-01,-1.138352528748972220e-01,0.000000000000000000e+00
-7.494822320742358657e-02,-6.210425092050881474e-02,-7.485385409848545335e-02,-6.756477555162730686e-02,-2.027479975454595240e-01,-7.301817781179680000e-02,-1.605293071663708437e-01,0.000000000000000000e+00,-1.239111978655767637e-01,-7.204875825430206993e-02,0.000000000000000000e+00,-6.719728137148950342e-02,-6.133294180985196520e-02,0.000000000000000000e+00,0.000000000000000000e+00,5.099663303391512026e-02,-5.156297422175591672e-02,-5.723421473283563793e-02,-1.375005071268239620e-01,0.000000000000000000e+00,0.000000000000000000e+00
0.000000000000000000e+00,0.000000000000000000e+00,0.000000000000000000e+00,0.000000000000000000e+00,-1.214502875272435445e-01,-1.029162879465310154e-01,0.000000000000000000e+00,0.000000000000000000e+00,-1.003296118091604183e-01,0.000000000000000000e+00,0.000000000000000000e+00,-5.749309247005716245e-02,-6.210222428163721109e-02,0.000000000000000000e+00,-1.195484471760084461e-01,-1.259175698170439117e-01,-6.232639315451862783e-02,-6.464619182959388533e-02,-4.702069193533800484e-02,0.000000000000000000e+00,-4.353796203097282796e-02
-5.946143560568323272e-02,-9.946008314393478544e-02,0.000000000000000000e+00,-1.204875946793552977e-01,0.000000000000000000e+00,-7.843585478634508557e-02,-1.356187181388728291e-01,0.000000000000000000e+00,0.000000000000000000e+00,-8.155152192179571102e-02,0.000000000000000000e+00,-1.043477124302265718e-01,-6.469986236047091388e-02,-3.540682369730697165e-01,0.000000000000000000e+00,-6.226653468757299692e-02,0.000000000000000000e+00,-7.301474228358027785e-02,-9.735746097348893513e-02,-1.015478840814451195e-01,-7.868345991829187036e-02
0.000000000000000000e+00,0.000000000000000000e+00,-4.564498783886287298e-02,0.000000000000000000e+00,0.000000000000000000e+00,0.000000000000000000e+00,0.000000000000000000e+00,0.000000000000000000e+00,4.842281384581215153e-02,-9.359499985434144298e-02,0.000000000000000000e+00,0.000000000000000000e+00,0.000000000000000000e+00,0.000000000000000000e+00,-9.271096349396826253e-02,0.000000000000000000e+00,0.000000000000000000e+00,0.000000000000000000e+00,5.431648242618387044e-03,0.000000000000000000e+00,-1.818421730803081449e-01
-4.679086563298348600e-02,-4.737871621319138249e-02,0.000000000000000000e+00,0.000000000000000000e+00,0.000000000000000000e+00,0.000000000000000000e+00,-2.364565101538866621e-01,0.000000000000000000e+00,-6.827827390082928660e-02,-1.987834199748634290e-01,0.000000000000000000e+00,0.000000000000000000e+00,-1.361344766844904408e-01,-3.036758239359626521e-01,0.000000000000000000e+00,-1.207889298886564572e-01,-1.223224753107288731e-01,3.214867889631698589e-02,0.000000000000000000e+00,0.000000000000000000e+00,0.000000000000000000e+00
3.171642729780727726e-02,5.476517959951446302e-02,0.000000000000000000e+00,-4.167103048569419932e-01,1.072910068200799844e-01,1.327874966500234566e-01,6.194150661824800175e-02,9.874613736159347510e-02,-1.954162217918984853e-02,-3.147082839162146373e-02,6.855070280998964982e-02,-4.562324675937812213e-02,-1.046838417955714973e-01,-1.809013331898277205e-02,9.156624891775180797e-02,8.024910561458047098e-02,5.332000008232017085e-02,6.868503340798676193e-02,8.892948879125789352e-02,4.610496269250093093e-02,0.000000000000000000e+00
0.000000000000000000e+00,-1.719680374671680168e-01,-3.849399666783797080e-01,-8.001447302020610330e-02,6.736070276040091731e-02,-2.910963318433568842e-02,-1.466911459294496789e-01,4.087902443763561516e-02,6.234567220154470235e-02,8.978976415845370262e-02,1.015600943730561451e-01,-8.868678833352681978e-02,2.213574918672417749e-02,0.000000000000000000e+00,8.179492056437225045e-02,-2.138879692379682448e-03,2.168758573084597976e-02,5.144071831857088828e-02,1.302254806282300836e-01,8.470477935596992802e-02,-3.140282262065274832e-01
-1.894934805184760387e-02,2.661423706978802151e-02,3.710512179053206822e-02,0.000000000000000000e+00,6.187367634397288214e-03,2.590602099447637113e-02,-2.072616350321206460e-02,-1.321773786446752696e-01,5.833424613775643058e-02,-1.177442845069532618e-01,-2.416566434862946547e-02,4.549150748869520283e-02,3.572917187481943705e-03,2.471786923844170383e-02,-2.220124745870257973e-02,-3.136861481027724413e-02,-1.902266369516306468e-02,-9.637742906514103203e-02,0.000000000000000000e+00,1.052293506791406458e-01,0.000000000000000000e+00
-9.467766013549354376e-02,4.999509983612234615e-02,0.000000000000000000e+00,0.000000000000000000e+00,6.069581737615112327e-03,-1.127865705911829802e-02,2.584609064501955378e-02,-1.954618000858036539e-02,2.228585836701134359e-02,-5.223568401024081265e-02,0.000000000000000000e+00,4.584286642591579169e-02,1.278980033529422411e-01,-1.075114605908903814e-01,5.489144735586485441e-02,2.101928037883067646e-02,2.132060568947887966e-02,0.000000000000000000e+00,-1.832559346059782490e-02,1.547175957821855709e-03,-3.547164234349522438e-01
2.574427945488895822e-02,0.000000000000000000e+00,9.758716343485480949e-02,0.000000000000000000e+00,-7.328122456863792739e-03,5.128530715993230571e-02,2.240651511619850059e-02,3.121728472236873914e-02,6.141508576586977158e-02,2.396635473355176928e-03,-8.548265385881116272e-05,-8.960218886252836745e-02,4.646156068404112133e-02,-8.113792575385636585e-03,6.610168724045635547e-02,-1.376408555394202302e-02,-5.013234519848859538e-02,2.421722581346169838e-03,-2.675248616534659125e-03,-4.111701336604157986e-02,-7.396348862590940154e-02
-6.579346181268401483e-02,-2.596403489454532365e-01,-1.086397497870087853e-01,-1.282458223004796227e-01,-9.266881374601837473e-02,0.000000000000000000e+00,-6.979977479158334941e-02,-8.933556862901573248e-02,-1.021816335922361568e-01,-1.180744094881744644e-01,-9.407749366172293848e-02,-8.799253463155794208e-02,-4.118550791869177163e-02,-1.423354067042392201e-01,-1.639838179754651293e-01,-9.001927499996378867e-02,-7.911569105134769186e-02,-1.250328004292062811e-01,-1.692542834859722956e-01,-1.580144498231760009e-01,-5.961101119338726301e-02
4.694654762354726063e-02,4.789970330209355337e-02,0.000000000000000000e+00,-3.548774969457876849e-02,1.451370146686669083e-01,1.213590534188546850e-02,4.033685814344084575e-02,1.026133244970568181e-01,6.959084534855873583e-02,7.764930481771793735e-02,6.408888263843648403e-02,-5.533194456698237867e-02,6.567942468447320048e-02,4.262050869646544227e-02,1.126661385769823220e-01,2.474005249075102164e-02,6.180485883538414105e-02,1.057973828680977835e-01,5.066988313001925121e-02,7.581954635344158311e-02,-8.729122990313245567e-02
-9.181096503369713668e-02,-2.497659300298081878e-02,0.000000000000000000e+00,-1.549950133668971386e-01,-1.178027648093599999e-01,-1.176518296242335254e-01,-1.710323732180517586e-01,-9.402004444010775286e-02,-1.081088170546247312e-01,-1.696492298470743121e-01,-1.705920290427410946e-01,0.000000000000000000e+00,-2.962507096986148891e-01,-8.405939952217413025e-02,-8.745675110061072732e-02,-1.024196483846651629e-01,0.000000000000000000e+00,3.131485349156599290e-02,-8.124016511783800631e-02,0.000000000000000000e+00,0.000000000000000000e+00
-1.199953846708500249e-01,-7.432996592437182692e-02,-5.353455210951973964e-02,-6.068925379498130157e-02,7.141510138014012243e-02,0.000000000000000000e+00,0.000000000000000000e+00,-6.629926359012514037e-02,-3.313589828618814653e-02,-1.678027916228823704e-02,-6.615003530376112328e-02,-1.187868492081647076e-01,-1.038867804345943169e-01,-1.229001266134369108e-01,-5.583619209118966670e-03,-1.285413871977114930e-01,-1.204199777389836357e-01,-1.958684213386719525e-02,6.410492315109855843e-02,7.372704876008386032e-02,-2.126398859994326762e-01
-8.482444060535035413e-02,0.000000000000000000e+00,-1.634928432641291618e-01,0.000000000000000000e+00,0.000000000000000000e+00,-1.187335918944497637e-01,-6.917475398786689100e-02,0.000000000000000000e+00,-1.874809467340038116e-01,-3.122098774543269339e-01,-1.847042566607261516e-01,-1.025611269778892998e-01,-1.711101563955423621e-01,0.000000000000000000e+00,-8.505271296230913769e-02,-6.522481456347069273e-02,-9.675048803639023365e-02,-7.121891005853940582e-02,-5.757557883594181108e-02,0.000000000000000000e+00,-3.672021987428970846e-02
-2.791074400702021063e-01,-1.718978143175248496e-01,-5.902341435389533292e-02,-2.195632592314125942e-01,-6.767229070337303642e-02,-7.863919375472096240e-02,-8.457528740684529256e-02,-9.444250611220485203e-02,-5.368161154649642164e-02,-1.107251685176534051e-01,-8.770053541222500026e-02,-9.214323106035260391e-02,0.000000000000000000e+00,0.000000000000000000e+00,1.366892818342822780e-02,0.000000000000000000e+00,-1.183461106683074693e-01,-1.733046475781870599e-01,-1.083491570800741710e-01,-6.456229837548500827e-02,-8.649406248343495529e-02
-8.939983823984920530e-03,6.886006318745741678e-03,0.000000000000000000e+00,5.982830602880197940e-02,-6.954964927224764615e-02,-1.011132160429998317e-01,1.490331244727947663e-03,-5.027450514832046413e-02,-4.178525141360511785e-02,-9.904159440247362056e-03,1.467597753980681707e-02,-3.762182433410334037e-02,7.198911767617608912e-03,3.772015805763003632e-02,3.693477378015169038e-02,-4.144549480972593153e-02,-9.126399905985387029e-02,-2.991231871063664352e-02,5.962532159599900558e-03,-7.936799786159681735e-02,-4.741843591450551482e-02
0.000000000000000000e+00,-1.722074114616809482e-01,0.000000000000000000e+00,0.000000000000000000e+00,-1.020970112734784566e-02,-3.724996570772243915e-02,0.000000000000000000e+00,-1.348023412293160861e-01,-1.092043540216495745e-01,-1.136076782600609347e-01,-1.090245967646707309e-01,0.000000000000000000e+00,-9.330552433088740161e-02,-7.344462521500100260e-02,0.000000000000000000e+00,-1.355151034825367029e-01,-1.102997257719019603e-01,-1.590242878284308936e-01,-2.266210847361059891e-02,0.000000000000000000e+00,0.000000000000000000e+00
0.000000000000000000e+00,7.742957316173882179e-03,0.000000000000000000e+00,0.000000000000000000e+00,-8.051611432310464000e-02,0.000000000000000000e+00,-1.654698491145563041e-02,-6.383193194621640532e-02,-2.924341764563960153e-02,-4.174486282390622860e-02,0.000000000000000000e+00,4.849601085996783911e-02,-8.130365946847682712e-02,0.000000000000000000e+00,-1.060396761457294001e-02,4.164476041991517323e-03,-3.611145732364603317e-02,-5.144545368181897144e-02,0.000000000000000000e+00,0.000000000000000000e+00,0.000000000000000000e+00
-1.465071639266556612e-02,1.959763491869845331e-02,2.005622151759426514e-02,-8.452560269854030028e-02,3.190455917012256521e-03,1.525874884699409198e-02,-8.256898200347868866e-03,6.273754614414435438e-04,-2.258881525464428996e-02,-2.926337149893911554e-02,4.707640278277670787e-03,-8.173414971359348191e-02,0.000000000000000000e+00,8.517930561325952679e-03,9.471911776521846349e-04,-1.816378893645680462e-02,1.010279951454159421e-02,-1.315702091079694845e-02,-3.327551223925871715e-02,-6.361809396800397615e-03,-1.070179658699112329e-01
2.345368365251175591e-02,-4.964415987208257997e-02,0.000000000000000000e+00,-1.949136927871254060e-02,-5.154130200276211410e-02,1.581003665665860203e-02,-5.348709233126160839e-02,-7.888902689581657468e-02,1.881103921182266867e-02,-3.700564535395239191e-02,0.000000000000000000e+00,3.467203455115088623e-02,-6.774641357289880317e-02,-4.873041371469342964e-02,-6.868886909168014920e-02,1.099686273552734871e-02,9.509841633074143236e-03,-7.332135482814342020e-02,-5.281414644978816436e-02,-7.773253149574367582e-02,0.000000000000000000e+00
-1.068531619369632174e-01,0.000000000000000000e+00,0.000000000000000000e+00,-2.107576084701380525e-02,-1.279146361865620696e-01,-5.113336232185797248e-02,-8.371520543612667731e-02,-2.567928578682108706e-02,4.398298017457989077e-04,-5.065406283892290307e-02,2.782717537211831099e-03,-5.408398331133731224e-02,-1.858539802208248048e-01,3.831025740359592785e-02,-1.307104200515246673e-01,-7.928727850845189440e-02,-3.495185119283475417e-02,-1.231577245333610737e-01,0.000000000000000000e+00,-1.054505496668533687e-01,0.000000000000000000e+00
-1.663652723455141536e-01,-3.032087276867219128e-01,-1.174209562207689378e-01,0.000000000000000000e+00,-7.388574169349530762e-02,-3.659827440413253585e-01,-1.556540949570521803e-01,-1.041948609758829025e-01,-1.171548095493802066e-01,-1.044795550984885107e-01,-2.052225898221615996e-01,-1.136359988655834402e-01,-9.865604464216788660e-02,-1.094798666941603910e-01,-1.398886088410116191e-01,-6.959830769173828979e-02,-1.043483456697168049e-01,-1.042851769622485936e-01,0.000000000000000000e+00,-8.037916425164903789e-02,0.000000000000000000e+00
-1.236434735557881762e-02,0.000000000000000000e+00,-2.971778547833371642e-02,0.000000000000000000e+00,-2.526767732660355203e-03,-1.311280744058057612e-01,-9.484642310264126963e-02,3.806859913772087101e-02,-6.090151989143045147e-02,-1.632821551862492088e-02,-1.160452941927092585e-01,6.516103746621101402e-03,-4.789981347571879017e-02,-4.337554063283774464e-02,4.541199948075116261e-02,-4.143661467052506264e-02,1.585102794627711240e-02,1.069677347003363151e-02,-8.218997369710029366e-02,9.254188123529540067e-02,-9.282388686426121249e-02
1.291754357666985605e-02,6.574954258821373576e-02,-2.135779050520753286e-01,-5.858858200758204626e-02,-1.112992004733676515e-01,-1.583157726545141308e-01,-6.357242601116881719e-02,5.471249039002525766e-02,-4.045629969629888079e-02,6.074179290197633148e-03,-7.618194748585109533e-02,-5.395377798439422029e-02,-1.773478439407395052e-02,3.338059534868876438e-02,1.408835466054694091e-02,0.000000000000000000e+00,-2.753921888538988366e-02,5.189452710929072510e-02,-3.643957878736736600e-01,-9.615128454057789154e-02,-2.339604370326184846e-01
-1.276182701151166443e-01,-7.376545851216741168e-02,-9.253052577815058799e-02,-7.118905522840179856e-02,-7.359661609090821510e-02,-9.728856763755611148e-02,-6.602809376527651875e-02,-3.083547317016250428e-02,-5.903251674392692022e-02,-1.116238125838642514e-01,-5.484974100717635026e-02,-9.562609411012015781e-02,0.000000000000000000e+00,-7.544024736839204104e-02,-7.322400108563337229e-02,-1.795236144264872324e-01,-5.178814170030623248e-02,0.000000000000000000e+00,0.000000000000000000e+00,-1.618728443369897296e-01,-9.318890261209507309e-02
-1.613649919303740132e-01,0.000000000000000000e+00,0.000000000000000000e+00,0.000000000000000000e+00,0.000000000000000000e+00,-8.760960848854619509e-02,0.000000000000000000e+00,0.000000000000000000e+00,-1.662872395536124925e-01,-2.683212716128950404e-01,-7.789202733101267817e-02,-1.505857905629463811e-01,-2.171304222929657801e-01,0.000000000000000000e+00,-7.956114766313855668e-02,-1.033756086789203998e-01,-1.752904174412121818e-01,-6.912999569606605166e-02,-4.286560521344143226e-02,-3.634867378606876920e-01,-1.196498821977516752e-01
-7.043411962810408600e-02,-3.460584966106975968e-01,0.000000000000000000e+00,-5.382901722338220840e-02,5.543350266007383148e-02,-8.999379530372364488e-02,0.000000000000000000e+00,2.296622266429542217e-02,-3.792476801493489119e-02,-3.685824871236265815e-02,3.705121182702526828e-02,-1.073470021690529075e-01,-1.381405824313912400e-01,2.234537681556406780e-02,2.309045010688005883e-02,0.000000000000000000e+00,0.000000000000000000e+00,3.731867852661027718e-02,5.332364123957872293e-02,0.000000000000000000e+00,0.000000000000000000e+00
0.000000000000000000e+00,-8.157307795026892683e-02,-1.113788491151132265e-01,0.000000000000000000e+00,0.000000000000000000e+00,-9.323201417270228497e-02,0.000000000000000000e+00,0.000000000000000000e+00,-1.734074945860389350e-01,-9.556711482994277584e-02,-6.166007003641467421e-02,-7.308538472064714242e-02,-7.405147729683321522e-02,0.000000000000000000e+00,-7.138656586105672497e-02,-9.686884452136114432e-02,-1.488670974264253155e-01,-9.792631574549716389e-02,0.000000000000000000e+00,-1.454475347419826592e-01,0.000000000000000000e+00
0.000000000000000000e+00,-9.964530243250735442e-02,2.528407261328020211e-02,0.000000000000000000e+00,0.000000000000000000e+00,-5.398465376272398863e-02,-2.678211180536361688e-02,-1.147632135313963186e-01,-2.197898521096204594e-02,-4.741847228570490735e-02,-3.291444062565048595e-02,-7.349875986849813136e-02,-6.286003906150965104e-02,0.000000000000000000e+00,-6.491920377554301347e-02,-5.051725416532452245e-02,-5.102032463060753031e-02,-1.961148107624123282e-01,-1.938709136159138483e-03,-1.688351632300947106e-02,-9.373247340393492388e-02
0.000000000000000000e+00,0.000000000000000000e+00,0.000000000000000000e+00,0.000000000000000000e+00,-1.108195186805144422e-01,-6.800548613506439410e-02,0.000000000000000000e+00,-1.412275620252620434e-01,-9.408272629539179976e-02,-1.356540617075761013e-01,-3.170983088473149358e-01,-6.133679258039868021e-01,0.000000000000000000e+00,0.000000000000000000e+00,-1.009646174307190919e-01,-6.966462515217225482e-02,-1.422172224021465425e-01,-1.909664084492076197e-01,0.000000000000000000e+00,-7.465310154539664400e-02,-9.173304586452048215e-02
3.876315660242903027e-02,0.000000000000000000e+00,0.000000000000000000e+00,-1.670459896461913910e-02,5.768285206798906550e-02,1.052610181080573110e-03,5.104055397716034809e-02,4.459563035099595174e-02,-1.320202304627884383e-02,6.484948487528227612e-02,-6.045354989383285027e-02,-1.381762142314864883e-01,5.254247831107834027e-02,1.340911796026407997e-02,5.757049485046965287e-02,8.238248111154790332e-02,-2.097326201444998928e-02,-1.876848595808553941e-02,-1.436396007454511688e-02,3.623884699481672717e-02,-6.153752957126758238e-02
0.000000000000000000e+00,0.000000000000000000e+00,-2.604612412356525075e-01,0.000000000000000000e+00,-2.074957034880943185e-01,-8.913389021728856942e-02,-9.492954249995913529e-02,-9.993012351752107725e-02,5.909503302970020577e-03,-7.398944324875485201e-02,0.000000000000000000e+00,-1.061778759347690310e-01,-4.946942173710851959e-02,-3.190851197416819801e-02,2.812112424765177837e-02,-5.330556498776985869e-02,-1.713815162444813633e-01,-6.293607099101027058e-02,-7.504695035439434836e-02,0.000000000000000000e+00,-2.890423474954936234e-01
0.000000000000000000e+00,0.000000000000000000e+00,0.000000000000000000e+00,-1.630533611110739356e-01,-1.099944563736280773e-01,-1.288724054967969046e-01,-8.587009329261870161e-02,0.000000000000000000e+00,-7.170868103218062950e-02,-6.897340983823786742e-02,-9.130319178072443531e-02,-7.278387200959025860e-02,-1.947762065376164586e-01,-2.102715954654112707e-01,-1.811590203994490333e-01,-1.394787465720761788e-01,-1.952154530572612900e-01,-9.580199714179046810e-02,-2.164641687168520345e-01,0.000000000000000000e+00,-2.321085336116267828e-01
0.000000000000000000e+00,-2.248464315153292647e-01,4.716389695073042176e-03,2.451179544314515540e-02,-2.058450192876419907e-02,-4.133401553213662816e-02,1.863394133163436342e-02,-2.831433868042613003e-02,-2.214932431520958214e-02,-1.568196489655772352e-02,-1.937431503010257627e-02,-2.842315769468932787e-02,-1.092351898883911834e-02,-1.880919807064497865e-02,-4.982325403988171336e-02,-3.108207922662676800e-02,-7.126522615482315656e-04,-6.295240380509288525e-02,-7.955820052174369592e-03,-4.913157504550245275e-02,-1.677563784117768186e-01
0.000000000000000000e+00,0.000000000000000000e+00,-1.962453002433251631e-02,1.752794270721073217e-02,7.811172444561609437e-04,-7.128754588648872348e-02,0.000000000000000000e+00,-4.746204766538324529e-03,-4.123865151741964996e-02,-9.354533310834554222e-03,-3.038157407558889425e-02,-1.305684691560300389e-04,-1.096388467625992180e-01,0.000000000000000000e+00,-1.255361375807623470e-01,-4.453404222170716936e-02,-6.850891397813172606e-03,-6.795437421119067227e-03,-2.504802157849282326e-02,-8.956548934672667328e-02,-2.208162977997861487e-01
-6.194302576458444315e-02,-1.026508614011670262e-01,0.000000000000000000e+00,-1.033351301761902263e-01,-1.150839382191224114e-01,-8.322607970824202894e-02,-7.049410301162443993e-02,0.000000000000000000e+00,-6.118804940652693425e-01,-9.709483660694048779e-02,-8.802931556091507515e-02,0.000000000000000000e+00,-1.020622964076656203e-01,-1.102648956671365699e-01,-8.957677270016313475e-02,-8.770548095400393374e-02,-1.662745884766773929e-01,-1.093145697781846282e-01,0.000000000000000000e+00,0.000000000000000000e+00,-6.323917908134969734e-02
-2.337998077516114104e-01,2.383855530240065052e-02,-9.387847427616209314e-03,-6.595945767268016069e-02,-9.704934166295768605e-02,-5.294731859639576627e-02,-2.098520983771795523e-01,-3.232550554485640742e-02,-1.337773088024866650e-02,1.432495342217904831e-02,-1.729382545266303041e-03,-3.994603071248427340e-02,2.416582354747161959e-02,0.000000000000000000e+00,2.670371803297949542e-02,0.000000000000000000e+00,-9.134714588664440138e-02,2.486650259170372201e-03,-7.487136150127902956e-02,0.000000000000000000e+00,-6.443203387057709619e-02
0.000000000000000000e+00,-5.288672576513627627e-02,0.000000000000000000e+00,0.000000000000000000e+00,-2.258435572594418364e-02,-8.379865463345539944e-02,0.000000000000000000e+00,-6.658673882798180066e-02,-1.262940246130241084e-01,-4.515255155913781848e-02,0.000000000000000000e+00,-2.259500835905244309e-01,-2.599623376503983341e-01,-1.169374226052406068e-01,-2.540033156996580194e-02,-8.859884146356478141e-02,-1.386597646409189200e-01,-9.180532788234060937e-02,-5.170384011673391511e-02,-1.981668121894389345e-01,-1.760596919430092999e-01
-1.747384628735630316e-02,-2.581192167633540591e-02,0.000000000000000000e+00,0.000000000000000000e+00,-1.508841564322737361e-01,-5.502864018372646132e-02,-8.958741202986071628e-02,0.000000000000000000e+00,-4.140738306317803819e-02,-1.753941717479254869e-01,-2.749897048811817402e-01,9.204838119739497740e-03,-7.251363385411947748e-02,0.000000000000000000e+00,-3.296015425178578512e-02,0.000000000000000000e+00,-1.393207746113281353e-01,-1.265015067561784390e-01,-1.061648341533300843e-01,-1.533242431321754085e-01,0.000000000000000000e+00
0.000000000000000000e+00,0.000000000000000000e+00,0.000000000000000000e+00,-8.791026869025175827e-02,-5.156541409044887447e-02,-5.924872723345140507e-02,0.000000000000000000e+00,-1.006265923419528974e-01,-6.460556251937141226e-02,-7.085834906332039163e-02,1.917675405372126773e-02,-8.344795655649302202e-02,-8.427661807066490207e-02,0.000000000000000000e+00,-2.336143455680742276e-01,-1.729090336785285842e-01,-8.940633710031549441e-02,-6.438254760833472812e-02,-8.348325173032955515e-02,0.000000000000000000e+00,0.000000000000000000e+00
-5.537351067654570219e-02,0.000000000000000000e+00,-8.445822449186314584e-02,-8.722968260346287972e-02,-5.226680457166666960e-01,-1.382211815230514895e-01,5.023511881354211783e-02,-2.203060602529589157e-02,-1.576493483265684059e-02,2.756635008668373646e-04,4.901739412105216714e-02,-6.055108062513973183e-02,-5.585603084182540201e-02,-3.607562229574572815e-02,2.832626117538621438e-02,-5.037156015540666942e-02,2.448706700085073740e-02,-3.196927730524132955e-02,1.038413364892117920e-02,-2.184862201582907573e-02,0.000000000000000000e+00
0.000000000000000000e+00,0.000000000000000000e+00,0.000000000000000000e+00,-1.062305393162073786e-01,0.000000000000000000e+00,-1.214044052728959072e-01,-7.908165752642981605e-02,0.000000000000000000e+00,-1.236077193744191116e-01,-8.482311828622908501e-02,-5.294862996671506616e-02,-9.574209555280301098e-02,-2.227875216395482916e-01,0.000000000000000000e+00,-1.207521869493018707e-01,-1.111681151092420439e-01,-1.290771933080558931e-01,-1.205179236166804141e-01,-8.549423143670527303e-02,-2.483783736651382634e-01,-8.071570797607821590e-02
-7.138424198526177600e-02,-1.122079226778799760e-01,0.000000000000000000e+00,0.000000000000000000e+00,0.000000000000000000e+00,-1.701068197542268956e-01,-5.999565463252972547e-02,-1.199127535113774234e-01,-2.687354356524230825e-01,-2.481375080568802016e-01,0.000000000000000000e+00,-1.273142147641991573e-01,-1.391666831902327595e-01,5.645968903255777632e-02,-3.820717776892576523e-02,-5.736117647590841667e-02,4.093382706659676878e-02,7.814809228388411300e-03,0.000000000000000000e+00,0.000000000000000000e+00,0.000000000000000000e+00
-1.371821994575646297e-01,0.000000000000000000e+00,-6.926386060576544823e-02,-2.185061931664389889e-01,0.000000000000000000e+00,-9.778923671258835104e-02,-1.279000579771608359e-01,0.000000000000000000e+00,0.000000000000000000e+00,-1.244628465823910402e-01,0.000000000000000000e+00,-1.635810463250109426e-01,-1.001664643310719582e-01,-1.070728805232428471e-01,-8.882412336933885599e-02,-1.999624434249119287e-01,-9.903204964435945168e-02,-4.552748836632962426e-02,-9.589102517412623206e-02,0.000000000000000000e+00,-7.132668476276964042e-02
-1.402787246376585584e-01,-1.638789937450554068e-01,0.000000000000000000e+00,0.000000000000000000e+00,-1.009725543003870407e-01,-9.232321188149140989e-02,-1.806774323045234054e-01,-8.842972910857764546e-02,-1.361916806301807781e-01,0.000000000000000000e+00,0.000000000000000000e+00,-9.649401932956784556e-02,-1.507830849545867269e-01,0.000000000000000000e+00,-8.706391236964459990e-02,-8.271919830841843735e-02,-7.086903123667931403e-02,-1.900975658586451511e-01,0.000000000000000000e+00,-1.254063877677086547e-01,0.000000000000000000e+00
-7.452888983445443705e-02,0.000000000000000000e+00,-3.398909995817829266e-01,0.000000000000000000e+00,-1.395082182785439828e-02,-7.702367810545068805e-02,3.144681102088999619e-02,4.399098492618871981e-02,-9.345381830338291007e-03,4.542255241142997141e-02,2.043302380682819261e-02,-5.760489308194172153e-02,-5.963511497376985937e-02,-6.870448209375711046e-02,-1.563149407226106097e-02,-4.387701917599631102e-02,4.637705137332346489e-02,4.270549331932019937e-02,-2.163901087320521319e-02,2.978218427641040559e-03,0.000000000000000000e+00
-7.223326711857845639e-02,-2.385161841442353381e-01,0.000000000000000000e+00,0.000000000000000000e+00,-7.129131627460486009e-02,0.000000000000000000e+00,0.000000000000000000e+00,0.000000000000000000e+00,-5.805105031542797528e-02,-8.451841073419059935e-02,-1.201875986421776787e-01,-8.089417547448761459e-02,-1.193206725536445079e-01,0.000000000000000000e+00,0.000000000000000000e+00,-8.581229189234589050e-02,-9.480540498335103539e-02,-1.546172985775671749e-01,0.000000000000000000e+00,-6.691104260059277387e-02,0.000000000000000000e+00
-8.362671618625044934e-02,-1.102268201708916373e-01,-1.184011959297127659e-01,0.000000000000000000e+00,-1.645760829795638591e-01,-3.099905939418451384e-01,-1.007029788869764353e-01,-6.772899539887446141e-02,1.060306504142179140e-02,-1.044477932905368972e-01,-9.009238391026065662e-02,-6.770756942925650057e-02,-1.312584921327070997e-01,0.000000000000000000e+00,0.000000000000000000e+00,-7.808667738383881507e-02,-8.765381367292507386e-02,-7.322906806920882750e-02,-1.693631391812310538e-01,-3.019157504114207691e-01,0.000000000000000000e+00
