9.823167239069235598e-03,8.966379095692802656e-03,0.000000000000000000e+00,-5.815901208122817301e-02,-4.282296208453132552e-02,-1.108883342150350504e-01,0.000000000000000000e+00,-5.462138609480403362e-02,1.996789576109705630e-02,8.974124611680444133e-03,0.000000000000000000e+00,-1.566221129462453399e-01,-9.754012020354377310e-02,3.491716794500714094e-02,5.906606768117060591e-02,-5.018489938549237916e-02,-3.470464633508196783e-03,-8.591172169205392103e-03,-8.759488169446379147e-02,4.829437141030535480e-02,-1.947307236409326625e-01
0.000000000000000000e+00,-1.280224833468776025e-01,-1.689860318542949214e-01,-1.430416478849710626e-01,-3.172597521946652344e-01,-1.689071520540439963e-01,-1.947182965793072817e-01,0.000000000000000000e+00,-9.087477570379633163e-02,-1.400125563225350644e-01,-2.463991368513029079e-01,0.000000000000000000e+00,-1.563950044196933675e-01,0.000000000000000000e+00,-1.631975255108510658e-01,-1.534592934625889082e-01,-1.128030067843987516e-01,-7.253795675727552072e-02,-1.628533068593159272e-01,-7.126720355184795741e-02,-1.129481565125259601e-01
-6.634094695191551649e-02,0.000000000000000000e+00,-1.711724501727932835e-01,-1.723232874568144390e-01,-9.944140914276483612e-02,-1.286398493062222426e-01,-1.582554672945046537e-01,-7.845848422282930557e-02,-1.405793215420826081e-01,-1.600291552611154966e-01,-1.096278299593964889e-01,-1.343183171554425404e-01,-1.772625866127187644e-01,-2.091717304006027456e-01,-1.259533930355769549e-01,0.000000000000000000e+00,-1.137215058279988089e-01,-1.581132353260431000e-01,-1.736824588621313503e-01,-1.619026739941896165e-01,-1.116987972867276302e-01
-9.596961106101427330e-02,0.000000000000000000e+00,0.000000000000000000e+00,-1.703464679603888254e-01,-1.980009589861990160e-01,-9.339641214820527948e-02,-1.464584351490407499e-01,-5.876740491810947958e-02,-1.039774604851309570e-01,0.000000000000000000e+00,1.162921596507609651e-01,-1.132134859482352707e-01,-1.333130634440174989e-01,0.000000000000000000e+00,-1.329391143192709679e-01,-1.662798395136982077e-01,-1.359743630283923033e-01,-1.015923393524873278e-02,-1.506359044187073060e-01,-1.365529996839907334e-01,-1.544988828542938064e-01
-1.888247620103365165e-01,-9.156080660488712109e-02,-1.034209542942187143e-01,-8.568478054753535245e-02,-9.318307951182609739e-02,-1.693951321934615284e-01,-1.697329084733732729e-01,0.000000000000000000e+00,-1.357658743807221846e-01,-1.100731559505229995e-01,-3.643409188059213433e-01,-1.116196405916394657e-01,-1.933525149919147756e-01,0.000000000000000000e+00,-1.456066755027890514e-01,0.000000000000000000e+00,-1.298090089227132704e-01,-9.012291893694504563e-02,-1.884691024022323025e-01,-1.365115124072401320e-01,-1.623065218649722141e-01
0.000000000000000000e+00,0.000000000000000000e+00,-1.302653102976325528e-01,0.000000000000000000e+00,-1.657945689044620641e-01,-1.848308492694006322e-01,-9.200909705006588002e-02,0.000000000000000000e+00,-2.149031725625195899e-01,-1.473319127043037635e-01,-1.439794791027331766e-01,-1.663863781416199117e-01,-1.645040723186952381e-01,-1.547270794948783501e-01,-2.649502152093239360e-01,-1.689707322066520967e-01,-1.869565643726807391e-01,-1.251562650343230887e-01,-1.080753327261769203e-01,-7.161043847444906185e-02,-1.071100984676240514e-01
0.000000000000000000e+00,0.000000000000000000e+00,-2.078741253140970191e-01,-2.682884655524236384e-01,-1.366814790229634591e-01,-1.930029102962513288e-01,-6.061310601473483828e-02,-1.025585458892662172e-01,-1.582188020618940649e-01,-1.050075986049537058e-01,-1.163648004468307434e-01,-1.703740623402977550e-01,-7.597496069415837772e-02,0.000000000000000000e+00,-8.860570926955320392e-02,-8.540104347236050775e-02,-9.793138441308282816e-02,-1.347045637808794993e-01,-1.057756899215926694e-01,-1.319446239365664741e-01,-2.374731254063219832e-01
0.000000000000000000e+00,-6.145880023050660085e-02,0.000000000000000000e+00,-1.527623002180521772e-01,-1.212089844091910340e-01,-9.649469453993012036e-02,0.000000000000000000e+00,-1.679220657623269400e-02,-1.620389143690414147e-01,0.000000000000000000e+00,-9.435454042735132163e-02,0.000000000000000000e+00,0.000000000000000000e+00,0.000000000000000000e+00,-1.744038291056513035e-01,-1.791449031897308364e-01,-1.105841530384927968e-01,-1.483098895009264118e-01,-1.459593910378625958e-01,0.000000000000000000e+00,-1.899639858953923455e-01
0.000000000000000000e+00,0.000000000000000000e+00,4.828390381801641457e-02,-4.228480696081026169e-01,-2.507046492670669119e-02,2.070879079206804085e-02,-8.472317964419830150e-02,-9.777378923244016418e-02,-4.717722206480123859e-02,-4.950469596854238652e-02,-1.072508689396546311e-01,1.314439456353591607e-01,-4.383245331731838723e-01,0.000000000000000000e+00,7.099828920250852993e-02,6.067501945984219575e-02,6.912829914444842960e-02,-1.946714340451952130e-01,-5.828026078774797836e-02,0.000000000000000000e+00,-1.879406784464455193e-01
0.000000000000000000e+00,1.020012631326255581e-01,8.453365002903468275e-03,6.646768446272834086e-02,-5.986577459041773214e-03,8.428012948694436901e-02,0.000000000000000000e+00,5.990812101948173735e-02,5.146501206943873696e-02,1.584327006005083194e-02,-1.125865661698498554e-01,0.000000000000000000e+00,0.000000000000000000e+00,1.800409750874322479e-02,-4.207420281535038248e-02,1.153864298451517667e-01,8.935329010965670227e-02,0.000000000000000000e+00,-2.561386260770149789e-02,0.000000000000000000e+00,0.000000000000000000e+00
-1.613308906552973765e-01,-1.153187058733454451e-01,0.000000000000000000e+00,-7.594464371113980594e-02,-1.467233019387040593e-01,-1.255119525649537292e-02,0.000000000000000000e+00,-1.783741723959148817e-01,-2.794494707817401016e-02,-1.829339778006894013e-01,-1.168684776654869972e-01,5.422367751559293431e-02,0.000000000000000000e+00,-5.846810725647512419e-02,3.021499657470931577e-02,-8.857226435193210623e-02,-1.735888924237549980e-01,-1.686085957671032975e-01,-1.523741790203814173e-01,-1.714682227451709839e-01,0.000000000000000000e+00
-6.466859091375837254e-02,-2.190918952456523683e-01,0.000000000000000000e+00,0.000000000000000000e+00,-2.179792568362214633e-01,-6.693792637715362259e-02,0.000000000000000000e+00,0.000000000000000000e+00,0.000000000000000000e+00,-1.576962879445446275e-01,-1.206968161452422611e-01,-1.572994536817365896e-01,-1.702851913659536032e-01,-1.597384130492270349e-01,0.000000000000000000e+00,-3.783662219071664418e-02,-1.636306828161840643e-01,0.000000000000000000e+00,-6.222895714052990856e-02,0.000000000000000000e+00,0.000000000000000000e+00
-1.617816870034456123e-01,0.000000000000000000e+00,-1.781520341017433784e-01,-1.293618727263148860e-01,-1.603259434838720798e-01,-1.646046003668207303e-01,-5.896975834677861683e-02,0.000000000000000000e+00,0.000000000000000000e+00,-5.532859838160823079e-02,0.000000000000000000e+00,-1.534328217041586451e-01,-6.667174933978439744e-02,0.000000000000000000e+00,0.000000000000000000e+00,-1.532879545558210044e-01,-1.385542660040534613e-01,0.000000000000000000e+00,-1.136168651985153821e-01,0.000000000000000000e+00,0.000000000000000000e+00
-1.743364973601281009e-01,0.000000000000000000e+00,0.000000000000000000e+00,0.000000000000000000e+00,0.000000000000000000e+00,-7.011821248809195495e-02,0.000000000000000000e+00,0.000000000000000000e+00,-1.055277312372201043e-01,-1.949826279969297804e-01,0.000000000000000000e+00,-3.902690398104530778e-01,-1.485909795298721858e-01,0.000000000000000000e+00,-1.414948896202007644e-01,-7.584071162833008750e-02,-8.785539681338090656e-02,-6.058085414866644369e-02,-9.291980999324074564e-02,0.000000000000000000e+00,0.000000000000000000e+00
-1.228188333887862416e-01,0.000000000000000000e+00,-2.827928182949317470e-01,-1.335415613774118826e-01,-1.175931281958238622e-01,0.000000000000000000e+00,-9.491054708405102791e-02,0.000000000000000000e+00,-1.379669719101645486e-01,-9.524305032797558690e-02,-7.049695233266460581e-02,-2.491188729050166084e-01,-1.708918661560597518e-01,-2.044154623364630163e-01,-2.000560512285099735e-01,-1.664107924969874253e-01,-7.095399913846205109e-02,-1.179580539983128701e-01,-9.023313620463219165e-02,0.000000000000000000e+00,0.000000000000000000e+00
4.587305465428359597e-02,6.235730128296781277e-03,0.000000000000000000e+00,-1.187253812222691662e-01,-6.990464839832781496e-02,-1.346123942725480083e-01,0.000000000000000000e+00,1.693589440629350226e-02,3.235594615285150577e-02,2.466654052238633626e-02,0.000000000000000000e+00,4.798889449104484783e-02,-8.678626389640138605e-02,-8.234491485167770575e-02,7.993004210601105386e-02,1.314129776250299794e-02,-2.444957342352004417e-02,1.820346684856730818e-02,-7.572102241529628242e-02,-1.594022720243298830e-02,-1.764436651894421559e-01
-1.672365250275312243e-01,8.219243635518418134e-02,0.000000000000000000e+00,0.000000000000000000e+00,0.000000000000000000e+00,6.890533055417623343e-02,0.000000000000000000e+00,0.000000000000000000e+00,1.599757533437097274e-03,-1.013911115685063036e-01,0.000000000000000000e+00,6.083182054345198653e-02,-2.254467135254535348e-01,0.000000000000000000e+00,0.000000000000000000e+00,-1.168961144984360101e-01,-1.084388899806895817e-01,-1.392586760407192592e-01,-7.574931402152822180e-02,0.000000000000000000e+00,-1.322189051782808045e-01
-9.248870614190486672e-02,-1.883312674134804132e-01,0.000000000000000000e+00,-1.022836437019987582e-01,-6.379684045886324650e-02,2.713649248391463223e-02,0.000000000000000000e+00,0.000000000000000000e+00,-1.486548666592767687e-01,-1.156326292218163576e-01,9.112342877632248830e-03,0.000000000000000000e+00,0.000000000000000000e+00,-1.688234604057921029e-01,-3.527604695024804532e-02,-1.703932529637771365e-01,0.000000000000000000e+00,-2.475837854971151553e-01,0.000000000000000000e+00,0.000000000000000000e+00,-1.830007012459048399e-01
0.000000000000000000e+00,4.186018446955836608e-02,0.000000000000000000e+00,2.811940431389721440e-02,-2.829804308639223900e-02,1.324864725091810802e-02,0.000000000000000000e+00,-6.960168260380771021e-02,-8.612791698298562920e-03,-1.588780370122941099e-01,1.818279052717020408e-02,3.247409767622676940e-02,0.000000000000000000e+00,0.000000000000000000e+00,7.733127312189073434e-03,8.546662656748960085e-02,6.745019446465432000e-02,-6.514720024062398140e-02,-1.278921330687844971e-01,-5.341231736870074610e-03,-8.739796321069026597e-02
-1.535052092676253699e-01,0.000000000000000000e+00,0.000000000000000000e+00,-1.124216285276372351e-01,0.000000000000000000e+00,-1.410989474288286694e-01,0.000000000000000000e+00,1.128258940067380367e-01,0.000000000000000000e+00,1.041436592363344411e-02,0.000000000000000000e+00,-1.664114724598898254e-01,0.000000000000000000e+00,-1.115456201196079050e-01,-1.824952967052026198e-01,-6.736451429444174910e-02,-3.839347149452142921e-02,0.000000000000000000e+00,-7.591352461580323785e-02,-1.290384854474982412e-01,-1.117528669516478917e-01
0.000000000000000000e+00,0.000000000000000000e+00,-1.462965879007852854e-01,0.000000000000000000e+00,0.000000000000000000e+00,-1.815058886962492291e-01,-9.403520283291555426e-02,0.000000000000000000e+00,-7.261131692018378547e-02,-6.952713518793804393e-02,-1.517129520003807075e-01,-1.798919383261871341e-01,0.000000000000000000e+00,-2.979879630519816636e-01,-1.627990739911507889e-01,-1.556319171381470301e-01,-1.453662667527441110e-01,-1.731948334734571826e-01,-2.344308243518607726e-01,-1.862521058724698475e-01,-1.285847368989625206e-01
-1.165922483645567831e-01,0.000000000000000000e+00,0.000000000000000000e+00,0.000000000000000000e+00,-1.744527623621481838e-01,-1.993284215017671612e-01,-1.348208821194250284e-01,0.000000000000000000e+00,0.000000000000000000e+00,-1.007777102270190628e-01,-1.700662845125168188e-01,-9.068831611446129259e-02,-1.872600283783690811e-01,0.000000000000000000e+00,-1.362207994601959682e-01,0.000000000000000000e+00,-1.360599701545804618e-01,0.000000000000000000e+00,0.000000000000000000e+00,0.000000000000000000e+00,0.000000000000000000e+00
-6.805075421738052133e-02,0.000000000000000000e+00,0.000000000000000000e+00,1.445388919733506423e-02,1.512114510449753119e-02,-1.407421726621697344e-01,0.000000000000000000e+00,-1.684566472900417278e-02,-1.907032023392439199e-02,-8.577848880222554984e-02,-8.415938436232044129e-02,0.000000000000000000e+00,-1.073916966723989508e-01,0.000000000000000000e+00,-2.156052859262638441e-02,4.217446150925787535e-02,1.289210882406680025e-02,2.056188902700804844e-02,-5.400523988672720210e-02,0.000000000000000000e+00,0.000000000000000000e+00
-7.993383360056294240e-02,0.000000000000000000e+00,0.000000000000000000e+00,0.000000000000000000e+00,0.000000000000000000e+00,-8.098577306007899435e-02,-1.041088934744224814e-01,0.000000000000000000e+00,-1.016546273491991115e-01,0.000000000000000000e+00,8.454761084957589101e-02,-1.567744228774637372e-01,-3.372985312127018132e-01,0.000000000000000000e+00,-1.059376284838137172e-01,-1.005030827940592286e-01,0.000000000000000000e+00,5.972164785480653382e-02,0.000000000000000000e+00,0.000000000000000000e+00,-1.877111432545660596e-01
-7.503105399192080971e-02,0.000000000000000000e+00,-1.363770668326755864e-01,0.000000000000000000e+00,0.000000000000000000e+00,-1.630962224664367077e-01,0.000000000000000000e+00,0.000000000000000000e+00,1.136787948749427499e-02,-8.057706573600033340e-02,-1.094320603188560642e-01,0.000000000000000000e+00,0.000000000000000000e+00,-3.975936002350191623e-02,-3.455121276988144113e-02,-9.224222329617041971e-02,-2.003655278200016168e-02,-9.652324265230388667e-02,-1.341362463774695701e-01,0.000000000000000000e+00,-9.292523894796773931e-02
0.000000000000000000e+00,-4.246169462519893550e-02,-1.199304975460617900e-01,-4.201744941432429548e-02,0.000000000000000000e+00,-1.072328303266080647e-02,0.000000000000000000e+00,0.000000000000000000e+00,0.000000000000000000e+00,-5.901213655629809762e-02,-1.002532455548617030e-01,0.000000000000000000e+00,0.000000000000000000e+00,-4.612180776159817419e-02,-8.712902069762486212e-02,-1.040699854671622848e-01,-6.811328308378887531e-02,-2.404665509253676725e-01,0.000000000000000000e+00,-1.350820473252446474e-01,-1.858279481585658477e-01
-5.928740635270327020e-02,-1.802741973569328970e-01,0.000000000000000000e+00,-3.853720307544227786e-01,-1.390106521045980648e-01,-1.371590194310986222e-01,-1.323406133237082782e-01,0.000000000000000000e+00,-1.752921284443258176e-01,-7.147782690032669639e-02,-1.061372966435367715e-01,-1.350457630395952568e-01,-1.646790781818036065e-01,-1.767411892840416165e-01,-1.835758197136009018e-01,-1.891338994248636940e-01,-7.532406769088474674e-02,-1.450673452580142631e-01,-1.154819727073685409e-01,0.000000000000000000e+00,-9.148610465323862850e-02
0.000000000000000000e+00,-6.849926032767932049e-02,0.000000000000000000e+00,-1.472668978714800070e-01,-8.817140129018276318e-02,-5.827569441130524275e-02,0.000000000000000000e+00,0.000000000000000000e+00,0.000000000000000000e+00,0.000000000000000000e+00,1.192326093641353849e-02,-1.419361275810381018e-01,0.000000000000000000e+00,-1.177318723776686477e-01,-5.028602071360070702e-02,-1.717286185259362385e-01,-1.310029674351091966e-01,-2.440761639097868696e-01,-7.084152198051343885e-02,-8.151355905412775715e-02,-5.397871269270058947e-02
0.000000000000000000e+00,0.000000000000000000e+00,0.000000000000000000e+00,3.101231071901283665e-02,-1.626671923803955089e-01,-1.129803633642392918e-01,-2.200806221215520150e-02,0.000000000000000000e+00,0.000000000000000000e+00,-1.829593018719463324e-02,-1.116248904734829656e-01,-7.966567707011545929e-02,-2.847759359268796087e-01,-9.208250052560118526e-02,-3.983043183701820422e-02,5.435651358796504684e-02,-3.687108553542606248e-02,-1.468287332509381760e-01,0.000000000000000000e+00,-1.612232984717834050e-01,0.000000000000000000e+00
-1.388115693867090217e-01,0.000000000000000000e+00,-1.039910791227144637e-01,0.000000000000000000e+00,-8.041854620411320598e-02,-1.777334948098896472e-01,-1.367048779939475101e-01,-2.122501847526360730e-01,0.000000000000000000e+00,-1.275483098972438889e-01,0.000000000000000000e+00,-1.075049067188240670e-01,-9.701970991329234018e-02,-1.530907498954253987e-01,-2.314023033230662441e-01,-1.574136550152749614e-01,-1.953116240392413216e-01,0.000000000000000000e+00,0.000000000000000000e+00,-1.615795480004870444e-01,0.000000000000000000e+00
-5.467269015098764895e-02,0.000000000000000000e+00,0.000000000000000000e+00,-2.449641771177594185e-01,0.000000000000000000e+00,-1.011379682747562681e-01,-1.541288689726484085e-01,-1.455505385156520004e-01,-9.490049174207723648e-02,-8.919375443163514439e-02,-1.446612983120263707e-01,0.000000000000000000e+00,-1.879131309618205514e-01,-1.989507475564896988e-01,-1.814669324300278441e-01,-1.360479181107494828e-01,-1.325368899184251048e-01,-9.352242694685759805e-02,-6.803148516674784041e-02,-1.316546374041274448e-01,-1.300615860308688421e-01
0.000000000000000000e+00,0.000000000000000000e+00,-1.304053840881526372e-01,-1.797068719543117032e-01,0.000000000000000000e+00,-1.598078369471405691e-01,0.000000000000000000e+00,-7.050657992705415544e-02,0.000000000000000000e+00,-6.532679396565031771e-02,-5.805208434008454765e-02,0.000000000000000000e+00,0.000000000000000000e+00,0.000000000000000000e+00,-4.112301014943661043e-02,-1.475796452600405262e-01,-1.575565414398563679e-01,-1.052703619863231549e-01,-1.057968351087462400e-01,0.000000000000000000e+00,-6.337911022953751639e-02
8.098476996692233199e-02,-2.437849742617801893e-02,-2.422234714088600249e-02,-1.175814052384838854e-01,-1.003010854583106029e-02,-8.740581315422167596e-02,0.000000000000000000e+00,-2.374107260092165120e-02,3.458660172717398923e-02,-2.739582960755464897e-02,6.365849396174071140e-02,0.000000000000000000e+00,-1.349715012273143833e-01,4.442585812880883028e-02,0.000000000000000000e+00,1.237751256812892088e-02,2.937117103488064151e-02,1.200427405156310676e-02,-3.819252588496124118e-02,3.849879471102096024e-02,-6.429387452172125039e-02
-7.043586015705435854e-02,4.499545518958410206e-02,-1.074115484265413950e-01,-1.138858925379181153e-01,0.000000000000000000e+00,-1.305039899460381236e-01,1.180827362427744331e-01,-1.811660486251748248e-01,3.169771720216946892e-02,-7.829832485347106019e-02,-6.018525804491850484e-02,0.000000000000000000e+00,0.000000000000000000e+00,-1.166014384119576711e-02,-3.635434075668644849e-02,-7.695452506799385639e-02,0.000000000000000000e+00,-6.449294835319291548e-03,5.998925618842450985e-02,0.000000000000000000e+00,-9.069292417886025415e-02
-1.205694068943908154e-01,-1.815491194873012359e-01,-7.016095591011260735e-02,-1.443892504543062005e-01,0.000000000000000000e+00,-1.352629361928689433e-01,-1.653962809784551014e-01,0.000000000000000000e+00,-1.123984750817060285e-01,-1.147133941174892785e-01,-6.509590004891577242e-02,0.000000000000000000e+00,0.000000000000000000e+00,-1.498868096394722904e-01,-7.463056129913338277e-02,-2.741569161723951820e-01,0.000000000000000000e+00,-9.568460281170385051e-02,0.000000000000000000e+00,0.000000000000000000e+00,0.000000000000000000e+00
-4.467735055896596141e-02,0.000000000000000000e+00,-1.702230533462165962e-01,0.000000000000000000e+00,-9.146499740006638207e-03,-1.428430781562146645e-01,0.000000000000000000e+00,0.000000000000000000e+00,-4.907523268720535847e-02,0.000000000000000000e+00,-5.786672199681731910e-02,-5.050073723701190703e-02,0.000000000000000000e+00,-3.567217563890090481e-02,-5.974579732305161650e-02,-6.854766757351973827e-02,0.000000000000000000e+00,-1.155434263647232840e-01,-7.520704038083982079e-02,1.517044935709662735e-02,-1.269676855026878048e-01
2.160755652627450660e-02,2.589957627163455914e-02,3.380854244128838476e-02,-4.608515803797160609e-02,-9.023207852843810606e-02,9.376395920584883192e-02,1.080224541478169709e-02,-1.161324867942763739e-01,-3.310478370862110498e-03,-3.174958295139394121e-02,-8.208327760798313222e-02,0.000000000000000000e+00,-2.008270384401527886e-01,3.583107977683078899e-02,-1.845064362798424021e-02,3.583125329982482250e-03,1.819442363410489136e-02,-1.658649554031565998e-01,-1.639683739947979391e-01,5.513830555085848240e-02,-1.467358561184016752e-01
0.000000000000000000e+00,0.000000000000000000e+00,-1.729612286734955040e-01,-5.587278888849019076e-02,-2.073645946247853478e-01,-6.604638590144380761e-02,-1.128705443120399249e-01,0.000000000000000000e+00,0.000000000000000000e+00,-8.932421520545644200e-02,-2.152272091004903132e-01,0.000000000000000000e+00,-1.135208731554165351e-01,-2.074914834493921667e-01,0.000000000000000000e+00,-1.629006252653096010e-01,-1.871544656055224853e-01,-9.331358997084024387e-02,0.000000000000000000e+00,-9.325199517971430319e-02,-1.790369158656875959e-01
0.000000000000000000e+00,0.000000000000000000e+00,0.000000000000000000e+00,-1.803936130771218171e-01,-1.963668564774032899e-01,-6.982957480713797294e-02,-3.113338762293261230e-01,-1.809079669826594849e-01,-6.283723777303906743e-02,-1.643987148781723695e-01,0.000000000000000000e+00,-1.244522972969424185e-01,0.000000000000000000e+00,-1.871136964073462083e-01,-2.303666716956014882e-01,-2.137467084352828173e-01,-2.757019504753749906e-01,0.000000000000000000e+00,-8.954012157498621172e-02,-1.467896202454020138e-01,0.000000000000000000e+00
0.000000000000000000e+00,5.405793029371899761e-02,-8.503493304651835172e-02,0.000000000000000000e+00,-5.182363701793643584e-02,-1.006343044310526597e-01,0.000000000000000000e+00,-2.228041550184743994e-02,-2.031808444652000445e-01,-1.423446017368622685e-03,1.172896349418116324e-02,-1.569360414365983392e-01,0.000000000000000000e+00,-1.692403150889991714e-01,-1.258166978202341357e-01,-1.586816179798151427e-01,-6.960037268448489300e-02,0.000000000000000000e+00,-1.170572901529073895e-01,0.000000000000000000e+00,-6.937016507910283292e-02
0.000000000000000000e+00,-1.125130018396444803e-01,0.000000000000000000e+00,-1.363047714838191427e-01,-9.392308978315822010e-02,0.000000000000000000e+00,-1.583294038796634051e-01,0.000000000000000000e+00,-2.103280370557181478e-01,-1.257294572222805440e-01,0.000000000000000000e+00,0.000000000000000000e+00,0.000000000000000000e+00,0.000000000000000000e+00,-1.338305230433820825e-01,-1.716839758810400907e-01,-1.948946596715919188e-01,-7.264961658515591003e-02,-1.563887585818383996e-01,-2.489621993666082389e-01,-1.443484364482030546e-01
-3.183718730998136986e-02,0.000000000000000000e+00,0.000000000000000000e+00,-1.797101212072038934e-01,0.000000000000000000e+00,-1.152435782668216474e-01,0.000000000000000000e+00,0.000000000000000000e+00,-2.783705162775055308e-01,-1.308287565307799383e-01,0.000000000000000000e+00,0.000000000000000000e+00,0.000000000000000000e+00,0.000000000000000000e+00,-2.069555325141826108e-01,-1.269539077791425885e-01,-5.136094790395504539e-01,0.000000000000000000e+00,-1.877106748227061472e-01,0.000000000000000000e+00,-1.123498181900694365e-01
0.000000000000000000e+00,0.000000000000000000e+00,-4.084827498806941626e-01,0.000000000000000000e+00,0.000000000000000000e+00,0.000000000000000000e+00,-4.843833437255968821e-01,0.000000000000000000e+00,-1.407053673425943119e-01,-1.244958014319577089e-01,-1.819995657500413921e-01,0.000000000000000000e+00,0.000000000000000000e+00,0.000000000000000000e+00,0.000000000000000000e+00,-1.402100477346492069e-01,0.000000000000000000e+00,-9.826511535157425592e-02,-1.791674738392205479e-01,0.000000000000000000e+00,0.000000000000000000e+00
-9.046717880867696793e-02,0.000000000000000000e+00,0.000000000000000000e+00,-1.667655863239742020e-01,-1.856132687162053707e-01,-2.358051759122318791e-01,0.000000000000000000e+00,0.000000000000000000e+00,-1.569189869192199882e-01,-1.356510634534731918e-01,0.000000000000000000e+00,0.000000000000000000e+00,-1.779389741433343997e-01,-1.775636255792804041e-01,0.000000000000000000e+00,-5.936833174962210524e-01,0.000000000000000000e+00,-1.274330648135292288e-01,0.000000000000000000e+00,0.000000000000000000e+00,0.000000000000000000e+00
4.147387467071729505e-02,0.000000000000000000e+00,-9.808399966546067772e-02,-6.238956624921157545e-02,6.975605953179632446e-02,-4.828133935693611212e-02,0.000000000000000000e+00,0.000000000000000000e+00,1.247195272352338430e-01,9.523568426924390595e-02,0.000000000000000000e+00,5.509755558725165647e-02,-1.040655779243744444e-01,0.000000000000000000e+00,-2.850543668920101081e-02,-3.131811517202571366e-02,0.000000000000000000e+00,0.000000000000000000e+00,-5.300096947074534742e-02,-3.524529493921065709e-02,0.000000000000000000e+00
-3.011802097741794748e-01,-1.601221195593031110e-01,0.000000000000000000e+00,-2.585029701391606261e-01,-1.369350247092132045e-01,-1.149244838775854149e-01,0.000000000000000000e+00,0.000000000000000000e+00,-1.878092050405890112e-01,-1.759152129126709541e-01,0.000000000000000000e+00,0.000000000000000000e+00,0.000000000000000000e+00,0.000000000000000000e+00,-1.309429383904413269e-01,-2.367242905002139852e-01,0.000000000000000000e+00,0.000000000000000000e+00,-1.558107196105974479e-01,0.000000000000000000e+00,0.000000000000000000e+00
0.000000000000000000e+00,-2.080657802393325873e-01,0.000000000000000000e+00,-1.191804171278813274e-01,0.000000000000000000e+00,-2.345917043304701910e-01,-1.542635327232576466e-02,0.000000000000000000e+00,-1.147524803787855346e-01,-2.041078661188781007e-01,-5.748429919497394236e-02,0.000000000000000000e+00,0.000000000000000000e+00,-1.783839228912440511e-01,-1.865711779902942402e-01,-1.718231346248640379e-01,-1.309990633189493936e-01,-1.120070608393107792e-01,0.000000000000000000e+00,0.000000000000000000e+00,0.000000000000000000e+00
7.448210616201159096e-02,5.723131806449154035e-02,0.000000000000000000e+00,0.000000000000000000e+00,0.000000000000000000e+00,-1.266265431759475979e-01,0.000000000000000000e+00,5.534785080688484765e-02,-1.582362091650563463e-01,0.000000000000000000e+00,-2.274958721278555751e-01,-4.155868825332096131e-03,0.000000000000000000e+00,0.000000000000000000e+00,0.000000000000000000e+00,2.824416914800017414e-02,-6.302052696332854920e-02,-6.194553001397352932e-02,0.000000000000000000e+00,0.000000000000000000e+00,-9.612055920663559183e-02
-2.952963527694119766e-02,-2.747602791392014798e-01,0.000000000000000000e+00,-5.803807564763684146e-02,-1.443274262385041418e-01,-3.559064658567624023e-02,0.000000000000000000e+00,0.000000000000000000e+00,-1.287827458509294420e-01,-1.955867180048540821e-01,0.000000000000000000e+00,0.000000000000000000e+00,0.000000000000000000e+00,0.000000000000000000e+00,-1.720688247253911174e-01,0.000000000000000000e+00,-1.652411966453267919e-02,-7.869067664111174809e-02,0.000000000000000000e+00,-1.585346656844858204e-01,0.000000000000000000e+00
-8.565187922654350638e-02,0.000000000000000000e+00,-1.022571340894457698e-01,-1.157156578641465594e-01,-2.185803951474072915e-01,-1.882137508744107512e-01,0.000000000000000000e+00,0.000000000000000000e+00,-7.092892847831629155e-02,-1.286626734163880126e-01,0.000000000000000000e+00,0.000000000000000000e+00,0.000000000000000000e+00,0.000000000000000000e+00,-1.206341635921159838e-01,-1.231342722497559550e-01,-1.035197954057361369e-01,-1.577625673233064296e-01,0.000000000000000000e+00,0.000000000000000000e+00,-1.344634392099238462e-01
3.814335591930611419e-02,-4.021218147320187314e-02,-9.286708968736123726e-02,0.000000000000000000e+00,-1.554730700715834246e-01,0.000000000000000000e+00,-8.262728087838816515e-02,-1.069711972357658691e-01,0.000000000000000000e+00,-7.777170151889589711e-02,-4.130903329136686314e-02,-2.293701295708087257e-02,0.000000000000000000e+00,0.000000000000000000e+00,-6.213828862971702144e-03,3.033557263804266546e-02,-1.606029143578999452e-01,-8.681918310240460679e-02,-9.472022945592883936e-02,0.000000000000000000e+00,0.000000000000000000e+00
6.940432143576595603e-02,-4.857614946413488927e-03,0.000000000000000000e+00,-4.219427722790228957e-02,0.000000000000000000e+00,5.247141990896889846e-02,-3.275591146713369866e-04,0.000000000000000000e+00,7.518219833684797182e-02,0.000000000000000000e+00,0.000000000000000000e+00,-1.043977430410016928e-02,-1.283504434432505281e-01,5.550159056464379348e-02,0.000000000000000000e+00,3.035710309094292667e-02,6.527468006736154849e-03,-7.506799875649634163e-03,-4.015128027425270835e-02,0.000000000000000000e+00,0.000000000000000000e+00
-4.951937323219822440e-02,-9.927275626480962234e-02,0.000000000000000000e+00,0.000000000000000000e+00,0.000000000000000000e+00,0.000000000000000000e+00,-1.124715945410154350e-01,-6.346508665128237914e-02,0.000000000000000000e+00,-9.449821589942938860e-02,0.000000000000000000e+00,-6.398854325323598269e-02,0.000000000000000000e+00,-2.954084133668237744e-01,-7.252804271408558323e-02,-5.106344804354901595e-02,-1.579175847974622349e-01,-5.971995635931759416e-03,-1.738815402835783841e-01,-1.635805183482883229e-01,-1.995231512216212588e-01
0.000000000000000000e+00,0.000000000000000000e+00,0.000000000000000000e+00,-9.431630357803592879e-02,0.000000000000000000e+00,-1.484558268392509595e-01,0.000000000000000000e+00,0.000000000000000000e+00,-1.219652994150847575e-01,0.000000000000000000e+00,0.000000000000000000e+00,0.000000000000000000e+00,0.000000000000000000e+00,-1.820465625371275875e-01,0.000000000000000000e+00,-1.898896222134543454e-01,-1.803508648735391573e-01,0.000000000000000000e+00,-4.049335574440323104e-01,-1.255217918823758882e-01,0.000000000000000000e+00
2.602026396780257947e-02,7.886076713127342097e-02,0.000000000000000000e+00,0.000000000000000000e+00,0.000000000000000000e+00,-1.404854455536987679e-01,-1.040264134727931500e-01,0.000000000000000000e+00,-1.731501212461430961e-01,-1.406869410180606739e-01,-1.275852637875349027e-01,0.000000000000000000e+00,0.000000000000000000e+00,5.043823732359513368e-02,-7.526404235895532702e-02,2.548164613638558354e-02,8.173546806957636413e-02,0.000000000000000000e+00,0.000000000000000000e+00,0.000000000000000000e+00,0.000000000000000000e+00
4.178793240453960306e-02,0.000000000000000000e+00,0.000000000000000000e+00,1.581585836332750211e-02,-8.127261892645232244e-03,0.000000000000000000e+00,0.000000000000000000e+00,0.000000000000000000e+00,0.000000000000000000e+00,9.636754683970467916e-03,2.665722762476666410e-02,0.000000000000000000e+00,-1.104891144317481783e-01,-7.881984361429054953e-02,3.386932339418372018e-02,0.000000000000000000e+00,0.000000000000000000e+00,-5.635879517006362610e-02,-6.207814711930820586e-03,0.000000000000000000e+00,0.000000000000000000e+00
0.000000000000000000e+00,-2.047762827315756928e-01,0.000000000000000000e+00,0.000000000000000000e+00,-1.562863443112705031e-01,-1.318642588208318311e-01,0.000000000000000000e+00,0.000000000000000000e+00,0.000000000000000000e+00,-1.577420712375597334e-01,0.000000000000000000e+00,0.000000000000000000e+00,0.000000000000000000e+00,0.000000000000000000e+00,0.000000000000000000e+00,-1.164217079140548589e-01,0.000000000000000000e+00,0.000000000000000000e+00,-1.097370771345077267e-01,0.000000000000000000e+00,0.000000000000000000e+00
-1.653687331200570307e-02,0.000000000000000000e+00,0.000000000000000000e+00,0.000000000000000000e+00,3.730292110519572296e-02,-3.139069128216794013e-02,0.000000000000000000e+00,0.000000000000000000e+00,0.000000000000000000e+00,-1.296402250062487216e-01,0.000000000000000000e+00,0.000000000000000000e+00,2.304345870590232895e-02,0.000000000000000000e+00,4.418389861226260096e-02,-1.704789759382896730e-01,0.000000000000000000e+00,-5.746923186521900491e-04,0.000000000000000000e+00,0.000000000000000000e+00,0.000000000000000000e+00
0.000000000000000000e+00,-1.700367271194290486e-01,0.000000000000000000e+00,-1.252616384399968252e-01,0.000000000000000000e+00,-1.271451691335756251e-01,-1.834912849472385143e-01,-1.288297909246817752e-01,-4.633774015491601839e-01,-1.273682712825844332e-01,1.838758891455264180e-02,0.000000000000000000e+00,-1.244393001080540545e-01,-1.101267166723935986e-01,-1.341428096190505626e-01,-4.322055040649826901e-02,-8.760158690492605982e-02,0.000000000000000000e+00,0.000000000000000000e+00,-1.220310048753944915e-01,-1.874697045906173198e-01
-1.364529597309203368e-01,-1.475010127031898266e-01,0.000000000000000000e+00,-1.081746063396132329e-01,-1.165941267385449814e-01,-1.636294350467872027e-01,0.000000000000000000e+00,0.000000000000000000e+00,-1.497788774101189435e-01,-3.296567351060362278e-02,0.000000000000000000e+00,0.000000000000000000e+00,-1.716958194192760578e-01,-1.747553674088013487e-01,-1.772210576891556366e-01,-1.808251219214412342e-01,-1.082463275405285003e-01,-2.133793838982696658e-02,-1.115012678750541691e-01,0.000000000000000000e+00,0.000000000000000000e+00
-3.489566679265113103e-02,0.000000000000000000e+00,0.000000000000000000e+00,0.000000000000000000e+00,0.000000000000000000e+00,-1.570414030511475545e-01,0.000000000000000000e+00,0.000000000000000000e+00,-1.838623358417661446e-01,-2.479156115146617101e-01,0.000000000000000000e+00,0.000000000000000000e+00,-2.903241353363260613e-01,-1.344647642480746585e-01,-1.436953045089135739e-01,-1.534196124163292596e-01,-8.365352671001509421e-02,1.639561136469934208e-05,0.000000000000000000e+00,-1.283359083360351705e-01,0.000000000000000000e+00
0.000000000000000000e+00,0.000000000000000000e+00,0.000000000000000000e+00,-1.152826132382913232e-01,0.000000000000000000e+00,-1.685437401271769053e-01,0.000000000000000000e+00,0.000000000000000000e+00,-9.760863423012038076e-02,0.000000000000000000e+00,0.000000000000000000e+00,0.000000000000000000e+00,0.000000000000000000e+00,0.000000000000000000e+00,-1.532758404163343802e-01,0.000000000000000000e+00,0.000000000000000000e+00,0.000000000000000000e+00,-1.474118841242464673e-01,0.000000000000000000e+00,-1.809469435596570419e-01
-2.081908418248470949e-02,-2.293472761330533349e-01,0.000000000000000000e+00,0.000000000000000000e+00,-1.427543084013261077e-01,-1.218170867460908746e-01,0.000000000000000000e+00,0.000000000000000000e+00,-1.820715687085096568e-01,-1.338131612979477914e-01,-1.019356754283791827e-01,-2.812002131674978811e-01,-1.727710986730688070e-01,0.000000000000000000e+00,0.000000000000000000e+00,0.000000000000000000e+00,0.000000000000000000e+00,-1.397107074557215056e-01,-1.312335379685194148e-01,0.000000000000000000e+00,0.000000000000000000e+00
-7.892978591404591071e-02,0.000000000000000000e+00,-1.507581245975398443e-01,-9.961969356022430666e-02,0.000000000000000000e+00,-5.396045199981196194e-02,0.000000000000000000e+00,0.000000000000000000e+00,-8.011323231495794117e-02,-3.076129029581398805e-02,-1.224296734352848942e-01,0.000000000000000000e+00,0.000000000000000000e+00,-1.640720137550482072e-01,9.516014763525443287e-02,0.000000000000000000e+00,5.508542383949224797e-02,-1.473392524985281948e-01,-1.528176234251518162e-01,-8.443337781134455100e-02,-1.582668499544601926e-01
0.000000000000000000e+00,0.000000000000000000e+00,0.000000000000000000e+00,0.000000000000000000e+00,0.000000000000000000e+00,8.897397248023156124e-02,0.000000000000000000e+00,0.000000000000000000e+00,6.272511866253556445e-02,5.926994658624731155e-02,0.000000000000000000e+00,7.312099969175789305e-02,-1.741332021144024189e-01,0.000000000000000000e+00,-1.635306870464972029e-01,0.000000000000000000e+00,0.000000000000000000e+00,1.519185558687266048e-02,0.000000000000000000e+00,-4.546907253854784448e-02,0.000000000000000000e+00
1.135123965978258737e-01,0.000000000000000000e+00,0.000000000000000000e+00,-1.321397899223930861e-01,0.000000000000000000e+00,-1.182385564213541719e-02,1.758176666950590772e-02,0.000000000000000000e+00,7.090536229538736690e-02,-6.942182914999902969e-03,1.547116349479447581e-02,0.000000000000000000e+00,0.000000000000000000e+00,0.000000000000000000e+00,9.148087852091743577e-02,0.000000000000000000e+00,2.890655989488755129e-02,-1.217737338229499117e-01,-2.475379839769214010e-03,0.000000000000000000e+00,-1.657805162226397011e-01
2.880759408745775518e-02,0.000000000000000000e+00,0.000000000000000000e+00,-1.346393431592473877e-01,0.000000000000000000e+00,0.000000000000000000e+00,0.000000000000000000e+00,0.000000000000000000e+00,-7.201089830837186087e-04,-1.503706298258624015e-02,0.000000000000000000e+00,5.986560086132475950e-02,0.000000000000000000e+00,0.000000000000000000e+00,5.585840813918513392e-02,0.000000000000000000e+00,0.000000000000000000e+00,-4.020035351171614979e-02,-1.463620679400557539e-02,0.000000000000000000e+00,-2.450302645399523305e-01
5.312088693091750191e-03,6.354126149584961303e-02,0.000000000000000000e+00,-6.344840802693126058e-02,-1.650662807117616593e-01,1.368687163008588123e-03,0.000000000000000000e+00,-1.134626280903327199e-02,0.000000000000000000e+00,-1.588963164777191239e-01,9.867753770442626304e-02,6.446614696056851557e-02,4.601866312256027575e-02,8.658472051751278653e-02,3.778310639040894509e-02,-6.864662607102381409e-02,0.000000000000000000e+00,-5.927270156173539833e-02,5.673172371680809158e-03,0.000000000000000000e+00,0.000000000000000000e+00
-2.452174548021855346e-02,0.000000000000000000e+00,0.000000000000000000e+00,0.000000000000000000e+00,-1.628906160816600002e-01,-4.293290169867231693e-02,-2.628350439693811352e-02,0.000000000000000000e+00,-1.276217705984541706e-01,-6.612373877689456392e-02,-1.635819452166049556e-03,-1.066572038563532235e-02,-5.289320412138167476e-02,-5.714152992884759946e-02,-6.795477891308925045e-02,-9.790166425480124543e-03,-1.103368658589192197e-01,-1.123944173296140409e-01,0.000000000000000000e+00,-2.207696140726196354e-01,0.000000000000000000e+00
0.000000000000000000e+00,-1.586483873053546600e-01,0.000000000000000000e+00,0.000000000000000000e+00,-1.106983082515607397e-01,-1.347377392297826465e-03,4.389675422439529018e-02,0.000000000000000000e+00,-1.753183112433377711e-02,-1.329825182408708208e-02,2.685819716789816791e-02,-5.421430688021648681e-02,-1.106013558386711448e-01,3.690599702402900389e-02,-2.745035605350482771e-02,7.789326667375898183e-02,0.000000000000000000e+00,-8.246863571879059843e-03,3.054583951724516855e-02,0.000000000000000000e+00,-1.493968617647057628e-01
0.000000000000000000e+00,0.000000000000000000e+00,0.000000000000000000e+00,7.962084470837682559e-03,-5.197252516033192687e-02,7.274553960790278162e-02,4.934288603220484543e-02,0.000000000000000000e+00,0.000000000000000000e+00,2.196565349015890123e-02,0.000000000000000000e+00,-1.293232900912691906e-02,-1.531798633297774270e-01,8.293094372840495443e-03,0.000000000000000000e+00,8.038235404836470465e-04,0.000000000000000000e+00,-1.683653969634683542e-02,-4.840778532629069764e-02,0.000000000000000000e+00,-1.689206037527450077e-01
0.000000000000000000e+00,-2.202905790197330280e-02,-1.715029440425632490e-01,0.000000000000000000e+00,0.000000000000000000e+00,2.088567560008573742e-02,0.000000000000000000e+00,3.751657970472191406e-02,-1.216591755844333295e-01,1.240935269976809960e-02,0.000000000000000000e+00,0.000000000000000000e+00,0.000000000000000000e+00,0.000000000000000000e+00,0.000000000000000000e+00,0.000000000000000000e+00,0.000000000000000000e+00,0.000000000000000000e+00,-9.524664574506511161e-02,0.000000000000000000e+00,0.000000000000000000e+00
-7.199634757775508209e-02,0.000000000000000000e+00,0.000000000000000000e+00,-5.893851332507345220e-02,0.000000000000000000e+00,-5.289815455686187190e-02,0.000000000000000000e+00,-1.203307117920341396e-01,1.303418773518291163e-01,3.041343937827670207e-02,5.670287038443639488e-02,4.782561664273431157e-02,0.000000000000000000e+00,0.000000000000000000e+00,6.318909138332338971e-02,-5.566902614727538279e-02,0.000000000000000000e+00,3.837355180387398007e-02,2.511541117037203313e-02,9.820119107533968605e-02,0.000000000000000000e+00
-1.438624680931686051e-01,0.000000000000000000e+00,-1.001428505280810566e-01,0.000000000000000000e+00,2.936169283981807099e-02,-1.301774322046191090e-01,0.000000000000000000e+00,-6.915965031692195009e-02,0.000000000000000000e+00,-1.457069739935121511e-01,-1.350276376364637210e-01,-1.520676774615402904e-01,-1.527960270386763963e-01,-1.672980109808355487e-01,-2.403478358744138565e-01,-1.871082174446997426e-01,-8.333389081477360349e-02,-1.171230159006048516e-01,0.000000000000000000e+00,-4.471414646325638786e-02,-2.177882845830124425e-01
0.000000000000000000e+00,-5.528267997556735036e-03,0.000000000000000000e+00,0.000000000000000000e+00,0.000000000000000000e+00,-1.354404564797033472e-01,0.000000000000000000e+00,0.000000000000000000e+00,-1.575700583864271254e-01,-7.929772449213111640e-01,0.000000000000000000e+00,-1.744622303251655571e-01,0.000000000000000000e+00,0.000000000000000000e+00,-6.571558774462755992e-02,-4.003360204549031437e-02,-2.189312991582233192e-02,0.000000000000000000e+00,-1.621632265395661354e-01,0.000000000000000000e+00,-1.441523952968153388e-01
5.448105142871319945e-02,0.000000000000000000e+00,-1.784956260800020511e-02,5.218723830997634185e-03,-3.046742329261426310e-02,8.129692478444426607e-02,1.112825644916798917e-01,0.000000000000000000e+00,0.000000000000000000e+00,-9.249902494556140609e-02,0.000000000000000000e+00,8.505765030708571650e-02,3.490006134262509108e-02,0.000000000000000000e+00,-8.377268100104478740e-03,6.800572894207695951e-02,1.373644682677509742e-02,-9.599600873016793379e-02,-9.677606361785225098e-02,0.000000000000000000e+00,0.000000000000000000e+00
-8.221743434173558324e-03,2.449620803574371897e-02,0.000000000000000000e+00,-4.732771170425636997e-02,-9.425369422101456673e-02,7.588183272854338857e-02,0.000000000000000000e+00,0.000000000000000000e+00,-7.477419736299852071e-02,-2.662334573431323070e-01,0.000000000000000000e+00,0.000000000000000000e+00,-2.644905044027326957e-01,-5.656945498265296413e-02,-1.307318652410467408e-01,0.000000000000000000e+00,1.146116875568859925e-02,-1.514250951283362123e-01,0.000000000000000000e+00,0.000000000000000000e+00,0.000000000000000000e+00
-3.316570488077002360e-02,0.000000000000000000e+00,0.000000000000000000e+00,0.000000000000000000e+00,0.000000000000000000e+00,-1.683955878381911409e-01,0.000000000000000000e+00,-8.587906323049425417e-02,-8.617337687310805405e-02,0.000000000000000000e+00,1.229836354857571229e-02,0.000000000000000000e+00,4.048456916428340435e-02,-1.519877426693549693e-01,-1.470106076643015180e-01,-2.019318596167653246e-02,-1.683162650303776653e-01,0.000000000000000000e+00,-1.626260823040203141e-01,0.000000000000000000e+00,0.000000000000000000e+00
8.627885520499496697e-02,0.000000000000000000e+00,0.000000000000000000e+00,4.476469483572088903e-02,-5.452915764742072291e-02,-6.128136710652316160e-02,2.654302772836387644e-02,0.000000000000000000e+00,0.000000000000000000e+00,-1.000083504939068973e-01,-1.034883582024372223e-01,0.000000000000000000e+00,0.000000000000000000e+00,3.336408982304001763e-02,0.000000000000000000e+00,0.000000000000000000e+00,0.000000000000000000e+00,-1.438144605742875531e-02,0.000000000000000000e+00,1.850213661153644927e-03,-1.552916409269537168e-01
0.000000000000000000e+00,0.000000000000000000e+00,4.670491872297579533e-02,0.000000000000000000e+00,-9.593105194916064227e-02,3.819546574468051653e-02,0.000000000000000000e+00,-4.196908481872751312e-02,-2.983372654427328408e-02,3.702173292936095095e-03,0.000000000000000000e+00,0.000000000000000000e+00,0.000000000000000000e+00,0.000000000000000000e+00,-1.253979841718959876e-01,6.519693000414295003e-02,-6.216924109221833722e-02,-1.005155618433676706e-01,-1.779094096605756958e-01,0.000000000000000000e+00,0.000000000000000000e+00
0.000000000000000000e+00,-8.915835607560883280e-02,0.000000000000000000e+00,-8.474289107826360468e-02,-8.580164436246287551e-02,-1.110794753932742573e-01,0.000000000000000000e+00,-1.276341404499336252e-01,-5.411953821601529768e-02,-9.217026584136081557e-02,0.000000000000000000e+00,0.000000000000000000e+00,-6.729840579189994010e-02,-3.760828369957638362e-01,-1.005218418793911717e-01,-9.747038750308981148e-02,-6.901003229182117726e-02,-9.097283470007651307e-02,-7.507269802624341737e-02,-9.063067469968995316e-02,0.000000000000000000e+00
-9.915398144755829812e-02,0.000000000000000000e+00,0.000000000000000000e+00,0.000000000000000000e+00,0.000000000000000000e+00,-8.202555883588535934e-02,-9.534402073548688128e-02,0.000000000000000000e+00,-1.889713890476761304e-01,-4.327257676508199785e-02,-1.536911648470681291e-01,-1.242687939892584137e-01,-1.956603705028784057e-01,0.000000000000000000e+00,-1.850425267089944592e-01,-6.327355405761271590e-02,-8.896307031613050198e-02,-5.143214695096225142e-02,-9.723676988688764733e-02,-1.733962546540393224e-01,-7.332837604077729887e-02
0.000000000000000000e+00,0.000000000000000000e+00,-6.239622624857388278e-03,-1.029626037585813954e-02,3.156513474500810545e-02,-5.292129510728166286e-02,0.000000000000000000e+00,-7.649693272030044788e-02,-4.122305048261679095e-02,-2.698680509983600317e-02,-1.260853511698792340e-01,-4.543901124617672621e-02,0.000000000000000000e+00,2.543606541182598640e-03,-6.298576250970651380e-02,-4.240310069539471316e-02,-3.244011457754736316e-02,-2.757290636643273604e-02,-4.533459533202253283e-03,0.000000000000000000e+00,-8.401863441072457417e-02
0.000000000000000000e+00,0.000000000000000000e+00,-1.737620126622775318e-01,-9.114285194164717385e-02,-5.007209250163832670e-02,-1.259788797683218942e-01,0.000000000000000000e+00,-2.217143011439793449e-02,-7.721917855614029991e-02,-6.456515376375161763e-02,-9.765863335845420545e-02,-4.464086713101897419e-02,-1.766178857182263973e-01,-1.086561083251006213e-02,-3.758205336825211351e-02,-1.627641828903507101e-02,-4.936472010210281314e-02,-1.265955529327758913e-02,0.000000000000000000e+00,-6.607823333860234072e-02,-5.835947503013327875e-02
2.109868508727023514e-02,0.000000000000000000e+00,0.000000000000000000e+00,0.000000000000000000e+00,0.000000000000000000e+00,-3.300209351488159193e-02,0.000000000000000000e+00,0.000000000000000000e+00,0.000000000000000000e+00,0.000000000000000000e+00,0.000000000000000000e+00,-2.580919770665135449e-01,-1.200413953684299484e-01,0.000000000000000000e+00,-1.149523355804047131e-01,-6.790726656924381266e-02,0.000000000000000000e+00,0.000000000000000000e+00,0.000000000000000000e+00,0.000000000000000000e+00,0.000000000000000000e+00
-4.498255124082983780e-02,-4.696389826155319969e-02,0.000000000000000000e+00,-4.531949504033318948e-02,-2.577346664609238003e-01,0.000000000000000000e+00,-1.128500356740455846e-01,-1.958471607033248352e-01,-6.506782458353703447e-02,-1.084975939633130160e-01,-7.903679977048616578e-02,-1.145948058908858314e-01,-7.934229854196106491e-02,-2.578947783049098108e-01,-9.306733690927473934e-02,-7.353351891056381096e-02,0.000000000000000000e+00,-1.426101028331047404e-01,0.000000000000000000e+00,0.000000000000000000e+00,0.000000000000000000e+00
8.611962447928415629e-03,-4.331034925902968458e-02,0.000000000000000000e+00,2.275114173633477690e-02,-5.737432900530606283e-02,-4.079803563350319767e-02,2.787523934308409196e-02,-5.253894412497029515e-02,-4.884859329315174165e-02,-3.637964499135630872e-03,0.000000000000000000e+00,1.569530332860420013e-02,1.491547363319073796e-02,0.000000000000000000e+00,1.785527293966645071e-02,-3.641868363703262834e-02,1.585789675994555767e-02,-3.573784401736090910e-02,-1.780141913032379924e-02,0.000000000000000000e+00,0.000000000000000000e+00
-1.944333759569710773e-02,0.000000000000000000e+00,0.000000000000000000e+00,-1.086556085031972624e-01,5.543470957004859034e-02,-1.285972908293561701e-01,0.000000000000000000e+00,0.000000000000000000e+00,-1.064193465124693289e-01,-9.601046924824660489e-02,-9.017726889481132713e-02,-1.599069589712718842e-01,-1.016846206649653778e-01,-1.251133747140336372e-01,-8.400185111233811341e-02,-1.033249913705365369e-01,-5.211309091151963835e-02,0.000000000000000000e+00,-9.329212427660413254e-02,0.000000000000000000e+00,0.000000000000000000e+00
-3.810703036283026590e-02,0.000000000000000000e+00,-6.101758533317545169e-03,0.000000000000000000e+00,0.000000000000000000e+00,-1.515282682346360543e-01,-1.253171904860862496e-01,-3.567207557519089939e-02,-5.681043320557700033e-02,-6.463715286804225246e-02,0.000000000000000000e+00,-6.688760029949784858e-02,0.000000000000000000e+00,0.000000000000000000e+00,-3.744046497073452717e-02,-1.168565015844665461e-01,-1.790325403022869494e-02,-2.725915783375122692e-02,0.000000000000000000e+00,0.000000000000000000e+00,-6.048909639780903486e-02
-6.894345586998064379e-02,0.000000000000000000e+00,0.000000000000000000e+00,0.000000000000000000e+00,0.000000000000000000e+00,-7.956790349095899106e-02,0.000000000000000000e+00,0.000000000000000000e+00,-1.580084114611402524e-01,0.000000000000000000e+00,0.000000000000000000e+00,0.000000000000000000e+00,0.000000000000000000e+00,-1.452273507192649582e-01,-1.796335844004088578e-01,0.000000000000000000e+00,-7.274745068546538407e-02,-8.615105068022914370e-02,-1.235322047614817453e-01,-9.139689333754849598e-02,-5.329358208652923423e-02
-8.912269071596282122e-02,0.000000000000000000e+00,0.000000000000000000e+00,-9.490455280360769741e-02,0.000000000000000000e+00,-1.142414193237337172e-01,0.000000000000000000e+00,0.000000000000000000e+00,-1.590374244509198953e-01,-2.035387778673925785e-01,0.000000000000000000e+00,0.000000000000000000e+00,-1.181736835008925651e-01,0.000000000000000000e+00,-9.551739739649879601e-02,-8.283625856254152320e-02,0.000000000000000000e+00,-1.753251223223613042e-01,0.000000000000000000e+00,0.000000000000000000e+00,-1.194621424631292506e-01
0.000000000000000000e+00,-1.381152241555674842e-01,-1.157070643054042280e-01,0.000000000000000000e+00,-1.414267335396863778e-01,-8.154315638422059143e-02,0.000000000000000000e+00,0.000000000000000000e+00,0.000000000000000000e+00,-1.182251423223777687e-01,0.000000000000000000e+00,0.000000000000000000e+00,0.000000000000000000e+00,0.000000000000000000e+00,0.000000000000000000e+00,-1.924720965281464524e-01,-4.513193188835747799e-02,-8.614599824363024239e-02,0.000000000000000000e+00,0.000000000000000000e+00,0.000000000000000000e+00
-8.630056231420667190e-02,-6.992487591878224218e-02,0.000000000000000000e+00,0.000000000000000000e+00,-1.659399812723892365e-01,-1.081697626076213725e-01,-4.824325455004577906e-02,-3.513570791383606364e-03,0.000000000000000000e+00,-1.753553501057923403e-01,0.000000000000000000e+00,0.000000000000000000e+00,0.000000000000000000e+00,0.000000000000000000e+00,-5.611130132085275640e-02,-1.540539626678659180e-01,-2.366398696951831637e-01,0.000000000000000000e+00,-1.139452523444738491e-01,-3.992665870208350620e-02,0.000000000000000000e+00
-5.655301328539323949e-03,0.000000000000000000e+00,0.000000000000000000e+00,-6.363102198799099052e-02,-1.037910902206150843e-01,0.000000000000000000e+00,0.000000000000000000e+00,0.000000000000000000e+00,-1.115975098980477309e-01,-8.341551689423468141e-02,-1.936363452039107647e-01,0.000000000000000000e+00,0.000000000000000000e+00,0.000000000000000000e+00,-7.003384196351439273e-02,-3.718339697904172181e-01,0.000000000000000000e+00,-1.476943896238915900e-02,0.000000000000000000e+00,0.000000000000000000e+00,-8.957684295449633294e-02
0.000000000000000000e+00,0.000000000000000000e+00,0.000000000000000000e+00,-8.842664365479527278e-02,-1.278688510944001322e-01,0.000000000000000000e+00,0.000000000000000000e+00,0.000000000000000000e+00,-1.050233409180292843e-01,-1.172192009595021955e-01,0.000000000000000000e+00,0.000000000000000000e+00,-1.096602402604572452e-01,0.000000000000000000e+00,-7.540116465790550060e-02,-1.046867336808059018e-01,0.000000000000000000e+00,-4.867601439454984080e-02,-7.045505941667450089e-02,0.000000000000000000e+00,-5.296571636264586769e-02
-3.238109691629800779e-02,0.000000000000000000e+00,-3.692573202414073386e-01,0.000000000000000000e+00,-2.323375038127563630e-01,0.000000000000000000e+00,0.000000000000000000e+00,0.000000000000000000e+00,-4.616867409593656407e-02,-1.639512806368290387e-01,0.000000000000000000e+00,0.000000000000000000e+00,-7.320190330907634657e-02,0.000000000000000000e+00,-8.703384719589669916e-02,-7.399559889358310605e-02,0.000000000000000000e+00,-1.465032214799556476e-01,-5.486430596314186697e-02,-2.400252053214063097e-01,-5.694628786089568628e-02
-2.414649602725673083e-01,-2.817462750082694312e-01,0.000000000000000000e+00,6.678313857878393281e-03,-1.818404206246758414e-01,0.000000000000000000e+00,-1.365661842856258634e-01,0.000000000000000000e+00,0.000000000000000000e+00,-9.232665595780079060e-02,-2.105779064034000170e-01,-7.532413379434206580e-02,-6.578839462673793936e-02,0.000000000000000000e+00,-2.208853840126928647e-01,-9.682876153192261637e-02,0.000000000000000000e+00,-8.599729400361927345e-02,0.000000000000000000e+00,-9.593059111671460581e-02,0.000000000000000000e+00
0.000000000000000000e+00,2.615494157170620768e-02,0.000000000000000000e+00,-2.841484822874335014e-02,0.000000000000000000e+00,0.000000000000000000e+00,-4.827571245733695837e-02,4.468331823167737832e-02,6.545606407351617362e-02,6.819620549438769330e-02,3.829200134697197805e-02,6.324954661637875730e-02,-6.664833845203614882e-01,6.295074294651535618e-02,0.000000000000000000e+00,3.549917125832809800e-02,6.547191419546949387e-02,-1.207778015345161993e-01,-9.799463292232329925e-02,-1.000032701531910484e-01,0.000000000000000000e+00
0.000000000000000000e+00,-2.588084472523393686e-01,-5.658402628001946849e-02,-1.063186278007634683e-01,-5.443595922323966885e-02,-1.032531919960952838e-01,0.000000000000000000e+00,-1.051333024063831889e-01,-6.953778230423049433e-02,-1.485973921990883240e-01,0.000000000000000000e+00,0.000000000000000000e+00,-7.592022118489050175e-02,0.000000000000000000e+00,-5.896777880099195179e-02,0.000000000000000000e+00,-1.245832939065512623e-01,0.000000000000000000e+00,0.000000000000000000e+00,-7.096154266911586239e-02,0.000000000000000000e+00
0.000000000000000000e+00,-1.165672422991101548e-01,0.000000000000000000e+00,-8.534704518066044132e-02,-4.660338764453680893e-02,-8.035825506524985062e-02,0.000000000000000000e+00,-1.524118577658301332e-01,-6.844380923290756258e-02,-1.224985453268488678e-01,0.000000000000000000e+00,0.000000000000000000e+00,-4.584933945601581129e-02,-1.277132207197197999e-01,-1.213088182183643254e-01,-6.571545724738933614e-02,0.000000000000000000e+00,-2.007510566023577026e-01,-5.857307465057172424e-02,0.000000000000000000e+00,0.000000000000000000e+00
-1.275050327722873078e-01,0.000000000000000000e+00,0.000000000000000000e+00,0.000000000000000000e+00,0.000000000000000000e+00,-7.681377560903351887e-02,-1.501520417826116283e-01,0.000000000000000000e+00,-9.556882752993012264e-02,-7.110848345345209542e-02,0.000000000000000000e+00,0.000000000000000000e+00,0.000000000000000000e+00,-1.122911349623231941e-01,-1.144564414571592192e-01,-5.455796404899088126e-02,-5.734536994134423887e-02,-1.665388621623297150e-01,0.000000000000000000e+00,-1.077981718060844751e-01,-9.666194078291796832e-02
-1.036174182395367682e-01,-2.454029383791460073e-01,0.000000000000000000e+00,0.000000000000000000e+00,-5.501595754222960571e-02,-8.674424689356824425e-02,0.000000000000000000e+00,0.000000000000000000e+00,0.000000000000000000e+00,-1.356415814380521404e-02,0.000000000000000000e+00,-8.622177930819095726e-02,-7.743035320157272416e-02,0.000000000000000000e+00,-8.588329367953854987e-02,0.000000000000000000e+00,0.000000000000000000e+00,0.000000000000000000e+00,0.000000000000000000e+00,0.000000000000000000e+00,0.000000000000000000e+00
-1.018131513827405382e-01,0.000000000000000000e+00,0.000000000000000000e+00,0.000000000000000000e+00,0.000000000000000000e+00,-1.313824803736226565e-01,0.000000000000000000e+00,0.000000000000000000e+00,-6.312358216810264044e-02,-1.593359406423007774e-01,-1.007927151486258249e-01,-1.842670676982648692e-01,0.000000000000000000e+00,0.000000000000000000e+00,-8.305730780838209426e-02,-6.885390808875611890e-02,0.000000000000000000e+00,-8.944950520618073775e-02,-6.181127651546064472e-02,0.000000000000000000e+00,-4.419199500169945088e-02
-6.539351147612852688e-02,0.000000000000000000e+00,0.000000000000000000e+00,-5.076706454548030739e-02,0.000000000000000000e+00,-5.200016912574374761e-02,0.000000000000000000e+00,0.000000000000000000e+00,-6.205859076094196597e-02,0.000000000000000000e+00,-5.984448862452313583e-02,0.000000000000000000e+00,0.000000000000000000e+00,0.000000000000000000e+00,-6.037104566811376388e-02,-5.430752022587298500e-02,-6.294831328766316292e-02,-6.244587999254096189e-02,0.000000000000000000e+00,0.000000000000000000e+00,0.000000000000000000e+00
-7.880570290235403008e-02,-1.183429048517943560e-01,0.000000000000000000e+00,0.000000000000000000e+00,0.000000000000000000e+00,-5.665450088762549741e-02,-5.383875696209675793e-02,-6.273968183420815248e-02,-9.004365143059797627e-02,-8.873543634049042839e-02,0.000000000000000000e+00,0.000000000000000000e+00,0.000000000000000000e+00,-9.824179695386778266e-02,-8.671425208676862562e-02,-1.315373509408682973e-01,-9.746737488740117583e-02,-1.742169261200255392e-01,-6.867570435605542534e-02,0.000000000000000000e+00,0.000000000000000000e+00
0.000000000000000000e+00,0.000000000000000000e+00,0.000000000000000000e+00,-1.541043889342007256e-01,-8.852813610348662932e-02,-7.449752764932071614e-02,0.000000000000000000e+00,3.985696868770271378e-02,0.000000000000000000e+00,1.395106383470111344e-02,6.359662334176804932e-02,0.000000000000000000e+00,-1.046785566001045692e-01,-6.981245379721323641e-02,-1.752702136107580364e-03,-9.803335240407178020e-02,-2.257822424602205225e-01,-2.110249396334823446e-02,-2.191471647259929101e-01,-4.933897474776161723e-02,-1.020248148759375084e-01
0.000000000000000000e+00,-4.634419580516382919e-02,-2.724192079196268573e-02,0.000000000000000000e+00,-5.173835994702097318e-02,-1.305444239874778145e-01,0.000000000000000000e+00,-7.856668823212935304e-02,0.000000000000000000e+00,-1.113384289139960487e-01,-1.099543453479192856e-01,-4.442099605600475787e-01,-5.491090608693935393e-02,0.000000000000000000e+00,-4.376528760488249126e-02,-9.260948876408492403e-02,-7.345490519693653741e-02,-1.531074713666655540e-01,-9.228741557500245996e-02,-4.012976761982884472e-02,-2.726167292483471782e-01
-1.862798107491126301e-02,-7.950336607166344494e-02,0.000000000000000000e+00,0.000000000000000000e+00,0.000000000000000000e+00,-2.705719066326809363e-01,-2.088641622497608083e-02,0.000000000000000000e+00,-1.233398224029811849e-02,-6.604060146158310940e-02,-3.971780336531129108e-02,1.598629899385275652e-02,-5.590967719106832573e-02,0.000000000000000000e+00,-3.829681456199013345e-02,-2.011703095181347975e-02,1.737696617981439318e-02,-1.005316140030625555e-01,0.000000000000000000e+00,-2.886220849221147744e-01,0.000000000000000000e+00
-1.933033533446353314e-01,0.000000000000000000e+00,0.000000000000000000e+00,0.000000000000000000e+00,-2.506952398581966945e-01,-7.326538918978234283e-02,-1.560952793194500254e-01,-1.364668625259518597e-01,0.000000000000000000e+00,-9.470565891566977423e-02,-6.965332731760059959e-02,0.000000000000000000e+00,-7.323698921511095916e-02,0.000000000000000000e+00,3.848583245979168149e-02,-6.357151682451965546e-02,-1.006840783910615544e-01,-1.090935686363311841e-01,0.000000000000000000e+00,-1.123360028094003010e-01,0.000000000000000000e+00
0.000000000000000000e+00,-9.968037954043754145e-02,-4.971364157384221272e-02,0.000000000000000000e+00,0.000000000000000000e+00,-7.203631578993430207e-02,-2.243235269576856483e-01,-7.472265124669030811e-02,-9.442353722951370154e-02,0.000000000000000000e+00,-4.724771529390554836e-02,0.000000000000000000e+00,-5.979144452664240938e-02,0.000000000000000000e+00,-5.892262512491771437e-02,-6.229219218731209262e-02,-6.890581309198019755e-02,-1.405511669701712540e-01,-9.596373705288159528e-02,-1.057641483028130269e-01,0.000000000000000000e+00
-5.427404079749513499e-02,-7.118180011581302924e-02,-6.373810492801541827e-02,-6.898084204724479196e-02,-1.927256562106289817e-01,-5.284351676183039054e-02,-2.116015440830827099e-01,0.000000000000000000e+00,-1.147273068464838008e-01,-5.800873041672915953e-02,0.000000000000000000e+00,-6.578470437276791316e-02,-5.762448163348763558e-02,0.000000000000000000e+00,0.000000000000000000e+00,6.409570913418366489e-02,-4.780610204492023729e-02,-7.326764635871468867e-02,-1.289575173102631978e-01,0.000000000000000000e+00,0.000000000000000000e+00
0.000000000000000000e+00,0.000000000000000000e+00,0.000000000000000000e+00,0.000000000000000000e+00,-1.257471005981329881e-01,-9.507201214729167627e-02,0.000000000000000000e+00,0.000000000000000000e+00,-9.490839284931300301e-02,0.000000000000000000e+00,0.000000000000000000e+00,-6.230229778737601809e-02,-4.816319438920307894e-02,0.000000000000000000e+00,-8.097092655628834734e-02,-1.175539885848608246e-01,-7.090855395911750680e-02,-5.030755296674989385e-02,-4.774779004315896774e-02,0.000000000000000000e+00,-3.778256636583245121e-02
-6.369709785152993797e-02,-6.904513279783662527e-02,0.000000000000000000e+00,-1.205485467930194482e-01,0.000000000000000000e+00,-6.378024959150591089e-02,-1.004398628307064251e-01,0.000000000000000000e+00,0.000000000000000000e+00,-9.928779101898174697e-02,0.000000000000000000e+00,-1.061343132049149957e-01,-5.106935263253374602e-02,-2.403956302138679502e-01,0.000000000000000000e+00,-4.559593254713192878e-02,0.000000000000000000e+00,-6.928837122286174433e-02,-7.414107310734170675e-02,-8.692384699961155925e-02,-7.643574658982003889e-02
0.000000000000000000e+00,0.000000000000000000e+00,-3.548632931496455145e-02,0.000000000000000000e+00,0.000000000000000000e+00,0.000000000000000000e+00,0.000000000000000000e+00,0.000000000000000000e+00,5.691471284556808008e-02,-8.027280326341282302e-02,0.000000000000000000e+00,0.000000000000000000e+00,0.000000000000000000e+00,0.000000000000000000e+00,-7.913711301076065130e-02,0.000000000000000000e+00,0.000000000000000000e+00,0.000000000000000000e+00,1.539254855830656313e-02,0.000000000000000000e+00,-1.632324411119162877e-01
-5.674814720689470848e-02,-3.549442737281838234e-02,0.000000000000000000e+00,0.000000000000000000e+00,0.000000000000000000e+00,0.000000000000000000e+00,-2.687371560373273405e-01,0.000000000000000000e+00,-3.949248277831879372e-02,-1.837363164653361969e-01,0.000000000000000000e+00,0.000000000000000000e+00,-1.447833828665243960e-01,-2.877660539393520067e-01,0.000000000000000000e+00,-1.074233252123435872e-01,-1.124402515975833905e-01,3.653533917384262086e-02,0.000000000000000000e+00,0.000000000000000000e+00,0.000000000000000000e+00
3.950636939626254313e-02,6.051105900372163310e-02,0.000000000000000000e+00,-2.228856283055462573e-01,1.066107268486337495e-01,1.332160443786847004e-01,6.366728155358306052e-02,1.000470285656032687e-01,-9.828104510423762985e-03,-1.415044150525776069e-02,7.213421809502976179e-02,-3.439686157914341458e-02,-8.169124920762461939e-02,-4.746808276841445531e-03,9.706122198987091054e-02,7.820141167793351333e-02,6.038458913618770241e-02,7.744283647301446194e-02,9.404216782104490857e-02,5.246868682136729412e-02,0.000000000000000000e+00
0.000000000000000000e+00,-1.667441579380823935e-01,-3.409178275940982772e-01,-5.843059560689047027e-02,7.750956921442345160e-02,-1.862197713132735660e-02,-1.304627457850300043e-01,4.535571449827454499e-02,6.732319143655667026e-02,9.401559654249708187e-02,1.084959687514485405e-01,-6.233343433083647633e-02,3.433917081166382168e-02,0.000000000000000000e+00,8.690274383434913597e-02,7.417854562924708350e-03,2.896197292020733990e-02,5.625577682712422367e-02,1.333227785416261357e-01,9.030686080036476326e-02,-1.767016901230138437e-01
-1.073036823605093802e-02,3.152385144147129559e-02,4.022137971965568382e-02,0.000000000000000000e+00,1.450571320294689534e-02,3.389327193716211439e-02,-6.786352197931062868e-03,-1.189186360566879958e-01,5.843654648274136665e-02,-1.017415412675341385e-01,-2.250758348922689278e-02,5.129110274847589052e-02,9.748323918300548160e-03,2.951582820967043469e-02,-1.460717356011205156e-02,-2.155579390820772101e-02,-1.865573241587318090e-02,-7.977102178317997672e-02,0.000000000000000000e+00,1.085473947197675704e-01,0.000000000000000000e+00
-7.853230271275471464e-02,5.465968514374671544e-02,0.000000000000000000e+00,0.000000000000000000e+00,1.744535436870011877e-02,1.311492866290096555e-03,3.844484006874567678e-02,-7.489345697803542062e-03,2.207888587823390522e-02,-4.527021062729194578e-02,0.000000000000000000e+00,5.166508886537022477e-02,1.295909171737864574e-01,-7.979251089009811726e-02,5.446431483376300287e-02,3.089289733665007490e-02,2.799771542345570047e-02,0.000000000000000000e+00,-4.367248484554425887e-03,1.322010774887836734e-02,-2.874754259456850924e-01
2.857552945479113066e-02,0.000000000000000000e+00,9.743883337072070661e-02,0.000000000000000000e+00,2.061758757939445921e-04,5.464111166657749374e-02,2.511044201941973336e-02,4.549582396159929792e-02,6.399065846514101485e-02,1.115341786300985509e-02,1.187106649435231732e-02,-7.382789457751399997e-02,4.639628730184253841e-02,-7.259402673523825339e-05,7.144304497928535835e-02,-6.307427857033285484e-03,-4.617165871896981855e-02,8.340386171430853868e-03,2.055744055283112697e-03,-3.035703010348964753e-02,-9.531385167687514426e-02
-6.813417175387220803e-02,-1.916595912520873135e-01,-1.621425819384799127e-01,-1.225334053320526612e-01,-8.077339701357938440e-02,0.000000000000000000e+00,-7.443397711208900314e-02,-9.737738866536380100e-02,-1.004256333816703345e-01,-1.217675862591557356e-01,-9.093186384654747267e-02,-8.919972069905020284e-02,-3.489438760176886284e-02,-1.180781111512348991e-01,-1.659596040282821372e-01,-8.728074583471850945e-02,-7.910387645061925377e-02,-1.264316732189955106e-01,-1.638750121398764859e-01,-1.514307599981440100e-01,-6.815619754821276854e-02
5.455873374507271001e-02,4.730667718241508835e-02,0.000000000000000000e+00,-3.510573952350081600e-02,1.509070084536213441e-01,1.794272531909453863e-02,4.206082000231444601e-02,1.118663125688307836e-01,6.690490686197221593e-02,8.911898021336357723e-02,6.425378408736187597e-02,-5.440182623136353979e-02,7.296417904449947756e-02,5.009100328721968753e-02,1.183754576941865311e-01,3.468241500273993444e-02,6.684898258838035956e-02,1.108554835239670133e-01,5.312881491393135064e-02,9.174331196030846569e-02,-6.568296431566333915e-02
-9.628329276839271700e-02,-1.883089203072858819e-02,0.000000000000000000e+00,-1.645169071687344609e-01,-1.252369744132683094e-01,-8.961341430344885173e-02,-1.759685201726119141e-01,-1.091602626306827362e-01,-1.001195844863760898e-01,-1.729636976545469995e-01,-1.819133530376014218e-01,-2.166786060646710421e-01,-2.439742199583215532e-01,-1.064448895106364645e-01,-8.993261280703328253e-02,-9.788650553757617667e-02,0.000000000000000000e+00,3.846368453870049886e-02,-9.103149816783220882e-02,0.000000000000000000e+00,0.000000000000000000e+00
-1.405945036115263391e-01,-7.080389597352716724e-02,-5.371161694934155351e-02,-6.956899080717010575e-02,7.935059465736750417e-02,0.000000000000000000e+00,0.000000000000000000e+00,-5.497714557761319842e-02,-3.172109167152278170e-02,-6.216073196650786711e-03,-5.832626003105954859e-02,-1.044457308395597972e-01,-1.188094476382871301e-01,-1.003456188068223842e-01,-3.166917467543384213e-03,-1.260765537380796608e-01,-5.521091467378848316e-02,-1.547832628879541872e-02,7.480201715575685029e-02,8.571155559840318294e-02,-2.099440620180186290e-01
-8.865045907742959141e-02,0.000000000000000000e+00,-1.784264628148148069e-01,0.000000000000000000e+00,0.000000000000000000e+00,-1.149107078192893178e-01,-7.012673322549330124e-02,0.000000000000000000e+00,-1.916870318020597042e-01,-2.744488120154036648e-01,-1.906259435313258643e-01,-1.075381574543934765e-01,-1.796197552215001159e-01,0.000000000000000000e+00,-6.700720566075991924e-02,-7.381461186273113873e-02,-1.033430923911480281e-01,-7.661064078460290416e-02,-5.961690928372655185e-02,0.000000000000000000e+00,-5.922560761348891201e-02
-1.950667016345012383e-01,-1.673466439883052326e-01,-5.781956708499730313e-02,-1.890119030311485926e-01,-7.752067693569041074e-02,-7.122081056845368241e-02,-8.316801437126930541e-02,-6.307893870783748413e-02,-7.443393664701515589e-02,-1.352146649982926552e-01,-1.070483091987592394e-01,-9.330456594460630193e-02,0.000000000000000000e+00,0.000000000000000000e+00,2.339414410832363345e-02,0.000000000000000000e+00,-1.250514370906803396e-01,-1.713647662321923226e-01,-1.097005733862980587e-01,-7.369759439293369074e-02,-9.413782462763350956e-02
-5.659176218075137729e-04,1.838372732210022051e-02,0.000000000000000000e+00,7.164836656571245410e-02,-8.191161181099743116e-02,-9.884226553403696602e-02,6.829482440528659992e-03,-5.143966851581457250e-02,-4.459936930095901447e-02,-2.031472890938079701e-03,1.836647607240471033e-02,-3.275891985301784132e-02,1.564768172151102463e-02,4.828193119961900898e-02,4.828704641818512555e-02,-3.607489090959056094e-02,-8.859474429261848805e-02,-2.957299141446695714e-02,8.126187970863054874e-03,-9.041513931954356376e-02,-5.683218285197124547e-02
0.000000000000000000e+00,-2.098066679681395152e-01,0.000000000000000000e+00,0.000000000000000000e+00,-7.727610183479163494e-03,-4.800979213709475474e-02,0.000000000000000000e+00,-1.219676154179666905e-01,-1.160382160861966605e-01,-1.143263656914537407e-01,-9.909242500991685687e-02,0.000000000000000000e+00,-9.790470182360717921e-02,-6.755109874407692894e-02,0.000000000000000000e+00,-1.096360884939366898e-01,-1.226123244599983397e-01,-1.721926591493762315e-01,-1.971002807614963617e-02,0.000000000000000000e+00,0.000000000000000000e+00
0.000000000000000000e+00,9.277427001364753345e-03,0.000000000000000000e+00,0.000000000000000000e+00,-8.133351937994004466e-02,0.000000000000000000e+00,-9.683708052556678700e-03,-3.990632614978470438e-02,-2.650423046113770846e-04,-2.097348237464848053e-02,0.000000000000000000e+00,5.461481626950923096e-02,-9.752630819546138918e-02,0.000000000000000000e+00,1.861746673169306328e-04,1.445342669511578970e-02,-2.323366934324675934e-02,-6.549301347605279711e-02,0.000000000000000000e+00,0.000000000000000000e+00,0.000000000000000000e+00
-6.393414904152619135e-03,3.156129446427466401e-02,2.904869745172313292e-02,-6.452055559967319331e-02,1.865497927670681927e-02,1.871414799850148677e-02,-2.311911336778231865e-03,6.197720699615088397e-03,-1.706155035084900434e-02,-1.630583283287756480e-02,2.266058107975194025e-02,-7.884676136920430733e-02,0.000000000000000000e+00,2.129919401938977497e-02,6.207987094791811433e-03,-1.393382255104903995e-02,1.851327944949703042e-02,-4.011961596487342678e-03,-3.560505455589280110e-02,-1.626805728562362181e-03,-6.775474871987106906e-02
3.533968201309076185e-02,-4.838997902923461436e-02,0.000000000000000000e+00,-2.227125395654034820e-02,-4.143437856452781426e-02,2.206892030841443517e-02,-5.420981997624903237e-02,-5.188127812055506882e-02,2.891025611218245306e-02,-3.503732552686158325e-02,0.000000000000000000e+00,4.568300695133145628e-02,-6.144250209646730243e-02,-5.498995034041957025e-02,-7.219350235363335144e-02,1.483762546355943575e-02,1.683208487451393065e-02,-7.815894315425231387e-02,-4.273978179805440480e-02,-7.092434172900156930e-02,0.000000000000000000e+00
-1.008344840381340535e-01,0.000000000000000000e+00,0.000000000000000000e+00,-1.804975451518544757e-02,-1.303197033527618842e-01,-4.340480685273193778e-02,-7.881609671813992468e-02,-2.037308771756488057e-02,3.712859104603433765e-03,-5.236503235154522234e-02,1.344527323738205389e-02,-4.328244732926595645e-02,-1.838926477028171858e-01,4.810948270405765448e-02,-1.391390575783869321e-01,-7.895556378983975554e-02,-3.188155398356361248e-02,-1.214572389473985853e-01,0.000000000000000000e+00,-1.081140291976009637e-01,0.000000000000000000e+00
-1.619131980184023434e-01,-2.995703394173730993e-01,-1.328957329090294515e-01,0.000000000000000000e+00,-6.742103313232263029e-02,-3.903337001836026388e-01,-1.768596320018466228e-01,-1.172455850680725331e-01,-1.223105573437359289e-01,-9.514487189602373329e-02,-2.388952350375256328e-01,-1.200634917030105608e-01,-1.099336619943435400e-01,-9.045943671286353627e-02,-1.422221897711068717e-01,-7.809106324830789037e-02,-1.110979117197721799e-01,-1.044418771979403748e-01,0.000000000000000000e+00,-7.864933752814846912e-02,0.000000000000000000e+00
-2.918282464476372202e-03,0.000000000000000000e+00,-2.340654141406430661e-02,0.000000000000000000e+00,6.362679205781633478e-03,-1.237262377607382946e-01,-9.406332071985115673e-02,5.590295456612039138e-02,-6.846919339123504200e-02,-9.762530201297463239e-03,-1.102449746491764304e-01,1.376634538045782771e-02,-4.063233597899276739e-02,-4.626662667819272240e-02,5.441502977582667044e-02,-4.079463625599030058e-02,2.440116281528119380e-02,1.679580407879397233e-02,-6.037419520116141247e-02,9.950892425206092629e-02,-9.675404211441819557e-02
1.649378818725071374e-02,7.292603560051227896e-02,-2.421979468305124894e-01,-5.176313921558525072e-02,-1.036975188050358737e-01,-1.606413342874537520e-01,-6.077048331864144670e-02,6.049388872730267902e-02,-3.715636122301466809e-02,1.065517131741960943e-02,-7.101499520332411886e-02,-4.972457943851591594e-02,-1.157689709352062619e-02,4.246168113990702458e-02,2.234133693599151677e-02,0.000000000000000000e+00,-2.444308662546191419e-02,5.993521478750256370e-02,-2.670095865785899747e-01,-8.920984283915933677e-02,-1.600981394299166305e-01
-1.241044817762691488e-01,-7.455371799874055405e-02,-9.937853646953870301e-02,-7.875155889151874700e-02,-8.437983028934185892e-02,-1.003353856524267784e-01,-6.230042818430711615e-02,-3.109222410555101748e-02,-5.184135170772100065e-02,-1.033404169559922481e-01,-5.048307713483766307e-02,-1.077483693433218398e-01,0.000000000000000000e+00,-8.751425996545975083e-02,-5.809043302656458074e-02,-1.787399992535033399e-01,-5.167422429405867101e-02,0.000000000000000000e+00,0.000000000000000000e+00,-1.668458894990234309e-01,-8.523563063764978687e-02
-1.321415632158549069e-01,0.000000000000000000e+00,0.000000000000000000e+00,0.000000000000000000e+00,0.000000000000000000e+00,-1.025477630062498063e-01,0.000000000000000000e+00,0.000000000000000000e+00,-1.690602531510220219e-01,-2.508611000506420496e-01,-7.938204912119715961e-02,-1.649020001660636281e-01,-2.134842284073384666e-01,0.000000000000000000e+00,-1.092327367667718097e-01,-9.762718304572830241e-02,-1.787806500009017641e-01,-7.884045150196293539e-02,-4.152319203708274703e-02,-3.661869666088597985e-01,-1.244705238304810863e-01
-6.476392574915230960e-02,-2.933411252379218292e-01,0.000000000000000000e+00,-6.013247093435978435e-02,6.182974722176579063e-02,-8.793581549265432062e-02,0.000000000000000000e+00,3.719191495471498021e-02,-3.549802591275121738e-02,-3.887232882752420654e-02,4.706117469051902813e-02,-1.285168637990496687e-01,-1.286336794685620510e-01,3.385247543242444340e-02,2.851024796420237317e-02,0.000000000000000000e+00,0.000000000000000000e+00,4.657373069921092595e-02,6.465786554217432813e-02,0.000000000000000000e+00,0.000000000000000000e+00
0.000000000000000000e+00,-7.949165390682129406e-02,-8.249714601583336970e-02,0.000000000000000000e+00,0.000000000000000000e+00,-9.860068748757877533e-02,0.000000000000000000e+00,0.000000000000000000e+00,-1.779508916936823060e-01,-9.140043888172429132e-02,-6.579773506267232175e-02,-6.847331088767423524e-02,-7.704940984593706965e-02,0.000000000000000000e+00,-7.094973438678814359e-02,-7.967608111887429512e-02,-1.493592087396606038e-01,-8.468571325370478908e-02,0.000000000000000000e+00,-1.430291375282583266e-01,0.000000000000000000e+00
0.000000000000000000e+00,-9.902876039764214877e-02,1.048126031759012700e-02,0.000000000000000000e+00,0.000000000000000000e+00,-5.349281043649817963e-02,-2.287263612071135238e-02,-9.954545088795933860e-02,-1.919891754410236323e-02,-4.730206312601992202e-02,-2.520556766338079291e-02,-6.747288592697535392e-02,-6.068837046867674168e-02,0.000000000000000000e+00,-5.498645681597264662e-02,-5.019230057992325050e-02,-3.257377998844272066e-02,-1.907130820508150804e-01,-8.628561447159684367e-04,-1.197480370924689300e-02,-1.026810793935629684e-01
0.000000000000000000e+00,0.000000000000000000e+00,0.000000000000000000e+00,0.000000000000000000e+00,-8.032135996410863510e-02,-7.309242790466267958e-02,0.000000000000000000e+00,-9.813806628202921545e-02,-1.034260036472909317e-01,-1.706639357894901010e-01,-2.532792518038440854e-01,-2.715370397998109198e-01,-4.474248186730240828e-01,0.000000000000000000e+00,-1.045038213511037262e-01,-7.818855943610009129e-02,-1.331914547098667911e-01,-2.077148147433873215e-01,0.000000000000000000e+00,-7.803635263212253814e-02,-8.564111645121179339e-02
4.733454015671167969e-02,0.000000000000000000e+00,0.000000000000000000e+00,-1.825071205877816169e-02,6.919543080527780499e-02,7.849281357417055641e-03,6.018390306438112236e-02,5.570391996707443893e-02,-4.612234701248964057e-03,7.719585543784415749e-02,-6.459894108571749560e-02,-1.397197444690994605e-01,5.831677729767761886e-02,2.146832586922498357e-02,6.397982567211177307e-02,9.090865433658919248e-02,-2.448356080660394826e-02,-7.970841150830727459e-03,-2.313315309328934245e-03,4.576520138309789903e-02,-6.755420207768764174e-02
0.000000000000000000e+00,0.000000000000000000e+00,-2.567254964885916091e-01,0.000000000000000000e+00,-2.022916700527873923e-01,-8.434297114771685533e-02,-9.141997692205647286e-02,-8.598093413803087337e-02,1.381339572397666943e-02,-6.937115287226211513e-02,0.000000000000000000e+00,-1.067244547821290523e-01,-4.279323938751194295e-02,-2.607743381392422719e-02,3.299492046774067655e-02,-5.154208457815800948e-02,-1.747887665260618728e-01,-5.661816266803688935e-02,-7.791439049035736586e-02,0.000000000000000000e+00,-2.897313386242536537e-01
0.000000000000000000e+00,0.000000000000000000e+00,0.000000000000000000e+00,-1.511896620458577645e-01,-1.027268490232129822e-01,-1.228510373072680961e-01,-7.312772938211287155e-02,0.000000000000000000e+00,-6.900193790419724416e-02,-6.866706783292807204e-02,-9.836933361511776552e-02,-8.482322489544645572e-02,-1.972738538020600008e-01,-2.715383487808711305e-01,-1.706657051231374178e-01,-1.665006490595309363e-01,-1.986782915743562361e-01,-1.107997523437693477e-01,-1.656788492493993792e-01,0.000000000000000000e+00,-2.184018340529326196e-01
0.000000000000000000e+00,-2.037460425115721063e-01,1.074585268926620679e-02,3.078215733327336473e-02,-1.755809049038333999e-02,-3.857759943135916081e-02,2.766286553723007469e-02,-1.556747061720139581e-02,-1.411487689762899386e-02,-2.635287115293229870e-03,-1.421499967836806558e-02,-2.591885093163299666e-02,-3.126920872475544982e-03,-1.669183065886977943e-02,-4.374739351449254826e-02,-2.592999055941927478e-02,9.226901397869649796e-04,-5.823263066207735178e-02,2.911435255647932489e-03,-4.235297933503928691e-02,-1.489113230904349494e-01
0.000000000000000000e+00,0.000000000000000000e+00,-7.578498012233599902e-03,2.633736380267231308e-02,1.540023666981311413e-02,-6.737068369745094487e-02,0.000000000000000000e+00,6.655561220494899191e-03,-3.490930694722899075e-02,-5.215160129608732535e-03,-2.817128968514425250e-02,1.476829103681276054e-02,-9.642663393355910273e-02,0.000000000000000000e+00,-1.268375561511437821e-01,-4.623170573551876883e-02,1.328610100015980774e-03,1.679276820123730158e-03,-9.518456530767469698e-03,-7.680308455768554421e-02,-1.928690506939322313e-01
-7.325180810733446235e-02,-9.907045962713154075e-02,0.000000000000000000e+00,-1.016068355799253503e-01,-1.107761581332882411e-01,-9.395994237755901646e-02,-7.340253721405493037e-02,0.000000000000000000e+00,-3.121435849654730088e-01,-1.063466159641496683e-01,-7.520326718029844704e-02,0.000000000000000000e+00,-9.456351671841396744e-02,-1.004210840102172098e-01,-9.701450294555319376e-02,-8.658687321819497074e-02,-1.823635829702191513e-01,-1.317550244155200057e-01,0.000000000000000000e+00,0.000000000000000000e+00,-6.705406774596031627e-02
-2.225846321687072193e-01,3.701783369774760274e-02,2.488009731318874609e-03,-6.885137022345134972e-02,-7.727140977900646968e-02,-4.845356499488937679e-02,-1.983698896582304361e-01,-1.842292344104071861e-02,-1.585287680813673994e-03,2.659118944916592439e-02,1.212211084923815047e-02,-2.203984923151725700e-02,2.860090672240449966e-02,0.000000000000000000e+00,3.978494217014745538e-02,0.000000000000000000e+00,-7.572583676353267235e-02,1.548182666817111280e-02,-5.203649728760144366e-02,0.000000000000000000e+00,-6.815621756616703497e-02
0.000000000000000000e+00,-2.802918932419880965e-02,0.000000000000000000e+00,0.000000000000000000e+00,-1.468609515257978358e-02,-9.654152978247405870e-02,0.000000000000000000e+00,-5.851244410613155866e-02,-1.213378674734313795e-01,-2.797330245863537471e-02,0.000000000000000000e+00,-7.606680453254921481e-02,-2.442889480668571922e-01,-1.892844770025176593e-01,-1.626043779960140850e-02,-8.800406360083357082e-02,-1.674548936814408973e-01,-7.823311573924218720e-02,-4.373309272870903180e-02,-1.951277303460853263e-01,-1.663554348618020429e-01
-1.265546909929793871e-02,-2.235680180436792550e-02,0.000000000000000000e+00,0.000000000000000000e+00,-1.509639245601702984e-01,-5.161928994772968515e-02,-8.805547063724482315e-02,0.000000000000000000e+00,-2.684566375945007799e-02,-1.669860553035504014e-01,-2.837551139668001987e-01,1.915981985983891689e-02,-6.109226146614192554e-02,0.000000000000000000e+00,-1.688713364681672380e-02,0.000000000000000000e+00,-1.355638518391278635e-01,-1.286909366619207462e-01,-1.298167047578904776e-01,-1.101255518290419760e-01,0.000000000000000000e+00
0.000000000000000000e+00,0.000000000000000000e+00,0.000000000000000000e+00,-1.108263869832122744e-01,-5.255151667133366178e-02,-6.313097187877379779e-02,0.000000000000000000e+00,-9.592488266001665542e-02,-6.765259995832662021e-02,-6.075132171475468301e-02,2.894004228137515497e-02,-9.538181721210643726e-02,-1.019120141796935469e-01,0.000000000000000000e+00,-2.199535901502028268e-01,-1.949901922603492210e-01,-1.017055364681333507e-01,-7.323000483454583653e-02,-7.461854471020017143e-02,0.000000000000000000e+00,0.000000000000000000e+00
-3.344961647716735570e-02,0.000000000000000000e+00,-8.902057315949006566e-02,-7.472353629199192382e-02,-2.139848025433953582e-01,-1.294960193036257257e-01,3.969347355798737847e-02,-2.108373821938301293e-02,1.054978295212843399e-02,4.377925280792632594e-03,6.147821518997789031e-02,-5.070563498783287049e-02,-6.446259764424018546e-02,-3.233868837385262679e-02,3.619564791128324077e-02,-4.887563496743980995e-02,3.322972629555729501e-02,-2.818480647303177669e-02,1.905299475636074505e-02,-6.986280493385566004e-03,0.000000000000000000e+00
0.000000000000000000e+00,0.000000000000000000e+00,0.000000000000000000e+00,-1.187944135485251573e-01,0.000000000000000000e+00,-1.306178145875642460e-01,-7.815762410373233715e-02,0.000000000000000000e+00,-1.291425449823210281e-01,-7.686116773579966532e-02,-6.028327389388696972e-02,-1.159560563179331677e-01,-1.825319782772472643e-01,0.000000000000000000e+00,-1.020783398166033168e-01,-1.305048723227596741e-01,-1.551497642644252828e-01,-1.259837210458029100e-01,-7.001356434965576303e-02,-1.743326056181805639e-01,-1.033313228941524359e-01
-7.479125891597282472e-02,-8.811907903903394568e-02,0.000000000000000000e+00,0.000000000000000000e+00,0.000000000000000000e+00,-1.790567728552480142e-01,-4.775772978509899847e-02,-1.193946458695737123e-01,-1.113086737160953049e-01,-2.406666714947438002e-01,0.000000000000000000e+00,-1.570456816121473531e-01,-1.424178309921367569e-01,7.056136045796854162e-02,-3.285994082385571696e-02,-4.392101995943461373e-02,5.669221838063809998e-02,2.927701763749117683e-02,0.000000000000000000e+00,0.000000000000000000e+00,0.000000000000000000e+00
-1.401856900694862240e-01,0.000000000000000000e+00,-6.050137285562426359e-02,-2.079038557933040043e-01,0.000000000000000000e+00,-9.660998247239509229e-02,-1.332072010862624944e-01,0.000000000000000000e+00,0.000000000000000000e+00,-1.203516095208924802e-01,0.000000000000000000e+00,-1.809603693198270358e-01,-9.970252365583556764e-02,-8.848789916972443770e-02,-9.879597916901625143e-02,-2.012879056004172607e-01,-8.934928677303685673e-02,-3.903366828465505700e-02,-1.114559538890879525e-01,0.000000000000000000e+00,-1.003313643347235745e-01
-1.548768240807601726e-01,-1.609530424739354371e-01,0.000000000000000000e+00,0.000000000000000000e+00,-1.005965744402454037e-01,-5.978042082535420937e-02,-1.855636451116259578e-01,-8.815694640348128996e-02,-1.554492945335297083e-01,0.000000000000000000e+00,0.000000000000000000e+00,-1.191963819200716618e-01,-1.364647615959584115e-01,0.000000000000000000e+00,-9.022366614760035652e-02,-7.932617270189640246e-02,-7.589495660777061115e-02,-2.688853032281972588e-01,0.000000000000000000e+00,-1.132779140010267971e-01,0.000000000000000000e+00
-6.423420899249904226e-02,0.000000000000000000e+00,-1.783349687982277165e-01,0.000000000000000000e+00,-5.286878507623105072e-03,-7.652832989217540904e-02,4.415747484394805245e-02,5.649861137175855169e-02,-1.629630029598697375e-03,5.871248572387612052e-02,3.506243878755874177e-02,-5.070207767434327384e-02,-8.601204177009348639e-02,-6.201613228241838888e-02,-7.300252716540889253e-03,-4.014156693701123602e-02,5.540029747710412122e-02,4.810860906823128530e-02,-1.337068024101259120e-02,-4.155083745334726616e-03,0.000000000000000000e+00
-8.057880885885705669e-02,-1.533107169732602915e-01,0.000000000000000000e+00,0.000000000000000000e+00,-6.516413580977269138e-02,-5.284899723080088707e-01,0.000000000000000000e+00,0.000000000000000000e+00,-4.765352562275798620e-02,-8.179596640646109862e-02,-1.135559089231033547e-01,-8.389312503728750536e-02,-1.207413055771662247e-01,0.000000000000000000e+00,0.000000000000000000e+00,-7.902270714974685140e-02,-1.018066037930928647e-01,-1.541566157474161258e-01,0.000000000000000000e+00,-6.094010594584956669e-02,0.000000000000000000e+00
-8.177787592519024373e-02,-1.120449005629568645e-01,-1.262147110542252981e-01,0.000000000000000000e+00,-1.536764886155706222e-01,-2.502506187449238251e-01,-9.188898902728095952e-02,-4.046110633918210270e-02,2.031115251529197474e-02,-9.827637734834622496e-02,-9.202547082076908969e-02,-6.802887433050697208e-02,-1.286764062137991382e-01,0.000000000000000000e+00,0.000000000000000000e+00,-7.080492930927435868e-02,-8.180026425234045162e-02,-6.435123566246060689e-02,-2.083138616985715508e-01,-2.490981668294418860e-01,0.000000000000000000e+00
