1	0.52	0.68	0.79
2	1.19	1.48	1.47
3	0.51	0.69	1.01
4	0.92	1.17	1.38
5	1.68	2.23	2.10
6	1.22	1.73	1.71
7	2.39	2.42	2.58
8	0.63	0.86	0.95
9	1.04	1.43	1.47
10	0.39	0.55	0.67
11	1.39	1.47	1.98
12	1.15	1.34	1.46
13	0.93	1.16	1.20
14	2.50	2.76	2.79
15	2.09	2.63	2.70
16	0.53	0.72	0.83
17	0.91	1.24	1.46
18	1.44	1.96	2.35
19	0.50	0.67	0.79
20	1.66	2.03	2.15
21	2.02	2.16	2.38
22	4.01	3.67	4.18
23	1.11	1.81	1.78
24	0.96	1.62	1.93
25	1.12	2.18	2.38
26	0.55	0.90	0.91
27	2.45	2.73	2.88
28	1.33	1.79	1.88
29	0.79	1.34	1.53
30	1.37	1.68	1.81
31	2.40	3.03	3.05
32	1.39	2.15	2.44
33	0.66	0.93	1.01
34	0.58	0.68	0.73
35	2.20	2.83	2.88
36	0.67	0.98	1.01
38	1.02	1.50	1.65
39	0.94	1.35	1.69
40	1.56	1.76	1.79
41	1.82	1.82	1.87
42	3.17	3.54	3.65
43	2.66	2.69	2.71
44	2.24	2.77	2.92
45	1.52	1.59	1.90
46	2.59	2.77	2.81
47	2.34	2.14	2.21
48	1.41	1.70	1.83
49	1.59	2.00	2.32
50	1.38	1.62	1.70
51	1.26	1.35	1.60
52	0.60	1.54	1.73
53	0.76	1.84	2.07
54	1.90	2.39	2.48
55	1.62	2.38	2.71
56	1.21	1.53	1.73
57	2.45	2.98	3.02
58	0.38	0.67	0.79
59	1.78	2.28	2.52
60	1.49	1.89	1.96
61	2.24	2.34	2.42
62	1.33	1.55	1.65
63	1.92	2.11	2.17
64	1.61	1.79	2.18
65	0.85	1.12	1.38
66	0.23	0.39	0.47
67	0.26	0.76	1.03
68	0.36	0.49	0.31
69	0.16	0.41	1.55
70	0.24	1.14	1.18
71	0.42	1.64	1.46
72	0.76	1.20	1.15
73	0.35	0.52	1.01
74	0.78	1.10	1.29
75	0.50	0.96	1.13
76	0.42	0.76	0.87
77	1.12	1.48	1.79
78	0.76	1.04	1.23
79	0.76	1.08	1.20
80	0.73	1.11	1.11
81	1.16	1.58	1.87
83	0.36	0.79	0.60
84	0.32	0.44	0.48
85	0.71	0.99	1.02
86	0.43	0.69	0.55
87	0.26	0.52	0.64
88	0.23	0.35	0.43
89	0.48	0.71	0.75
90	0.74	1.01	1.47
91	1.13	1.14	1.16
92	1.41	1.68	1.81
93	1.45	1.77	1.81
94	1.65	1.98	2.07
95	2.52	2.68	2.72
96	2.61	2.69	2.72
97	0.97	1.19	1.47
98	0.68	0.94	1.10
99	1.50	1.72	1.86
100	2.12	2.68	2.89
101	0.58	0.77	0.87
102	0.72	1.10	1.34
103	0.85	0.98	0.96
104	1.29	1.42	1.66
105	0.67	1.09	1.17
106	0.34	0.51	0.55
107	0.68	1.56	1.86
108	1.20	1.51	1.63
109	0.82	0.94	1.24
110	1.28	1.41	1.68
111	1.13	1.42	1.64
112	1.17	1.28	1.43
113	2.30	2.73	2.87
114	0.65	0.90	1.09
115	1.74	1.99	2.17
116	0.78	1.15	1.29
117	0.19	0.54	0.63
118	0.36	0.62	0.70
119	0.80	1.02	1.06
120	0.81	1.12	0.95
121	1.50	1.64	1.86
122	1.89	2.71	2.95
123	0.96	1.42	1.83
124	1.15	1.25	1.25
125	1.88	2.25	2.25
126	1.71	2.57	2.50
127	0.43	0.70	0.74
128	0.61	1.15	1.09
129	0.74	1.21	1.50
130	0.49	0.70	1.14
131	0.32	0.41	0.53
132	0.30	0.46	0.48
133	2.29	3.40	3.61
134	0.51	0.62	0.69
135	0.49	0.55	0.74
136	0.41	0.80	0.93
137	0.24	0.47	0.64
138	0.45	0.62	0.83
139	0.35	0.81	0.99
140	0.22	0.37	0.35
141	0.45	0.93	1.11
144	0.61	1.26	1.37
145	0.63	0.96	1.07
146	0.49	0.63	0.83
147	0.79	1.04	1.35
148	0.15	0.37	0.32
149	0.49	0.96	1.78
150	0.31	0.59	0.49
151	1.25	1.87	1.94
152	0.36	0.61	0.71
153	1.54	2.08	1.96
154	0.35	0.60	0.74
155	0.62	0.79	0.89
156	1.43	1.91	2.12
157	0.42	0.62	0.84
158	1.45	1.81	2.26
159	0.59	0.58	0.61
